BOEING 737 MIDSPAN AIRFOIL
	1.0000000   -0.0098450
	0.9811924   -0.0113853
	0.9623937   -0.0130264
	0.9435974   -0.0146687
	0.9248052   -0.0163127
	0.9060186   -0.0179589
	0.8872394   -0.0196075
	0.8684691   -0.0212591
	0.8497095   -0.0229141
	0.8309624   -0.0245726
	0.8122295   -0.0262342
	0.7935126   -0.0278982
	0.7748137   -0.0295638
	0.7561346   -0.0312304
	0.7374776   -0.0328973
	0.7188447   -0.0345638
	0.7002384   -0.0362291
	0.6816611   -0.0378925
	0.6631155   -0.0395520
	0.6446041   -0.0412042
	0.6261296   -0.0428454
	0.6076953   -0.0444720
	0.5893045   -0.0460801
	0.5709597   -0.0476525
	0.5526629   -0.0491547
	0.5344168   -0.0505572
	0.5162276   -0.0518720
	0.4981036   -0.0531279
	0.4800518   -0.0543245
	0.4620779   -0.0554305
	0.4441886   -0.0564144
	0.4263927   -0.0572610
	0.4087017   -0.0579754
	0.3911288   -0.0585642
	0.3736883   -0.0590316
	0.3563963   -0.0593788
	0.3392713   -0.0596073
	0.3223341   -0.0597235
	0.3056086   -0.0597409
	0.2891224   -0.0596661
	0.2729079   -0.0594911
	0.2570022   -0.0592081
	0.2414486   -0.0588117
	0.2262977   -0.0582910
	0.2116072   -0.0576330
	0.1974412   -0.0568326
	0.1838679   -0.0558997
	0.1709569   -0.0548535
	0.1587739   -0.0537173
	0.1473741   -0.0525172
	0.1367955   -0.0512738
	0.1270537   -0.0500007
	0.1181353   -0.0487133
	0.1100015   -0.0474261
	0.1025951   -0.0461514
	0.0958481   -0.0448981
	0.0896897   -0.0436733
	0.0840511   -0.0424839
	0.0788689   -0.0413340
	0.0740867   -0.0402250
	0.0696547   -0.0391563
	0.0655303   -0.0381250
	0.0616765   -0.0371274
	0.0580619   -0.0361601
	0.0546591   -0.0352203
	0.0514448   -0.0343052
	0.0483990   -0.0334122
	0.0455050   -0.0325375
	0.0427487   -0.0316776
	0.0401177   -0.0308293
	0.0376008   -0.0299900
	0.0351882   -0.0291578
	0.0328711   -0.0283306
	0.0306416   -0.0275069
	0.0284928   -0.0266854
	0.0264183   -0.0258646
	0.0244123   -0.0250436
	0.0224696   -0.0242211
	0.0205871   -0.0233939
	0.0187639   -0.0225549
	0.0169995   -0.0216975
	0.0152934   -0.0208156
	0.0136447   -0.0199042
	0.0120545   -0.0189579
	0.0105273   -0.0179711
	0.0090682   -0.0169384
	0.0076815   -0.0158545
	0.0063729   -0.0147139
	0.0051522   -0.0135089
	0.0040309   -0.0122329
	0.0030265   -0.0108851
	0.0021574   -0.0094659
	0.0014386   -0.0079776
	0.0008693   -0.0064333
	0.0004448   -0.0048487
	0.0001607   -0.0032388
	0.0000136   -0.0016181
	0.0000000    0.0000000
	0.0001133    0.0016072
	0.0003440    0.0031997
	0.0011221    0.0063252
	0.0016529    0.0078505
	0.0022675    0.0093454
	0.0029583    0.0108058
	0.0037199    0.0122317
	0.0045487    0.0136271
	0.0054417    0.0149956
	0.0063965    0.0163382
	0.0074113    0.0176546
	0.0084842    0.0189444
	0.0096142    0.0202085
	0.0108002    0.0214479
	0.0120414    0.0226636
	0.0133368    0.0238567
	0.0146860    0.0250284
	0.0160898    0.0261809
	0.0175486    0.0273163
	0.0190634    0.0284369
	0.0206348    0.0295450
	0.0222637    0.0306434
	0.0239509    0.0317348
	0.0256992    0.0328209
	0.0275128    0.0339021
	0.0293965    0.0349794
	0.0313556    0.0360531
	0.0333958    0.0371240
	0.0355235    0.0381927
	0.0377459    0.0392597
	0.0400709    0.0403257
	0.0425074    0.0413913
	0.0450651    0.0424571
	0.0477553    0.0435237
	0.0505901    0.0445918
	0.0535836    0.0456621
	0.0567521    0.0467354
	0.0601160    0.0478119
	0.0636993    0.0488919
	0.0675297    0.0499756
	0.0716391    0.0510634
	0.0760646    0.0521555
	0.0808494    0.0532519
	0.0860426    0.0543523
	0.0917000    0.0554564
	0.0978830    0.0565647
	0.1046569    0.0576783
	0.1120911    0.0587909
	0.1202533    0.0598893
	0.1292006    0.0609564
	0.1389717    0.0619724
	0.1495795    0.0629167
	0.1610087    0.0637707
	0.1732207    0.0645154
	0.1861593    0.0651365
	0.1997570    0.0656275
	0.2139421    0.0659905
	0.2286456    0.0662290
	0.2438045    0.0663433
	0.2593625    0.0663370
	0.2752699    0.0662118
	0.2914837    0.0659677
	0.3079663    0.0656053
	0.3246853    0.0651187
	0.3416120    0.0644967
	0.3587215    0.0637279
	0.3759923    0.0628034
	0.3934057    0.0617262
	0.4109457    0.0605039
	0.4285987    0.0591478
	0.4463539    0.0576767
	0.4642022    0.0561106
	0.4821337    0.0544511
	0.5001383    0.0526826
	0.5182064    0.0507896
	0.5363326    0.0487868
	0.5545164    0.0467244
	0.5727561    0.0446391
	0.5910455    0.0425199
	0.6093780    0.0403477
	0.6277491    0.0381192
	0.6461565    0.0358465
	0.6645983    0.0335425
	0.6830730    0.0312204
	0.7015790    0.0288934
	0.7201150    0.0265727
	0.7386789    0.0242618
	0.7572686    0.0219630
	0.7758821    0.0196782
	0.7945175    0.0174097
	0.8131731    0.0151596
	0.8318473    0.0129298
	0.8505370    0.0107126
	0.8692373    0.0084830
	0.8879428    0.0062140
	0.9066482    0.0038785
	0.9253483    0.0014495
	0.9440379   -0.0011003
	0.9627118   -0.0037978
	0.9813649   -0.0066704
