BOEING 737 ROOT AIRFOIL
	1.0000000   -0.0165585
	0.9809902   -0.0182683
	0.9619609   -0.0199702
	0.9429263   -0.0215975
	0.9238915   -0.0231832
	0.9048615   -0.0247605
	0.8858414   -0.0263625
	0.8668363   -0.0280223
	0.8478512   -0.0297726
	0.8288915   -0.0316462
	0.8099608   -0.0336621
	0.7910594   -0.0358043
	0.7721871   -0.0380513
	0.7533437   -0.0403816
	0.7345290   -0.0427739
	0.7157434   -0.0452069
	0.6969869   -0.0476595
	0.6782599   -0.0501106
	0.6595632   -0.0525395
	0.6408975   -0.0549254
	0.6222631   -0.0572444
	0.6036596   -0.0594687
	0.5850878   -0.0615752
	0.5665517   -0.0635530
	0.5480558   -0.0653937
	0.5296057   -0.0670946
	0.5112083   -0.0686598
	0.4928710   -0.0700946
	0.4746019   -0.0714107
	0.4564101   -0.0726240
	0.4383050   -0.0737465
	0.4202962   -0.0747710
	0.4023940   -0.0756839
	0.3846101   -0.0764739
	0.3669593   -0.0771489
	0.3494587   -0.0777279
	0.3321267   -0.0782240
	0.3149836   -0.0786437
	0.2980525   -0.0789931
	0.2813611   -0.0792784
	0.2649442   -0.0795029
	0.2488432   -0.0796697
	0.2331016   -0.0797762
	0.2177600   -0.0798041
	0.2028656   -0.0797360
	0.1884752   -0.0795566
	0.1746767   -0.0791689
	0.1615793   -0.0784212
	0.1492783   -0.0772163
	0.1378358   -0.0755615
	0.1272483   -0.0736817
	0.1174891   -0.0717915
	0.1085196   -0.0700319
	0.1002886   -0.0684835
	0.0927407   -0.0671652
	0.0858651   -0.0659162
	0.0796513   -0.0645576
	0.0740621   -0.0629911
	0.0690460   -0.0611748
	0.0645196   -0.0591772
	0.0603882   -0.0571183
	0.0565780   -0.0550802
	0.0530308   -0.0531166
	0.0497009   -0.0512617
	0.0465530   -0.0495346
	0.0435679   -0.0479221
	0.0407348   -0.0463983
	0.0380436   -0.0449424
	0.0354845   -0.0435379
	0.0330485   -0.0421717
	0.0307272   -0.0408332
	0.0285130   -0.0395136
	0.0263987   -0.0382058
	0.0243778   -0.0369038
	0.0224449   -0.0356027
	0.0205968   -0.0342995
	0.0188308   -0.0329913
	0.0171446   -0.0316760
	0.0155356   -0.0303514
	0.0140015   -0.0290156
	0.0125401   -0.0276667
	0.0111496   -0.0263031
	0.0098332   -0.0249208
	0.0085979   -0.0235146
	0.0074500   -0.0220794
	0.0063941   -0.0206118
	0.0054244   -0.0191162
	0.0045315   -0.0176000
	0.0037130   -0.0160672
	0.0029741   -0.0145173
	0.0023202   -0.0129500
	0.0017557   -0.0113649
	0.0012783   -0.0097642
	0.0008831   -0.0081513
	0.0005656   -0.0065291
	0.0003220   -0.0049003
	0.0001486   -0.0032675
	0.0000423   -0.0016333
	0.0000000    0.0000000
	0.0000192    0.0016300
	0.0002361    0.0048746
	0.0004332    0.0064886
	0.0006895    0.0080969
	0.0010053    0.0096990
	0.0013813    0.0112947
	0.0018181    0.0128834
	0.0023170    0.0144647
	0.0028793    0.0160377
	0.0035078    0.0176000
	0.0042058    0.0191486
	0.0049767    0.0206805
	0.0058227    0.0221939
	0.0067368    0.0236948
	0.0077090    0.0251917
	0.0087325    0.0266905
	0.0098124    0.0281867
	0.0109566    0.0296733
	0.0121742    0.0311421
	0.0134749    0.0325841
	0.0148698    0.0339891
	0.0163647    0.0353541
	0.0179567    0.0366875
	0.0196419    0.0379998
	0.0214153    0.0393030
	0.0232706    0.0406112
	0.0252000    0.0419410
	0.0271983    0.0433065
	0.0292724    0.0447089
	0.0314319    0.0461471
	0.0336883    0.0476188
	0.0360546    0.0491211
	0.0385462    0.0506494
	0.0411813    0.0521973
	0.0439812    0.0537562
	0.0469717    0.0553136
	0.0501836    0.0568528
	0.0536499    0.0583586
	0.0573994    0.0598289
	0.0614627    0.0612651
	0.0658735    0.0626702
	0.0706678    0.0640510
	0.0758831    0.0654196
	0.0815662    0.0667813
	0.0877825    0.0681195
	0.0946050    0.0694084
	0.1021103    0.0706117
	0.1103709    0.0716905
	0.1194453    0.0726132
	0.1293705    0.0733515
	0.1401544    0.0738868
	0.1517713    0.0742183
	0.1641664    0.0743640
	0.1772799    0.0743338
	0.1910484    0.0741430
	0.2054065    0.0738206
	0.2202877    0.0733841
	0.2356276    0.0728405
	0.2513681    0.0722004
	0.2674584    0.0714762
	0.2838560    0.0706780
	0.3005246    0.0698168
	0.3174335    0.0689037
	0.3345543    0.0679277
	0.3518605    0.0668512
	0.3693293    0.0656450
	0.3869438    0.0643270
	0.4046903    0.0629253
	0.4225538    0.0614332
	0.4405195    0.0598230
	0.4585737    0.0580675
	0.4767063    0.0561639
	0.4949098    0.0541290
	0.5131775    0.0519801
	0.5315035    0.0497284
	0.5498820    0.0473796
	0.5683082    0.0449392
	0.5867769    0.0424091
	0.6052827    0.0397883
	0.6238226    0.0370835
	0.6423950    0.0343107
	0.6609993    0.0314866
	0.6796345    0.0286280
	0.6983001    0.0257523
	0.7169955    0.0228770
	0.7357205    0.0200195
	0.7544749    0.0171977
	0.7732589    0.0144293
	0.7920727    0.0117322
	0.8109164    0.0091243
	0.8297907    0.0066236
	0.8486953    0.0042434
	0.8676241    0.0019520
	0.8865676   -0.0003082
	0.9055164   -0.0025948
	0.9244611   -0.0049659
	0.9433921   -0.0074797
	0.9623000   -0.0101943
	0.9811755   -0.0131678
