BOEING 737 OUTBOARD AIRFOIL
	1.0000000   -0.0007748
	0.9813738   -0.0023663
	0.9627408   -0.0039645
	0.9441104   -0.0055677
	0.9254842   -0.0071743
	0.9068635   -0.0087825
	0.8882498   -0.0103907
	0.8696447   -0.0119971
	0.8510495   -0.0136002
	0.8324661   -0.0151982
	0.8138958   -0.0167894
	0.7953406   -0.0183722
	0.7768023   -0.0199466
	0.7582832   -0.0215159
	0.7397856   -0.0230838
	0.7213122   -0.0246539
	0.7028655   -0.0262297
	0.6844481   -0.0278124
	0.6660617   -0.0293869
	0.6477075   -0.0309322
	0.6293870   -0.0324275
	0.6111021   -0.0338521
	0.5928550   -0.0351859
	0.5746486   -0.0364111
	0.5564875   -0.0375133
	0.5383766   -0.0384794
	0.5203218   -0.0393058
	0.5023299   -0.0399954
	0.4844083   -0.0405490
	0.4665654   -0.0409519
	0.4488108   -0.0411848
	0.4311547   -0.0412392
	0.4136080   -0.0411396
	0.3961828   -0.0409165
	0.3788939   -0.0405733
	0.3617607   -0.0400592
	0.3448046   -0.0393210
	0.3280456   -0.0383782
	0.3115003   -0.0373617
	0.2951889   -0.0364028
	0.2791410   -0.0355429
	0.2633986   -0.0346880
	0.2480097   -0.0337425
	0.2330257   -0.0326581
	0.2184992   -0.0314821
	0.2044887   -0.0302714
	0.1910578   -0.0290752
	0.1782732   -0.0279225
	0.1661986   -0.0268303
	0.1548883   -0.0258114
	0.1443790   -0.0248738
	0.1346844   -0.0240123
	0.1257925   -0.0232147
	0.1176664   -0.0224715
	0.1102514   -0.0217752
	0.1034822   -0.0211199
	0.0972905   -0.0205004
	0.0916096   -0.0199163
	0.0863776   -0.0193698
	0.0815392   -0.0188609
	0.0770460   -0.0183883
	0.0728558   -0.0179501
	0.0689325   -0.0175423
	0.0652449   -0.0171603
	0.0617661   -0.0168003
	0.0584732   -0.0164590
	0.0553462   -0.0161338
	0.0523678   -0.0158227
	0.0495229   -0.0155236
	0.0467987   -0.0152343
	0.0441842   -0.0149507
	0.0416700   -0.0146695
	0.0392475   -0.0143877
	0.0369089   -0.0141032
	0.0346475   -0.0138141
	0.0324571   -0.0135188
	0.0303319   -0.0132161
	0.0282670   -0.0129048
	0.0262577   -0.0125839
	0.0242997   -0.0122527
	0.0223890   -0.0119112
	0.0205211   -0.0115601
	0.0186922   -0.0112005
	0.0168987   -0.0108331
	0.0151373   -0.0104584
	0.0134049   -0.0100770
	0.0116988   -0.0096886
	0.0100251   -0.0092727
	0.0083977   -0.0087900
	0.0068296   -0.0082037
	0.0053139   -0.0075211
	0.0038366   -0.0067770
	0.0024893   -0.0058586
	0.0013895   -0.0046405
	0.0005864   -0.0031882
	0.0001129   -0.0016078
	0.0000000    0.0000000
	0.0002306    0.0015762
	0.0007382    0.0031036
	0.0014560    0.0045671
	0.0032669    0.0072440
	0.0042852    0.0084531
	0.0053771    0.0095966
	0.0065394    0.0106877
	0.0077572    0.0117320
	0.0090180    0.0127350
	0.0103173    0.0137032
	0.0116513    0.0146436
	0.0130163    0.0155633
	0.0144107    0.0164670
	0.0158351    0.0173564
	0.0172909    0.0182327
	0.0187792    0.0190972
	0.0203014    0.0199513
	0.0218590    0.0207963
	0.0234535    0.0216335
	0.0250866    0.0224645
	0.0267603    0.0232906
	0.0284773    0.0241128
	0.0302410    0.0249320
	0.0320546    0.0257490
	0.0339220    0.0265650
	0.0358472    0.0273807
	0.0378349    0.0281975
	0.0398900    0.0290165
	0.0420180    0.0298390
	0.0442249    0.0306664
	0.0465174    0.0315005
	0.0489031    0.0323431
	0.0513901    0.0331962
	0.0539885    0.0340618
	0.0567098    0.0349413
	0.0595672    0.0358364
	0.0625758    0.0367488
	0.0657530    0.0376806
	0.0691187    0.0386340
	0.0726961    0.0396118
	0.0765118    0.0406167
	0.0805971    0.0416516
	0.0849885    0.0427181
	0.0897285    0.0438174
	0.0948660    0.0449503
	0.1004567    0.0461162
	0.1065627    0.0473139
	0.1132514    0.0485425
	0.1205925    0.0498011
	0.1286521    0.0510878
	0.1374857    0.0524010
	0.1471295    0.0537408
	0.1575943    0.0551094
	0.1688671    0.0564944
	0.1809128    0.0578702
	0.1936789    0.0592083
	0.2071027    0.0604794
	0.2211170    0.0616513
	0.2356549    0.0626891
	0.2506538    0.0635583
	0.2660567    0.0642449
	0.2818121    0.0648119
	0.2978743    0.0653510
	0.3142038    0.0659419
	0.3307700    0.0665243
	0.3475489    0.0669776
	0.3645195    0.0671935
	0.3816607    0.0671898
	0.3989525    0.0670376
	0.4163772    0.0667971
	0.4339206    0.0664555
	0.4515702    0.0659765
	0.4693148    0.0653312
	0.4871436    0.0645158
	0.5050467    0.0635316
	0.5230150    0.0623779
	0.5410400    0.0610504
	0.5591142    0.0595446
	0.5772311    0.0578639
	0.5953853    0.0560192
	0.6135721    0.0540222
	0.6317880    0.0518861
	0.6500305    0.0496252
	0.6682971    0.0472538
	0.6865860    0.0447865
	0.7048954    0.0422382
	0.7232240    0.0396239
	0.7415715    0.0369587
	0.7599378    0.0342578
	0.7783229    0.0315365
	0.7967271    0.0288103
	0.8151504    0.0260931
	0.8335912    0.0233875
	0.8520475    0.0206917
	0.8705170    0.0180036
	0.8889977    0.0153210
	0.9074877    0.0126419
	0.9259849    0.0099642
	0.9444874    0.0072859
	0.9629934    0.0046046
	0.9815010    0.0019185
