BOEING 737 MIDSPAN AIRFOIL
	1.0000000   -0.0003279
	0.9814160   -0.0018644
	0.9628116   -0.0034704
	0.9442139   -0.0051298
	0.9256230   -0.0068262
	0.9070393   -0.0085432
	0.8884630   -0.0102645
	0.8698944   -0.0119740
	0.8513338   -0.0136552
	0.8327816   -0.0152921
	0.8142384   -0.0168686
	0.7957046   -0.0183687
	0.7771809   -0.0197765
	0.7586691   -0.0210837
	0.7401722   -0.0222937
	0.7216939   -0.0234134
	0.7032377   -0.0244618
	0.6848075   -0.0254607
	0.6664071   -0.0264318
	0.6480407   -0.0273965
	0.6297127   -0.0283762
	0.6114274   -0.0293870
	0.5931877   -0.0304156
	0.5749964   -0.0314372
	0.5568564   -0.0324274
	0.5387712   -0.0333623
	0.5207454   -0.0342287
	0.5027855   -0.0350332
	0.4848985   -0.0357839
	0.4670914   -0.0364678
	0.4493707   -0.0370413
	0.4317451   -0.0374690
	0.4142261   -0.0377361
	0.3968268   -0.0378312
	0.3795620   -0.0377485
	0.3624484   -0.0374936
	0.3455052   -0.0370750
	0.3287532   -0.0365070
	0.3122163   -0.0358093
	0.2959215   -0.0350012
	0.2799002   -0.0341039
	0.2641874   -0.0331440
	0.2488237   -0.0321484
	0.2338566   -0.0311361
	0.2193412   -0.0301071
	0.2053394   -0.0290601
	0.1919176   -0.0279992
	0.1791436   -0.0269412
	0.1670821   -0.0259054
	0.1557874   -0.0249085
	0.1452960   -0.0239625
	0.1356199   -0.0230733
	0.1267448   -0.0222433
	0.1186330   -0.0214727
	0.1112290   -0.0207591
	0.1044677   -0.0200988
	0.0982822   -0.0194840
	0.0926083   -0.0189055
	0.0873856   -0.0183565
	0.0825600   -0.0178316
	0.0780828   -0.0173283
	0.0739091   -0.0168539
	0.0699995   -0.0164164
	0.0663207   -0.0160205
	0.0628447   -0.0156682
	0.0595477   -0.0153603
	0.0564092   -0.0150963
	0.0534120   -0.0148743
	0.0505440   -0.0146814
	0.0477956   -0.0145017
	0.0451580   -0.0143228
	0.0426234   -0.0141351
	0.0401844   -0.0139307
	0.0378342   -0.0137037
	0.0355668   -0.0134491
	0.0333767   -0.0131630
	0.0312585   -0.0128422
	0.0292078   -0.0124841
	0.0272201   -0.0120863
	0.0252915   -0.0116471
	0.0234183   -0.0111647
	0.0215973   -0.0106375
	0.0198247   -0.0100663
	0.0180908   -0.0094779
	0.0163820   -0.0089147
	0.0146858   -0.0084155
	0.0129909   -0.0080156
	0.0112897   -0.0077368
	0.0096009   -0.0075030
	0.0079562   -0.0071919
	0.0063842   -0.0066915
	0.0048859   -0.0060077
	0.0034514   -0.0052297
	0.0021501   -0.0042581
	0.0010721   -0.0030041
	0.0003206   -0.0015478
	0.0000000    0.0000000
	0.0001476    0.0015540
	0.0006597    0.0030796
	0.0014167    0.0045488
	0.0032540    0.0072244
	0.0042730    0.0084287
	0.0053659    0.0095570
	0.0065388    0.0106195
	0.0077777    0.0116333
	0.0090500    0.0126199
	0.0103495    0.0135843
	0.0116783    0.0145264
	0.0130388    0.0154461
	0.0144327    0.0163435
	0.0158610    0.0172205
	0.0173239    0.0180791
	0.0188220    0.0189217
	0.0203559    0.0197506
	0.0219262    0.0205680
	0.0235335    0.0213766
	0.0251787    0.0221787
	0.0268642    0.0229757
	0.0285927    0.0237682
	0.0303676    0.0245569
	0.0321924    0.0253427
	0.0340709    0.0261262
	0.0360072    0.0269082
	0.0380059    0.0276897
	0.0400722    0.0284715
	0.0422115    0.0292546
	0.0444301    0.0300400
	0.0467347    0.0308290
	0.0491330    0.0316227
	0.0516335    0.0324229
	0.0542460    0.0332308
	0.0569821    0.0340482
	0.0598548    0.0348767
	0.0628793    0.0357184
	0.0660725    0.0365757
	0.0694543    0.0374515
	0.0730473    0.0383493
	0.0768778    0.0392736
	0.0809761    0.0402299
	0.0853777    0.0412225
	0.0901253    0.0422526
	0.0952681    0.0433197
	0.1008622    0.0444218
	0.1069704    0.0455574
	0.1136601    0.0467250
	0.1210008    0.0479219
	0.1290590    0.0491433
	0.1378904    0.0503823
	0.1475322    0.0516310
	0.1579964    0.0528817
	0.1692695    0.0541200
	0.1813156    0.0553265
	0.1940804    0.0564830
	0.2074992    0.0575747
	0.2215034    0.0585880
	0.2360267    0.0595077
	0.2510068    0.0603212
	0.2663878    0.0610174
	0.2821201    0.0615844
	0.2981604    0.0620108
	0.3144712    0.0622965
	0.3310212    0.0624720
	0.3477839    0.0625769
	0.3647354    0.0626246
	0.3818515    0.0625271
	0.3991098    0.0621696
	0.4164931    0.0615072
	0.4339993    0.0607914
	0.4516314    0.0603492
	0.4693719    0.0601306
	0.4871743    0.0595625
	0.5049970    0.0581183
	0.5228469    0.0559636
	0.5407525    0.0535715
	0.5587427    0.0514074
	0.5768201    0.0495935
	0.5949647    0.0479524
	0.6131560    0.0462940
	0.6313805    0.0445052
	0.6496402    0.0426401
	0.6679386    0.0407717
	0.6862749    0.0389250
	0.7046442    0.0370866
	0.7230420    0.0352416
	0.7414636    0.0333753
	0.7599048    0.0314724
	0.7783614    0.0295180
	0.7968290    0.0274968
	0.8153038    0.0253934
	0.8337818    0.0231925
	0.8522590    0.0208786
	0.8707317    0.0184363
	0.8891968    0.0158555
	0.9076564    0.0131653
	0.9261149    0.0104111
	0.9445768    0.0076388
	0.9630464    0.0048943
	0.9815282    0.0022234
