 ---------------------------------------------------------------
 Surface and Strip Forces by surface

  Sref =  124.86       Cref =  4.4875       Bref =  34.320    
  Xref =  19.176       Yref =  0.0000       Zref =-0.30757E-02

  Surface # 1     main_wing                               
     # Chordwise = 10   # Spanwise = 30     First strip =  1
     Surface area Ssurf =   63.968838     Ave. chord Cave =    3.715026

 Forces referred to Sref, Cref, Bref about Xref, Yref, Zref
 Standard axis orientation,  X fwd, Z down         
     CLsurf  =   0.10008     Clsurf  =  -0.01601
     CYsurf  =  -0.00684     Cmsurf  =   0.00921
     CDsurf  =   0.00137     Cnsurf  =  -0.00002
     CDisurf =   0.00137     CDvsurf =   0.00000

 Forces referred to Ssurf, Cave 
     CLsurf  =   0.19580     CDsurf  =   0.00268

 Strip Forces referred to Strip Area, Chord
    j     Xle      Yle      Zle      Chord    Area     c_cl     ai     cl_norm    cl       cd       cdv    cm_c/4     cm_LE   C.P.x/c
     1  13.6181   0.0114  -0.9295   7.7520   0.3539   1.7063   0.0494   0.2838   0.2201   0.0847   0.0000  -0.0150  -0.0571    0.318
     2  13.6830   0.1025  -0.9255   7.6885   1.0492   1.6492   0.0488   0.2766   0.2145   0.0182   0.0000  -0.0150  -0.0559    0.320
     3  13.8120   0.2837  -0.9176   7.5620   1.7073   1.6409   0.0471   0.2798   0.2170   0.0138   0.0000  -0.0142  -0.0558    0.316
     4  14.0037   0.5530  -0.9059   7.3741   2.3052   1.6283   0.0445   0.2847   0.2208   0.0122   0.0000  -0.0131  -0.0557    0.309
     5  14.2560   0.9075  -0.8904   7.1267   2.8223   1.6043   0.0412   0.2902   0.2251   0.0106   0.0000  -0.0120  -0.0556    0.303
     6  14.5662   1.3432  -0.8714   6.8226   3.2414   1.5638   0.0389   0.2955   0.2292   0.0090   0.0000  -0.0110  -0.0557    0.298
     7  14.9309   1.8554  -0.8490   6.4651   3.5491   1.5029   0.0409   0.2997   0.2325   0.0072   0.0000  -0.0105  -0.0559    0.295
     8  15.3460   2.4386  -0.8236   6.0582   3.7368   1.4187   0.0413   0.3019   0.2342   0.0053   0.0000  -0.0104  -0.0562    0.295
     9  15.8070   3.0862  -0.7953   5.6062   3.8005   1.3110   0.0327   0.3015   0.2338   0.0031   0.0000  -0.0109  -0.0566    0.297
    10  16.2877   3.7613  -0.7658   5.1351   3.4440   1.1891   0.0226   0.2986   0.2316   0.0013   0.0000  -0.0116  -0.0567    0.300
    11  16.7803   4.4532  -0.7356   4.6522   3.3149   1.0598   0.0131   0.2937   0.2278  -0.0002   0.0000  -0.0124  -0.0565    0.304
    12  17.2999   5.1831  -0.7037   4.1429   3.0930   0.9229   0.0005   0.2872   0.2228  -0.0020   0.0000  -0.0134  -0.0563    0.310
    13  17.8026   6.0123  -0.6437   3.7903   3.4706   0.7984  -0.0065   0.2565   0.2106  -0.0025   0.0000  -0.0139  -0.0592    0.316
    14  18.2809   6.9353  -0.5549   3.6075   3.3775   0.7070  -0.0034   0.2387   0.1960  -0.0019   0.0000  -0.0146  -0.0565    0.325
    15  18.7672   7.8737  -0.4645   3.4215   3.2389   0.6311  -0.0014   0.2247   0.1845  -0.0016   0.0000  -0.0155  -0.0547    0.334
    16  19.2562   8.8172  -0.3736   3.2345   3.0619   0.5652  -0.0003   0.2128   0.1747  -0.0013   0.0000  -0.0164  -0.0534    0.344
    17  19.7425   9.7556  -0.2833   3.0486   2.8543   0.5059  -0.0000   0.2021   0.1660  -0.0011   0.0000  -0.0177  -0.0526    0.357
    18  20.2208  10.6786  -0.1944   2.8657   2.6239   0.4516  -0.0004   0.1919   0.1576  -0.0009   0.0000  -0.0195  -0.0524    0.374
    19  20.6858  11.5760  -0.1080   2.6879   2.3787   0.4022  -0.0013   0.1822   0.1496  -0.0005   0.0000  -0.0235  -0.0541    0.407
    20  21.1299  12.4328  -0.0255   2.5181   2.1010   0.3600  -0.0016   0.1741   0.1430  -0.0015   0.0000  -0.0408  -0.0680    0.536
    21  21.5482  13.2400   0.0523   2.3582   1.8520   0.3255  -0.0010   0.1681   0.1381  -0.0012   0.0000  -0.0429  -0.0688    0.561
    22  21.9390  13.9941   0.1249   2.2087   1.6074   0.2966   0.0002   0.1635   0.1343  -0.0010   0.0000  -0.0433  -0.0684    0.573
    23  22.2979  14.6868   0.1916   2.0715   1.3716   0.2712   0.0021   0.1594   0.1309  -0.0009   0.0000  -0.0433  -0.0675    0.580
    24  22.6211  15.3105   0.2516   1.9479   1.1479   0.2471   0.0047   0.1545   0.1269  -0.0008   0.0000  -0.0425  -0.0660    0.585
    25  22.9051  15.8583   0.3044   1.8393   0.9381   0.2216   0.0082   0.1467   0.1205  -0.0009   0.0000  -0.0405  -0.0628    0.586
    26  23.1466  16.3244   0.3493   1.7470   0.7427   0.1910   0.0119   0.1332   0.1094  -0.0016   0.0000  -0.0356  -0.0559    0.575
    27  23.5299  16.6722   0.3828   1.4928   0.4131   0.1550   0.0149   0.3466   0.1038  -0.0000   0.0000  -0.0173  -0.0202    0.417
    28  23.9809  16.9098   0.4056   1.1466   0.2292   0.1164   0.0185   0.3388   0.1015  -0.0010   0.0000  -0.0107  -0.0169    0.356
    29  24.2843  17.0696   0.4210   0.9138   0.1104   0.0727   0.0216   0.2654   0.0795  -0.0016   0.0000  -0.0039  -0.0111    0.299
    30  24.4368  17.1499   0.4287   0.7967   0.0322   0.0248   0.0237   0.1038   0.0311  -0.0012   0.0000  -0.0004  -0.0038    0.262

  Surface # 2     main_wing (YDUP)                        
     # Chordwise = 10   # Spanwise = 30     First strip = 31
     Surface area Ssurf =   63.968838     Ave. chord Cave =    3.715026

 Forces referred to Sref, Cref, Bref about Xref, Yref, Zref
 Standard axis orientation,  X fwd, Z down         
     CLsurf  =   0.10008     Clsurf  =   0.01601
     CYsurf  =   0.00684     Cmsurf  =   0.00921
     CDsurf  =   0.00137     Cnsurf  =   0.00002
     CDisurf =   0.00137     CDvsurf =   0.00000

 Forces referred to Ssurf, Cave 
     CLsurf  =   0.19580     CDsurf  =   0.00268

 Strip Forces referred to Strip Area, Chord
    j     Xle      Yle      Zle      Chord    Area     c_cl     ai     cl_norm    cl       cd       cdv    cm_c/4     cm_LE   C.P.x/c
    31  13.6181  -0.0114  -0.9295   7.7520   0.3539   1.7063   0.0494   0.2838   0.2201   0.0847   0.0000  -0.0150   0.0571    0.318
    32  13.6830  -0.1025  -0.9255   7.6885   1.0492   1.6492   0.0488   0.2766   0.2145   0.0182   0.0000  -0.0150   0.0559    0.320
    33  13.8120  -0.2837  -0.9176   7.5620   1.7073   1.6409   0.0471   0.2798   0.2170   0.0138   0.0000  -0.0142   0.0558    0.316
    34  14.0037  -0.5530  -0.9059   7.3741   2.3052   1.6283   0.0445   0.2847   0.2208   0.0122   0.0000  -0.0131   0.0557    0.309
    35  14.2560  -0.9075  -0.8904   7.1267   2.8223   1.6043   0.0412   0.2902   0.2251   0.0106   0.0000  -0.0120   0.0556    0.303
    36  14.5662  -1.3432  -0.8714   6.8226   3.2414   1.5638   0.0389   0.2955   0.2292   0.0090   0.0000  -0.0110   0.0557    0.298
    37  14.9309  -1.8554  -0.8490   6.4651   3.5491   1.5029   0.0409   0.2997   0.2325   0.0072   0.0000  -0.0105   0.0559    0.295
    38  15.3460  -2.4386  -0.8236   6.0582   3.7368   1.4187   0.0413   0.3019   0.2342   0.0053   0.0000  -0.0104   0.0562    0.295
    39  15.8070  -3.0862  -0.7953   5.6062   3.8005   1.3110   0.0327   0.3015   0.2338   0.0031   0.0000  -0.0109   0.0566    0.297
    40  16.2877  -3.7613  -0.7658   5.1351   3.4440   1.1891   0.0226   0.2986   0.2316   0.0013   0.0000  -0.0116   0.0567    0.300
    41  16.7803  -4.4532  -0.7356   4.6522   3.3149   1.0598   0.0131   0.2937   0.2278  -0.0002   0.0000  -0.0124   0.0565    0.304
    42  17.2999  -5.1831  -0.7037   4.1429   3.0930   0.9229   0.0005   0.2872   0.2228  -0.0020   0.0000  -0.0134   0.0563    0.310
    43  17.8026  -6.0123  -0.6437   3.7903   3.4706   0.7984  -0.0065   0.2565   0.2106  -0.0025   0.0000  -0.0139   0.0592    0.316
    44  18.2809  -6.9353  -0.5549   3.6075   3.3775   0.7070  -0.0034   0.2387   0.1960  -0.0019   0.0000  -0.0146   0.0565    0.325
    45  18.7672  -7.8737  -0.4645   3.4215   3.2389   0.6311  -0.0014   0.2247   0.1845  -0.0016   0.0000  -0.0155   0.0547    0.334
    46  19.2562  -8.8172  -0.3736   3.2345   3.0619   0.5652  -0.0003   0.2128   0.1747  -0.0013   0.0000  -0.0164   0.0534    0.344
    47  19.7425  -9.7556  -0.2833   3.0486   2.8543   0.5059  -0.0000   0.2021   0.1660  -0.0011   0.0000  -0.0177   0.0526    0.357
    48  20.2208 -10.6786  -0.1944   2.8657   2.6239   0.4516  -0.0004   0.1919   0.1576  -0.0009   0.0000  -0.0195   0.0524    0.374
    49  20.6858 -11.5760  -0.1080   2.6879   2.3787   0.4022  -0.0013   0.1822   0.1496  -0.0005   0.0000  -0.0235   0.0541    0.407
    50  21.1299 -12.4328  -0.0255   2.5181   2.1010   0.3600  -0.0016   0.1741   0.1430  -0.0015   0.0000  -0.0408   0.0680    0.536
    51  21.5482 -13.2400   0.0523   2.3582   1.8520   0.3255  -0.0010   0.1681   0.1381  -0.0012   0.0000  -0.0429   0.0688    0.561
    52  21.9390 -13.9941   0.1249   2.2087   1.6074   0.2966   0.0002   0.1635   0.1343  -0.0010   0.0000  -0.0433   0.0684    0.573
    53  22.2979 -14.6868   0.1916   2.0715   1.3716   0.2712   0.0021   0.1594   0.1309  -0.0009   0.0000  -0.0433   0.0675    0.580
    54  22.6211 -15.3105   0.2516   1.9479   1.1479   0.2471   0.0047   0.1545   0.1269  -0.0008   0.0000  -0.0425   0.0660    0.585
    55  22.9051 -15.8583   0.3044   1.8393   0.9381   0.2216   0.0082   0.1467   0.1205  -0.0009   0.0000  -0.0405   0.0628    0.586
    56  23.1466 -16.3244   0.3493   1.7470   0.7427   0.1910   0.0119   0.1332   0.1094  -0.0016   0.0000  -0.0356   0.0559    0.575
    57  23.5299 -16.6722   0.3828   1.4928   0.4131   0.1550   0.0149   0.3466   0.1038  -0.0000   0.0000  -0.0173   0.0202    0.417
    58  23.9809 -16.9098   0.4056   1.1466   0.2292   0.1164   0.0185   0.3388   0.1015  -0.0010   0.0000  -0.0107   0.0169    0.356
    59  24.2843 -17.0696   0.4210   0.9138   0.1104   0.0727   0.0216   0.2654   0.0795  -0.0016   0.0000  -0.0039   0.0111    0.299
    60  24.4368 -17.1499   0.4287   0.7967   0.0322   0.0248   0.0237   0.1038   0.0311  -0.0012   0.0000  -0.0004   0.0038    0.262

  Surface # 3     horizontal_stabilizer                   
     # Chordwise = 10   # Spanwise = 30     First strip = 61
     Surface area Ssurf =   20.744605     Ave. chord Cave =    2.848571

 Forces referred to Sref, Cref, Bref about Xref, Yref, Zref
 Standard axis orientation,  X fwd, Z down         
     CLsurf  =  -0.01412     Clsurf  =   0.00127
     CYsurf  =   0.00227     Cmsurf  =   0.05161
     CDsurf  =  -0.00021     Cnsurf  =  -0.00111
     CDisurf =  -0.00021     CDvsurf =   0.00000

 Forces referred to Ssurf, Cave 
     CLsurf  =  -0.08610     CDsurf  =  -0.00125

 Strip Forces referred to Strip Area, Chord
    j     Xle      Yle      Zle      Chord    Area     c_cl     ai     cl_norm    cl       cd       cdv    cm_c/4     cm_LE   C.P.x/c
    61  33.0230   0.0046   1.4667   4.2713   0.0803  -0.3346   0.0118  -0.1010  -0.0783   0.0161   0.0000   0.0041   0.0200    0.302
    62  33.0469   0.0418   1.4723   4.2566   0.2392  -0.3591   0.0115  -0.1088  -0.0844   0.0005   0.0000   0.0039   0.0211    0.296
    63  33.0943   0.1156   1.4835   4.2274   0.3930  -0.3610   0.0112  -0.1101  -0.0854  -0.0005   0.0000   0.0036   0.0211    0.293
    64  33.1649   0.2254   1.5002   4.1839   0.5386  -0.3614   0.0108  -0.1114  -0.0864  -0.0008   0.0000   0.0032   0.0209    0.287
    65  33.2578   0.3698   1.5221   4.1268   0.6730  -0.3613   0.0105  -0.1129  -0.0875  -0.0009   0.0000   0.0026   0.0207    0.280
    66  33.3719   0.5474   1.5490   4.0565   0.7936  -0.3606   0.0102  -0.1146  -0.0889  -0.0011   0.0000   0.0020   0.0204    0.272
    67  33.5097   0.7617   1.5816   3.9717   0.9441  -0.3590   0.0100  -0.1166  -0.0904  -0.0012   0.0000   0.0014   0.0202    0.265
    68  33.6704   1.0116   1.6195   3.8728   1.0344  -0.3561   0.0100  -0.1186  -0.0919  -0.0014   0.0000   0.0008   0.0201    0.259
    69  33.8488   1.2891   1.6616   3.7630   1.1046  -0.3516   0.0102  -0.1205  -0.0934  -0.0015   0.0000   0.0003   0.0200    0.253
    70  34.0430   1.5912   1.7075   3.6435   1.1542  -0.3451   0.0107  -0.1222  -0.0947  -0.0016   0.0000  -0.0001   0.0199    0.249
    71  34.2510   1.9146   1.7565   3.5155   1.1831  -0.3363   0.0111  -0.1234  -0.0957  -0.0017   0.0000  -0.0004   0.0198    0.246
    72  34.4703   2.2558   1.8083   3.3805   1.1921  -0.3252   0.0113  -0.1241  -0.0962  -0.0017   0.0000  -0.0007   0.0197    0.243
    73  34.6987   2.6109   1.8622   3.2400   1.1821  -0.3116   0.0111  -0.1241  -0.0962  -0.0017   0.0000  -0.0009   0.0196    0.241
    74  34.9335   2.9762   1.9177   3.0955   1.1548  -0.2959   0.0106  -0.1233  -0.0956  -0.0017   0.0000  -0.0010   0.0193    0.240
    75  35.1723   3.3476   1.9740   2.9485   1.1122  -0.2782   0.0099  -0.1217  -0.0944  -0.0017   0.0000  -0.0010   0.0190    0.239
    76  35.4124   3.7210   2.0307   2.8008   1.0564  -0.2591   0.0092  -0.1193  -0.0925  -0.0016   0.0000  -0.0011   0.0186    0.238
    77  35.6512   4.0924   2.0871   2.6538   0.9900  -0.2392   0.0084  -0.1163  -0.0901  -0.0015   0.0000  -0.0011   0.0181    0.238
    78  35.8861   4.4577   2.1425   2.5093   0.9155  -0.2189   0.0077  -0.1125  -0.0872  -0.0014   0.0000  -0.0011   0.0175    0.237
    79  36.1144   4.8128   2.1964   2.3687   0.8353  -0.1987   0.0070  -0.1082  -0.0839  -0.0013   0.0000  -0.0011   0.0167    0.236
    80  36.3338   5.1540   2.2482   2.2338   0.7518  -0.1790   0.0063  -0.1034  -0.0801  -0.0012   0.0000  -0.0012   0.0159    0.235
    81  36.5417   5.4774   2.2973   2.1058   0.6671  -0.1601   0.0057  -0.0981  -0.0760  -0.0011   0.0000  -0.0013   0.0149    0.233
    82  36.7359   5.7795   2.3431   1.9862   0.5830  -0.1421   0.0051  -0.0923  -0.0715  -0.0010   0.0000  -0.0015   0.0138    0.229
    83  36.9144   6.0570   2.3852   1.8764   0.5012  -0.1249   0.0045  -0.0859  -0.0666  -0.0009   0.0000  -0.0018   0.0125    0.223
    84  37.0750   6.3069   2.4232   1.7776   0.4225  -0.1086   0.0039  -0.0788  -0.0611  -0.0008   0.0000  -0.0021   0.0111    0.215
    85  37.2162   6.5264   2.4565   1.6907   0.3478  -0.0928   0.0033  -0.0708  -0.0549  -0.0007   0.0000  -0.0025   0.0095    0.205
    86  37.3480   6.7314   2.4876   1.6096   0.3326  -0.0766   0.0027  -0.0614  -0.0476  -0.0006   0.0000  -0.0028   0.0077    0.191
    87  37.4657   6.9144   2.5154   1.5372   0.2507  -0.0595   0.0022  -0.0500  -0.0387  -0.0005   0.0000  -0.0029   0.0057    0.174
    88  37.5551   7.0535   2.5365   1.4822   0.1746  -0.0425   0.0018  -0.0370  -0.0287  -0.0004   0.0000  -0.0027   0.0038    0.155
    89  37.6153   7.1471   2.5508   1.4451   0.1029  -0.0255   0.0016  -0.0228  -0.0176  -0.0003   0.0000  -0.0020   0.0021    0.139
    90  37.6455   7.1941   2.5579   1.4265   0.0340  -0.0085   0.0014  -0.0077  -0.0060  -0.0001   0.0000  -0.0007   0.0007    0.130

  Surface # 4     horizontal_stabilizer (YDUP)            
     # Chordwise = 10   # Spanwise = 30     First strip = 91
     Surface area Ssurf =   20.744605     Ave. chord Cave =    2.848571

 Forces referred to Sref, Cref, Bref about Xref, Yref, Zref
 Standard axis orientation,  X fwd, Z down         
     CLsurf  =  -0.01412     Clsurf  =  -0.00127
     CYsurf  =  -0.00227     Cmsurf  =   0.05161
     CDsurf  =  -0.00021     Cnsurf  =   0.00111
     CDisurf =  -0.00021     CDvsurf =   0.00000

 Forces referred to Ssurf, Cave 
     CLsurf  =  -0.08610     CDsurf  =  -0.00125

 Strip Forces referred to Strip Area, Chord
    j     Xle      Yle      Zle      Chord    Area     c_cl     ai     cl_norm    cl       cd       cdv    cm_c/4     cm_LE   C.P.x/c
    91  33.0230  -0.0046   1.4667   4.2713   0.0803  -0.3346   0.0118  -0.1010  -0.0783   0.0161   0.0000   0.0041  -0.0200    0.302
    92  33.0469  -0.0418   1.4723   4.2566   0.2392  -0.3591   0.0115  -0.1088  -0.0844   0.0005   0.0000   0.0039  -0.0211    0.296
    93  33.0943  -0.1156   1.4835   4.2274   0.3930  -0.3610   0.0112  -0.1101  -0.0854  -0.0005   0.0000   0.0036  -0.0211    0.293
    94  33.1649  -0.2254   1.5002   4.1839   0.5386  -0.3614   0.0108  -0.1114  -0.0864  -0.0008   0.0000   0.0032  -0.0209    0.287
    95  33.2578  -0.3698   1.5221   4.1268   0.6730  -0.3613   0.0105  -0.1129  -0.0875  -0.0009   0.0000   0.0026  -0.0207    0.280
    96  33.3719  -0.5474   1.5490   4.0565   0.7936  -0.3606   0.0102  -0.1146  -0.0889  -0.0011   0.0000   0.0020  -0.0204    0.272
    97  33.5097  -0.7617   1.5816   3.9717   0.9441  -0.3590   0.0100  -0.1166  -0.0904  -0.0012   0.0000   0.0014  -0.0202    0.265
    98  33.6704  -1.0116   1.6195   3.8728   1.0344  -0.3561   0.0100  -0.1186  -0.0919  -0.0014   0.0000   0.0008  -0.0201    0.259
    99  33.8488  -1.2891   1.6616   3.7630   1.1046  -0.3516   0.0102  -0.1205  -0.0934  -0.0015   0.0000   0.0003  -0.0200    0.253
   100  34.0430  -1.5912   1.7075   3.6435   1.1542  -0.3451   0.0107  -0.1222  -0.0947  -0.0016   0.0000  -0.0001  -0.0199    0.249
   101  34.2510  -1.9146   1.7565   3.5155   1.1831  -0.3363   0.0111  -0.1234  -0.0957  -0.0017   0.0000  -0.0004  -0.0198    0.246
   102  34.4703  -2.2558   1.8083   3.3805   1.1921  -0.3252   0.0113  -0.1241  -0.0962  -0.0017   0.0000  -0.0007  -0.0197    0.243
   103  34.6987  -2.6109   1.8622   3.2400   1.1821  -0.3116   0.0111  -0.1241  -0.0962  -0.0017   0.0000  -0.0009  -0.0196    0.241
   104  34.9335  -2.9762   1.9177   3.0955   1.1548  -0.2959   0.0106  -0.1233  -0.0956  -0.0017   0.0000  -0.0010  -0.0193    0.240
   105  35.1723  -3.3476   1.9740   2.9485   1.1122  -0.2782   0.0099  -0.1217  -0.0944  -0.0017   0.0000  -0.0010  -0.0190    0.239
   106  35.4124  -3.7210   2.0307   2.8008   1.0564  -0.2591   0.0092  -0.1193  -0.0925  -0.0016   0.0000  -0.0011  -0.0186    0.238
   107  35.6512  -4.0924   2.0871   2.6538   0.9900  -0.2392   0.0084  -0.1163  -0.0901  -0.0015   0.0000  -0.0011  -0.0181    0.238
   108  35.8861  -4.4577   2.1425   2.5093   0.9155  -0.2189   0.0077  -0.1125  -0.0872  -0.0014   0.0000  -0.0011  -0.0175    0.237
   109  36.1144  -4.8128   2.1964   2.3687   0.8353  -0.1987   0.0070  -0.1082  -0.0839  -0.0013   0.0000  -0.0011  -0.0167    0.236
   110  36.3338  -5.1540   2.2482   2.2338   0.7518  -0.1790   0.0063  -0.1034  -0.0801  -0.0012   0.0000  -0.0012  -0.0159    0.235
   111  36.5417  -5.4774   2.2973   2.1058   0.6671  -0.1601   0.0057  -0.0981  -0.0760  -0.0011   0.0000  -0.0013  -0.0149    0.233
   112  36.7359  -5.7795   2.3431   1.9862   0.5830  -0.1421   0.0051  -0.0923  -0.0715  -0.0010   0.0000  -0.0015  -0.0138    0.229
   113  36.9144  -6.0570   2.3852   1.8764   0.5012  -0.1249   0.0045  -0.0859  -0.0666  -0.0009   0.0000  -0.0018  -0.0125    0.223
   114  37.0750  -6.3069   2.4232   1.7776   0.4225  -0.1086   0.0039  -0.0788  -0.0611  -0.0008   0.0000  -0.0021  -0.0111    0.215
   115  37.2162  -6.5264   2.4565   1.6907   0.3478  -0.0928   0.0033  -0.0708  -0.0549  -0.0007   0.0000  -0.0025  -0.0095    0.205
   116  37.3480  -6.7314   2.4876   1.6096   0.3326  -0.0766   0.0027  -0.0614  -0.0476  -0.0006   0.0000  -0.0028  -0.0077    0.191
   117  37.4657  -6.9144   2.5154   1.5372   0.2507  -0.0595   0.0022  -0.0500  -0.0387  -0.0005   0.0000  -0.0029  -0.0057    0.174
   118  37.5551  -7.0535   2.5365   1.4822   0.1746  -0.0425   0.0018  -0.0370  -0.0287  -0.0004   0.0000  -0.0027  -0.0038    0.155
   119  37.6153  -7.1471   2.5508   1.4451   0.1029  -0.0255   0.0016  -0.0228  -0.0176  -0.0003   0.0000  -0.0020  -0.0021    0.139
   120  37.6455  -7.1941   2.5579   1.4265   0.0340  -0.0085   0.0014  -0.0077  -0.0060  -0.0001   0.0000  -0.0007  -0.0007    0.130

  Surface # 5     vertical_stabilizer                     
     # Chordwise = 10   # Spanwise = 30     First strip =121
     Surface area Ssurf =   34.910363     Ave. chord Cave =    4.190920

 Forces referred to Sref, Cref, Bref about Xref, Yref, Zref
 Standard axis orientation,  X fwd, Z down         
     CLsurf  =  -0.00000     Clsurf  =  -0.00000
     CYsurf  =  -0.00000     Cmsurf  =   0.00000
     CDsurf  =  -0.00000     Cnsurf  =   0.00000
     CDisurf =  -0.00000     CDvsurf =   0.00000

 Forces referred to Ssurf, Cave 
     CLsurf  =   0.00000     CDsurf  =  -0.00000

 Strip Forces referred to Strip Area, Chord
    j     Xle      Yle      Zle      Chord    Area     c_cl     ai     cl_norm    cl       cd       cdv    cm_c/4     cm_LE   C.P.x/c
   121  27.0137   0.0000   1.5690  10.0347   0.6931   0.0000  -0.0000   0.0000   0.0000   0.0000   0.0000   0.0000   0.0000   -0.151
   122  27.2327   0.0000   1.6601   9.8296   1.1101   0.0000   0.0000   0.0000   0.0000   0.0000   0.0000  -0.0000  -0.0000    1.513
   123  27.5561   0.0000   1.7947   9.5266   1.4857   0.0000   0.0000   0.0000   0.0000  -0.0000   0.0000  -0.0000  -0.0000    1.229
   124  27.9815   0.0000   1.9717   9.1281   1.8040   0.0000  -0.0000   0.0000   0.0000  -0.0000   0.0000  -0.0000  -0.0000    0.677
   125  28.5051   0.0000   2.1895   8.6377   2.0517   0.0000  -0.0000   0.0000   0.0000   0.0000   0.0000  -0.0000  -0.0000    0.409
   126  29.1220   0.0000   2.4462   8.0598   2.2181   0.0000  -0.0000   0.0000   0.0000   0.0000   0.0000  -0.0000  -0.0000    0.514
   127  29.8264   0.0000   2.7392   7.4000   2.2957   0.0000  -0.0000   0.0000   0.0000  -0.0000   0.0000  -0.0000  -0.0000    0.467
   128  30.6115   0.0000   3.0659   6.6646   2.2808   0.0000  -0.0000   0.0000   0.0000  -0.0000   0.0000  -0.0000  -0.0000    0.493
   129  31.4694   0.0000   3.4228   5.8609   2.1733   0.0000  -0.0000   0.0000   0.0000   0.0000   0.0000   0.0000   0.0000  999.000
   130  32.3918   0.0000   3.8066   4.9969   1.9773  -0.0000  -0.0000  -0.0000  -0.0000   0.0000   0.0000  -0.0000   0.0000    0.008
   131  33.0131   0.0000   4.1929   4.4389   1.6667  -0.0000  -0.0000  -0.0000  -0.0000  -0.0000   0.0000  -0.0000  -0.0000  999.000
   132  33.3001   0.0000   4.5764   4.2198   1.6478  -0.0000  -0.0000  -0.0000  -0.0000   0.0000   0.0000   0.0000   0.0000    0.726
   133  33.5969   0.0000   4.9729   3.9932   1.6033   0.0000  -0.0000   0.0000   0.0000   0.0000   0.0000   0.0000   0.0000  999.000
   134  33.9004   0.0000   5.3784   3.7615   1.5362   0.0000  -0.0000   0.0000   0.0000   0.0000   0.0000   0.0000  -0.0000    0.140
   135  34.2075   0.0000   5.7886   3.5271   1.4499   0.0000  -0.0000   0.0000   0.0000   0.0000   0.0000   0.0000  -0.0000    0.191
   136  34.5150   0.0000   6.1995   3.2923   1.3482   0.0000   0.0000   0.0000   0.0000  -0.0000   0.0000  -0.0000  -0.0000    0.416
   137  34.8197   0.0000   6.6066   3.0597   1.2352   0.0000  -0.0000   0.0000   0.0000   0.0000   0.0000  -0.0000  -0.0000    0.299
   138  35.1185   0.0000   7.0058   2.8315   1.1147   0.0000  -0.0000   0.0000   0.0000  -0.0000   0.0000   0.0000  -0.0000    0.095
   139  35.4083   0.0000   7.3929   2.6103   0.9908   0.0000  -0.0000   0.0000   0.0000   0.0000   0.0000   0.0000  -0.0000    0.138
   140  35.6860   0.0000   7.7640   2.3983   0.8670   0.0000  -0.0000   0.0000   0.0000   0.0000   0.0000  -0.0000  -0.0000    0.274
   141  35.9487   0.0000   8.1150   2.1977   0.7464   0.0000  -0.0000   0.0000   0.0000  -0.0000   0.0000   0.0000  -0.0000    0.177
   142  36.1937   0.0000   8.4424   2.0106   0.6318   0.0000  -0.0000   0.0000   0.0000  -0.0000   0.0000  -0.0000  -0.0000    0.396
   143  36.4185   0.0000   8.7426   1.8390   0.5251   0.0000  -0.0000   0.0000   0.0000  -0.0000   0.0000  -0.0000  -0.0000    0.264
   144  36.6206   0.0000   9.0127   1.6847   0.4276   0.0000  -0.0000   0.0000   0.0000  -0.0000   0.0000   0.0000  -0.0000    0.221
   145  36.7980   0.0000   9.2496   1.5493   0.3400   0.0000   0.0000   0.0000   0.0000  -0.0000   0.0000  -0.0000  -0.0000    0.314
   146  36.9487   0.0000   9.4510   1.4342   0.2622   0.0000  -0.0000   0.0000   0.0000  -0.0000   0.0000  -0.0000  -0.0000    0.406
   147  37.0713   0.0000   9.6148   1.3407   0.1933   0.0000   0.0000   0.0000   0.0000  -0.0000   0.0000  -0.0000  -0.0000    0.337
   148  37.1643   0.0000   9.7391   1.2696   0.1322   0.0000  -0.0000   0.0000   0.0000   0.0000   0.0000   0.0000   0.0000   -0.044
   149  37.2269   0.0000   9.8227   1.2218   0.0769   0.0000  -0.0000   0.0000   0.0000   0.0000   0.0000   0.0000  -0.0000    0.158
   150  37.2584   0.0000   9.8647   1.1978   0.0252   0.0000  -0.0000   0.0000   0.0000  -0.0000   0.0000  -0.0000  -0.0000    0.258

  Surface # 6     fuselage_horizontal                     
     # Chordwise = 10   # Spanwise = 10     First strip =151
     Surface area Ssurf =  123.841199     Ave. chord Cave =   33.112620

 Forces referred to Sref, Cref, Bref about Xref, Yref, Zref
 Standard axis orientation,  X fwd, Z down         
     CLsurf  =  -0.00514     Clsurf  =   0.00000
     CYsurf  =   0.00000     Cmsurf  =  -0.00829
     CDsurf  =   0.00003     Cnsurf  =   0.00000
     CDisurf =   0.00003     CDvsurf =   0.00000

 Forces referred to Ssurf, Cave 
     CLsurf  =  -0.00518     CDsurf  =   0.00003

 Strip Forces referred to Strip Area, Chord
    j     Xle      Yle      Zle      Chord    Area     c_cl     ai     cl_norm    cl       cd       cdv    cm_c/4     cm_LE   C.P.x/c
   151   5.0231  -1.6830   0.0000  26.5957   9.9468  -0.1362  -0.0070  -0.0646  -0.0051  -0.0001   0.0000   0.0008   0.0003    0.409
   152   2.9203  -1.3090   0.0000  31.2096  11.6724  -0.1773  -0.0007  -0.0222  -0.0057   0.0000   0.0000   0.0007   0.0005    0.370
   153   1.6676  -0.9350   0.0000  34.0626  12.7394  -0.1828   0.0145  -0.0131  -0.0054   0.0001   0.0000   0.0003   0.0005    0.300
   154   0.7666  -0.5610   0.0000  36.1620  13.5246  -0.1815   0.0229  -0.0084  -0.0050   0.0001   0.0000   0.0000   0.0006    0.250
   155   0.1963  -0.1870   0.0000  37.5333  14.0374  -0.1801   0.0265  -0.0056  -0.0048   0.0001   0.0000  -0.0001   0.0007    0.225
   156   0.1963   0.1870   0.0000  37.5333  14.0374  -0.1801   0.0265  -0.0056  -0.0048   0.0001   0.0000  -0.0001   0.0007    0.225
   157   0.7666   0.5610   0.0000  36.1620  13.5246  -0.1815   0.0229  -0.0084  -0.0050   0.0001   0.0000   0.0000   0.0006    0.250
   158   1.6676   0.9350   0.0000  34.0626  12.7394  -0.1828   0.0145  -0.0131  -0.0054   0.0001   0.0000   0.0003   0.0005    0.300
   159   2.9202   1.3090   0.0000  31.2096  11.6724  -0.1773  -0.0007  -0.0222  -0.0057   0.0000   0.0000   0.0007   0.0005    0.370
   160   5.0231   1.6830   0.0000  26.5957   9.9468  -0.1362  -0.0070  -0.0646  -0.0051  -0.0001   0.0000   0.0008   0.0003    0.409

  Surface # 7     fuselage_vertical                       
     # Chordwise = 10   # Spanwise = 10     First strip =161
     Surface area Ssurf =  123.841199     Ave. chord Cave =   33.112620

 Forces referred to Sref, Cref, Bref about Xref, Yref, Zref
 Standard axis orientation,  X fwd, Z down         
     CLsurf  =   0.00000     Clsurf  =   0.00000
     CYsurf  =   0.00000     Cmsurf  =  -0.00000
     CDsurf  =   0.00000     Cnsurf  =   0.00000
     CDisurf =   0.00000     CDvsurf =   0.00000

 Forces referred to Ssurf, Cave 
     CLsurf  =  -0.00000     CDsurf  =   0.00000

 Strip Forces referred to Strip Area, Chord
    j     Xle      Yle      Zle      Chord    Area     c_cl     ai     cl_norm    cl       cd       cdv    cm_c/4     cm_LE   C.P.x/c
   161   5.0231   0.0000  -1.6830  26.5957   9.9468   0.0000  -0.0000   0.0000   0.0000   0.0000   0.0000  -0.0000  -0.0000    0.517
   162   2.9203   0.0000  -1.3090  31.2096  11.6724  -0.0000   0.0000  -0.0000  -0.0000   0.0000   0.0000   0.0000   0.0000    0.944
   163   1.6676   0.0000  -0.9350  34.0626  12.7394  -0.0000   0.0000  -0.0000  -0.0000   0.0000   0.0000   0.0000   0.0000    0.281
   164   0.7666   0.0000  -0.5610  36.1620  13.5246  -0.0000   0.0000  -0.0000  -0.0000   0.0000   0.0000   0.0000   0.0000    0.357
   165   0.1963   0.0000  -0.1870  37.5333  14.0374  -0.0000   0.0000  -0.0000  -0.0000  -0.0000   0.0000   0.0000   0.0000    0.535
   166   0.1963   0.0000   0.1870  37.5333  14.0374  -0.0000  -0.0000  -0.0000  -0.0000   0.0000   0.0000   0.0000   0.0000    0.667
   167   0.7666   0.0000   0.5610  36.1620  13.5246  -0.0000   0.0000  -0.0000  -0.0000  -0.0000   0.0000   0.0000   0.0000    0.252
   168   1.6676   0.0000   0.9350  34.0626  12.7394  -0.0000   0.0000  -0.0000  -0.0000   0.0000   0.0000   0.0000   0.0000    0.458
   169   2.9202   0.0000   1.3090  31.2096  11.6724  -0.0000   0.0000  -0.0000  -0.0000   0.0000   0.0000  -0.0000  -0.0000   -0.844
   170   5.0231   0.0000   1.6830  26.5957   9.9468  -0.0000   0.0000  -0.0000  -0.0000  -0.0000   0.0000  -0.0000  -0.0000  999.000
 ---------------------------------------------------------------
