 ---------------------------------------------------------------
 Surface and Strip Forces by surface

  Sref =  490.60       Cref =  8.4083       Bref =  70.000    
  Xref =  0.0000       Yref =  0.0000       Zref =  0.0000    

  Surface # 1     main_wing                               
     # Chordwise = 10   # Spanwise = 70     First strip =  1
     Surface area Ssurf =  250.220834     Ave. chord Cave =    7.118896

 Forces referred to Sref, Cref, Bref about Xref, Yref, Zref
 Standard axis orientation,  X fwd, Z down         
     CLsurf  =   0.24587     Clsurf  =  -0.04528
     CYsurf  =  -0.01924     Cmsurf  =  -0.94387
     CDsurf  =   0.00508     Cnsurf  =   0.00699
     CDisurf =   0.00508     CDvsurf =   0.00000

 Forces referred to Ssurf, Cave 
     CLsurf  =   0.48353     CDsurf  =   0.00996

 Strip Forces referred to Strip Area, Chord
    j     Xle      Yle      Zle      Chord    Area     c_cl     ai     cl_norm    cl       cd       cdv    cm_c/4     cm_LE   C.P.x/c
     1  22.4080   0.0042  -0.9570  12.4590   0.2104   5.7337  -0.0103   0.4598   0.4598   0.0195   0.0000  -0.0880  -0.2031    0.441
     2  22.4080   0.0380  -0.9570  12.4590   0.6307   5.7338  -0.0103   0.4598   0.4598   0.0194   0.0000  -0.0880  -0.2031    0.441
     3  22.4080   0.1054  -0.9570  12.4590   1.0498   5.7344  -0.0104   0.4599   0.4599   0.0193   0.0000  -0.0880  -0.2031    0.441
     4  22.4080   0.2065  -0.9570  12.4590   1.4668   5.7365  -0.0105   0.4600   0.4600   0.0191   0.0000  -0.0882  -0.2033    0.442
     5  22.4080   0.3408  -0.9570  12.4590   1.8808   5.7414  -0.0107   0.4604   0.4604   0.0190   0.0000  -0.0884  -0.2037    0.442
     6  22.4080   0.5083  -0.9570  12.4590   2.2910   5.7511  -0.0111   0.4612   0.4612   0.0189   0.0000  -0.0890  -0.2044    0.443
     7  22.4080   0.7085  -0.9570  12.4590   2.6966   5.7681  -0.0118   0.4626   0.4626   0.0188   0.0000  -0.0899  -0.2056    0.444
     8  22.4080   0.9411  -0.9570  12.4590   3.0968   5.7958  -0.0128   0.4648   0.4648   0.0188   0.0000  -0.0914  -0.2077    0.447
     9  22.4080   1.2055  -0.9570  12.4590   3.4907   5.8392  -0.0139   0.4683   0.4683   0.0189   0.0000  -0.0936  -0.2107    0.450
    10  22.4080   1.5013  -0.9570  12.4590   3.8776   5.9055  -0.0150   0.4736   0.4736   0.0192   0.0000  -0.0969  -0.2154    0.455
    11  22.4080   1.8278  -0.9570  12.4590   4.2567   6.0081  -0.0153   0.4818   0.4818   0.0200   0.0000  -0.1017  -0.2223    0.461
    12  22.4080   2.1844  -0.9570  12.4590   4.6273   6.1758  -0.0144   0.4952   0.4952   0.0223   0.0000  -0.1092  -0.2331    0.470
    13  22.4080   2.5704  -0.9570  12.4590   4.9885   6.5272  -0.0116   0.5229   0.5229   0.0380   0.0000  -0.1228  -0.2538    0.485
    14  22.5966   3.0754  -0.9200  12.2979   7.5875   7.2100   0.4168   0.7257   0.5831   0.1005   0.0000  -0.1518  -0.2541    0.510
    15  22.9924   3.7075  -0.8424  11.9598   7.8494   7.1271   0.4258   0.7382   0.5932   0.0882   0.0000  -0.1507  -0.2552    0.504
    16  23.3450   4.2708  -0.7732  11.6585   5.5431   6.2276   0.0058   0.6645   0.5340   0.0133   0.0000  -0.1151  -0.2118    0.466
    17  23.6484   4.7553  -0.7137  11.3993   5.7056   5.8140   0.0061   0.6344   0.5098   0.0145   0.0000  -0.0985  -0.1926    0.443
    18  23.9670   5.2641  -0.6513  11.1271   5.8372   5.5202   0.0065   0.6171   0.4959   0.0143   0.0000  -0.0869  -0.1797    0.425
    19  24.3002   5.7964  -0.5859  10.8424   5.9373   5.2843   0.0071   0.6063   0.4872   0.0136   0.0000  -0.0777  -0.1702    0.410
    20  24.6474   6.3509  -0.5178  10.5458   6.0058   5.0829   0.0078   0.5996   0.4818   0.0127   0.0000  -0.0703  -0.1627    0.396
    21  25.0079   6.9266  -0.4471  10.2379   6.0430   4.9043   0.0086   0.5960   0.4789   0.0117   0.0000  -0.0640  -0.1567    0.384
    22  25.3809   7.5223  -0.3740   9.9192   6.0490   4.7417   0.0092   0.5948   0.4780   0.0107   0.0000  -0.0586  -0.1519    0.373
    23  25.7657   8.1368  -0.2985   9.5905   6.0244   4.5906   0.0096   0.5956   0.4786   0.0097   0.0000  -0.0540  -0.1482    0.363
    24  26.1614   8.7690  -0.2209   9.2523   5.9700   4.4480   0.0093   0.5982   0.4807   0.0086   0.0000  -0.0501  -0.1453    0.354
    25  26.5674   9.4174  -0.1413   8.9055   5.8867   4.3110   0.0075   0.6024   0.4841   0.0077   0.0000  -0.0467  -0.1431    0.346
    26  27.0024  10.1168  -0.0685   8.6379   6.4402   4.1801   0.0067   0.6349   0.4840   0.0065   0.0000  -0.0422  -0.1394    0.337
    27  27.4662  10.8669  -0.0029   8.4530   6.4244   4.0681   0.0105   0.6315   0.4814   0.0054   0.0000  -0.0379  -0.1352    0.329
    28  27.9384  11.6306   0.0640   8.2648   6.3881   3.9627   0.0127   0.6292   0.4796   0.0042   0.0000  -0.0345  -0.1320    0.322
    29  28.4181  12.4065   0.1318   8.0736   6.3319   3.8612   0.0140   0.6276   0.4784   0.0032   0.0000  -0.0319  -0.1295    0.317
    30  28.9043  13.1928   0.2006   7.8797   6.2569   3.7621   0.0147   0.6266   0.4777   0.0022   0.0000  -0.0298  -0.1275    0.312
    31  29.3961  13.9881   0.2702   7.6837   6.1641   3.6643   0.0152   0.6259   0.4771   0.0013   0.0000  -0.0282  -0.1261    0.309
    32  29.8923  14.7908   0.3404   7.4858   6.0545   3.5670   0.0153   0.6255   0.4768   0.0005   0.0000  -0.0271  -0.1250    0.307
    33  30.3921  15.5992   0.4112   7.2866   5.9293   3.4698   0.0153   0.6251   0.4765  -0.0002   0.0000  -0.0264  -0.1243    0.305
    34  30.8945  16.4116   0.4822   7.0863   5.7897   3.3722   0.0150   0.6247   0.4762  -0.0009   0.0000  -0.0260  -0.1240    0.305
    35  31.3984  17.2266   0.5535   6.8855   5.6369   3.2742   0.0146   0.6242   0.4759  -0.0014   0.0000  -0.0261  -0.1239    0.305
    36  31.9027  18.0423   0.6249   6.6844   5.4723   3.1758   0.0140   0.6237   0.4755  -0.0019   0.0000  -0.0266  -0.1243    0.306
    37  32.4066  18.8573   0.6962   6.4835   5.2972   3.0774   0.0133   0.6231   0.4750  -0.0021   0.0000  -0.0279  -0.1253    0.309
    38  32.9089  19.6698   0.7673   6.2832   5.1129   2.9793   0.0126   0.6225   0.4745  -0.0022   0.0000  -0.0301  -0.1271    0.313
    39  33.4087  20.4781   0.8380   6.0840   4.9207   2.8822   0.0119   0.6219   0.4741  -0.0019   0.0000  -0.0337  -0.1300    0.321
    40  33.9050  21.2808   0.9082   5.8861   4.7221   2.7866   0.0113   0.6214   0.4737  -0.0006   0.0000  -0.0395  -0.1349    0.333
    41  34.3967  22.0761   0.9778   5.6901   4.5183   2.6935   0.0106   0.6212   0.4735   0.0039   0.0000  -0.0495  -0.1434    0.355
    42  34.7955  22.7211   1.0342   5.5311   2.7734   2.6152   0.0103   0.6209   0.4733  -0.0061   0.0000  -0.0750  -0.1649    0.408
    43  35.1799  23.3428   1.0886   5.3779   4.0090   2.5397   0.0102   0.6203   0.4728  -0.0089   0.0000  -0.0845  -0.1729    0.429
    44  35.6353  24.0794   1.1531   5.1963   3.8090   2.4555   0.0102   0.6207   0.4732  -0.0096   0.0000  -0.0887  -0.1765    0.437
    45  36.0826  24.8028   1.2163   5.0180   3.6083   2.3725   0.0103   0.6210   0.4734  -0.0096   0.0000  -0.0907  -0.1783    0.442
    46  36.5209  25.5117   1.2784   4.8433   3.4082   2.2911   0.0105   0.6214   0.4737  -0.0095   0.0000  -0.0917  -0.1792    0.444
    47  36.9492  26.2045   1.3390   4.6725   3.2096   2.2113   0.0109   0.6216   0.4739  -0.0094   0.0000  -0.0922  -0.1797    0.445
    48  37.3668  26.8799   1.3981   4.5060   3.0133   2.1330   0.0114   0.6218   0.4740  -0.0094   0.0000  -0.0924  -0.1799    0.445
    49  37.7728  27.5366   1.4555   4.3442   2.8202   2.0559   0.0121   0.6216   0.4739  -0.0094   0.0000  -0.0924  -0.1798    0.445
    50  38.1664  28.1731   1.5112   4.1873   2.6312   1.9798   0.0130   0.6211   0.4734  -0.0095   0.0000  -0.0921  -0.1795    0.444
    51  38.5467  28.7882   1.5650   4.0357   2.4467   1.9044   0.0141   0.6198   0.4725  -0.0096   0.0000  -0.0916  -0.1788    0.444
    52  38.9130  29.3807   1.6168   3.8896   2.2675   1.8291   0.0154   0.6177   0.4709  -0.0097   0.0000  -0.0908  -0.1778    0.443
    53  39.2646  29.9494   1.6666   3.7494   2.0939   1.7533   0.0170   0.6143   0.4682  -0.0098   0.0000  -0.0897  -0.1763    0.442
    54  39.6008  30.4931   1.7142   3.6154   1.9264   1.6764   0.0188   0.6091   0.4643  -0.0100   0.0000  -0.0881  -0.1742    0.440
    55  39.9208  31.0107   1.7595   3.4878   1.7654   1.5973   0.0208   0.6016   0.4586  -0.0102   0.0000  -0.0861  -0.1712    0.438
    56  40.2241  31.5013   1.8024   3.3669   1.6109   1.5152   0.0226   0.5912   0.4507  -0.0105   0.0000  -0.0834  -0.1672    0.435
    57  40.5101  31.9637   1.8428   3.2529   1.4631   1.4294   0.0243   0.5773   0.4401  -0.0109   0.0000  -0.0801  -0.1621    0.432
    58  40.7780  32.3972   1.8807   3.1461   1.3219   1.3393   0.0256   0.5593   0.4264  -0.0116   0.0000  -0.0762  -0.1559    0.429
    59  41.0275  32.8007   1.9161   3.0466   1.1875   1.2451   0.0265   0.5371   0.4094  -0.0130   0.0000  -0.0719  -0.1486    0.426
    60  41.2443  33.1513   1.9467   2.9602   0.9321   1.1511   0.0267   0.5112   0.3897  -0.0174   0.0000  -0.0673  -0.1404    0.423
    61  41.4296  33.4511   1.9730   2.8863   0.8279   1.0584   0.0253   0.4827   0.3680  -0.0302   0.0000  -0.0619  -0.1311    0.418
    62  41.8525  33.7408   1.9984   2.6418   0.7761   0.9608   0.0225   1.6673   0.3639   0.0012   0.0000  -0.0350  -0.0522    0.346
    63  42.4709  34.0170   2.0225   2.2558   0.5879   0.8657   0.0294   1.7618   0.3845  -0.0135   0.0000  -0.0257  -0.0505    0.317
    64  43.0147  34.2599   2.0438   1.9163   0.4349   0.7684   0.0371   1.8422   0.4020  -0.0224   0.0000  -0.0185  -0.0494    0.296
    65  43.4828  34.4691   2.0621   1.6240   0.3131   0.6658   0.0444   1.8846   0.4113  -0.0308   0.0000  -0.0093  -0.0466    0.272
    66  43.8744  34.6440   2.0774   1.3796   0.2184   0.5561   0.0499   1.8545   0.4047  -0.0394   0.0000   0.0036  -0.0406    0.241
    67  44.1886  34.7843   2.0896   1.1834   0.1461   0.4396   0.0534   1.7109   0.3734  -0.0479   0.0000   0.0185  -0.0313    0.201
    68  44.4248  34.8899   2.0989   1.0359   0.0915   0.3177   0.0553   1.4148   0.3088  -0.0542   0.0000   0.0296  -0.0200    0.154
    69  44.5826  34.9603   2.1050   0.9375   0.0498   0.1921   0.0566   0.9481   0.2069  -0.0529   0.0000   0.0287  -0.0097    0.111
    70  44.6615  34.9956   2.1081   0.8882   0.0157   0.0643   0.0575   0.3371   0.0736  -0.0326   0.0000   0.0120  -0.0027    0.087

  Surface # 2     main_wing (YDUP)                        
     # Chordwise = 10   # Spanwise = 70     First strip = 71
     Surface area Ssurf =  250.220834     Ave. chord Cave =    7.118896

 Forces referred to Sref, Cref, Bref about Xref, Yref, Zref
 Standard axis orientation,  X fwd, Z down         
     CLsurf  =   0.24587     Clsurf  =   0.04528
     CYsurf  =   0.01924     Cmsurf  =  -0.94387
     CDsurf  =   0.00508     Cnsurf  =  -0.00699
     CDisurf =   0.00508     CDvsurf =   0.00000

 Forces referred to Ssurf, Cave 
     CLsurf  =   0.48353     CDsurf  =   0.00996

 Strip Forces referred to Strip Area, Chord
    j     Xle      Yle      Zle      Chord    Area     c_cl     ai     cl_norm    cl       cd       cdv    cm_c/4     cm_LE   C.P.x/c
    71  22.4080  -0.0042  -0.9570  12.4590   0.2104   5.7337  -0.0103   0.4598   0.4598   0.0195   0.0000  -0.0880   0.2031    0.441
    72  22.4080  -0.0380  -0.9570  12.4590   0.6307   5.7338  -0.0103   0.4598   0.4598   0.0194   0.0000  -0.0880   0.2031    0.441
    73  22.4080  -0.1054  -0.9570  12.4590   1.0498   5.7344  -0.0104   0.4599   0.4599   0.0193   0.0000  -0.0880   0.2031    0.441
    74  22.4080  -0.2065  -0.9570  12.4590   1.4668   5.7365  -0.0105   0.4600   0.4600   0.0191   0.0000  -0.0882   0.2033    0.442
    75  22.4080  -0.3408  -0.9570  12.4590   1.8808   5.7414  -0.0107   0.4604   0.4604   0.0190   0.0000  -0.0884   0.2037    0.442
    76  22.4080  -0.5083  -0.9570  12.4590   2.2910   5.7511  -0.0111   0.4612   0.4612   0.0189   0.0000  -0.0890   0.2044    0.443
    77  22.4080  -0.7085  -0.9570  12.4590   2.6966   5.7681  -0.0118   0.4626   0.4626   0.0188   0.0000  -0.0899   0.2056    0.444
    78  22.4080  -0.9411  -0.9570  12.4590   3.0968   5.7958  -0.0128   0.4648   0.4648   0.0188   0.0000  -0.0914   0.2077    0.447
    79  22.4080  -1.2055  -0.9570  12.4590   3.4907   5.8392  -0.0139   0.4683   0.4683   0.0189   0.0000  -0.0936   0.2107    0.450
    80  22.4080  -1.5013  -0.9570  12.4590   3.8776   5.9055  -0.0150   0.4736   0.4736   0.0192   0.0000  -0.0969   0.2154    0.455
    81  22.4080  -1.8278  -0.9570  12.4590   4.2567   6.0081  -0.0153   0.4818   0.4818   0.0200   0.0000  -0.1017   0.2223    0.461
    82  22.4080  -2.1844  -0.9570  12.4590   4.6273   6.1758  -0.0144   0.4952   0.4952   0.0223   0.0000  -0.1092   0.2331    0.470
    83  22.4080  -2.5704  -0.9570  12.4590   4.9885   6.5272  -0.0116   0.5229   0.5229   0.0380   0.0000  -0.1228   0.2538    0.485
    84  22.5966  -3.0754  -0.9200  12.2979   7.5875   7.2100   0.4168   0.7257   0.5831   0.1005   0.0000  -0.1518   0.2541    0.510
    85  22.9924  -3.7075  -0.8424  11.9598   7.8494   7.1271   0.4258   0.7382   0.5932   0.0882   0.0000  -0.1507   0.2552    0.504
    86  23.3450  -4.2708  -0.7732  11.6585   5.5431   6.2276   0.0058   0.6645   0.5340   0.0133   0.0000  -0.1151   0.2118    0.466
    87  23.6484  -4.7553  -0.7137  11.3993   5.7056   5.8140   0.0061   0.6344   0.5098   0.0145   0.0000  -0.0985   0.1926    0.443
    88  23.9670  -5.2641  -0.6513  11.1271   5.8372   5.5202   0.0065   0.6171   0.4959   0.0143   0.0000  -0.0869   0.1797    0.425
    89  24.3002  -5.7964  -0.5859  10.8424   5.9373   5.2843   0.0071   0.6063   0.4872   0.0136   0.0000  -0.0777   0.1702    0.410
    90  24.6474  -6.3509  -0.5178  10.5458   6.0058   5.0829   0.0078   0.5996   0.4818   0.0127   0.0000  -0.0703   0.1627    0.396
    91  25.0079  -6.9266  -0.4471  10.2379   6.0430   4.9043   0.0086   0.5960   0.4789   0.0117   0.0000  -0.0640   0.1567    0.384
    92  25.3809  -7.5223  -0.3740   9.9192   6.0490   4.7417   0.0092   0.5948   0.4780   0.0107   0.0000  -0.0586   0.1519    0.373
    93  25.7657  -8.1368  -0.2985   9.5905   6.0244   4.5906   0.0096   0.5956   0.4786   0.0097   0.0000  -0.0540   0.1482    0.363
    94  26.1614  -8.7690  -0.2209   9.2523   5.9700   4.4480   0.0093   0.5982   0.4807   0.0086   0.0000  -0.0501   0.1453    0.354
    95  26.5674  -9.4174  -0.1413   8.9055   5.8867   4.3110   0.0075   0.6024   0.4841   0.0077   0.0000  -0.0467   0.1431    0.346
    96  27.0024 -10.1168  -0.0685   8.6379   6.4402   4.1801   0.0067   0.6349   0.4840   0.0065   0.0000  -0.0422   0.1394    0.337
    97  27.4662 -10.8669  -0.0029   8.4530   6.4244   4.0681   0.0105   0.6315   0.4814   0.0054   0.0000  -0.0379   0.1352    0.329
    98  27.9384 -11.6306   0.0640   8.2648   6.3881   3.9627   0.0127   0.6292   0.4796   0.0042   0.0000  -0.0345   0.1320    0.322
    99  28.4181 -12.4065   0.1318   8.0736   6.3319   3.8612   0.0140   0.6276   0.4784   0.0032   0.0000  -0.0319   0.1295    0.317
   100  28.9043 -13.1928   0.2006   7.8797   6.2569   3.7621   0.0147   0.6266   0.4777   0.0022   0.0000  -0.0298   0.1275    0.312
   101  29.3961 -13.9881   0.2702   7.6837   6.1641   3.6643   0.0152   0.6259   0.4771   0.0013   0.0000  -0.0282   0.1261    0.309
   102  29.8923 -14.7908   0.3404   7.4858   6.0545   3.5670   0.0153   0.6255   0.4768   0.0005   0.0000  -0.0271   0.1250    0.307
   103  30.3921 -15.5992   0.4112   7.2866   5.9293   3.4698   0.0153   0.6251   0.4765  -0.0002   0.0000  -0.0264   0.1243    0.305
   104  30.8945 -16.4116   0.4822   7.0863   5.7897   3.3722   0.0150   0.6247   0.4762  -0.0009   0.0000  -0.0260   0.1240    0.305
   105  31.3984 -17.2266   0.5535   6.8855   5.6369   3.2742   0.0146   0.6242   0.4759  -0.0014   0.0000  -0.0261   0.1239    0.305
   106  31.9027 -18.0423   0.6249   6.6844   5.4723   3.1758   0.0140   0.6237   0.4755  -0.0019   0.0000  -0.0266   0.1243    0.306
   107  32.4066 -18.8573   0.6962   6.4835   5.2972   3.0774   0.0133   0.6231   0.4750  -0.0021   0.0000  -0.0279   0.1253    0.309
   108  32.9089 -19.6698   0.7673   6.2832   5.1129   2.9793   0.0126   0.6225   0.4745  -0.0022   0.0000  -0.0301   0.1271    0.313
   109  33.4087 -20.4781   0.8380   6.0840   4.9207   2.8822   0.0119   0.6219   0.4741  -0.0019   0.0000  -0.0337   0.1300    0.321
   110  33.9050 -21.2808   0.9082   5.8861   4.7221   2.7866   0.0113   0.6214   0.4737  -0.0006   0.0000  -0.0395   0.1349    0.333
   111  34.3967 -22.0761   0.9778   5.6901   4.5183   2.6935   0.0106   0.6212   0.4735   0.0039   0.0000  -0.0495   0.1434    0.355
   112  34.7955 -22.7211   1.0342   5.5311   2.7734   2.6152   0.0103   0.6209   0.4733  -0.0061   0.0000  -0.0750   0.1649    0.408
   113  35.1799 -23.3428   1.0886   5.3779   4.0090   2.5397   0.0102   0.6203   0.4728  -0.0089   0.0000  -0.0845   0.1729    0.429
   114  35.6353 -24.0794   1.1531   5.1963   3.8090   2.4555   0.0102   0.6207   0.4732  -0.0096   0.0000  -0.0887   0.1765    0.437
   115  36.0826 -24.8028   1.2163   5.0180   3.6083   2.3725   0.0103   0.6210   0.4734  -0.0096   0.0000  -0.0907   0.1783    0.442
   116  36.5209 -25.5117   1.2784   4.8433   3.4082   2.2911   0.0105   0.6214   0.4737  -0.0095   0.0000  -0.0917   0.1792    0.444
   117  36.9492 -26.2045   1.3390   4.6725   3.2096   2.2113   0.0109   0.6216   0.4739  -0.0094   0.0000  -0.0922   0.1797    0.445
   118  37.3668 -26.8799   1.3981   4.5060   3.0133   2.1330   0.0114   0.6218   0.4740  -0.0094   0.0000  -0.0924   0.1799    0.445
   119  37.7728 -27.5366   1.4555   4.3442   2.8202   2.0559   0.0121   0.6216   0.4739  -0.0094   0.0000  -0.0924   0.1798    0.445
   120  38.1664 -28.1731   1.5112   4.1873   2.6312   1.9798   0.0130   0.6211   0.4734  -0.0095   0.0000  -0.0921   0.1795    0.444
   121  38.5467 -28.7882   1.5650   4.0357   2.4467   1.9044   0.0141   0.6198   0.4725  -0.0096   0.0000  -0.0916   0.1788    0.444
   122  38.9130 -29.3807   1.6168   3.8896   2.2675   1.8291   0.0154   0.6177   0.4709  -0.0097   0.0000  -0.0908   0.1778    0.443
   123  39.2646 -29.9494   1.6666   3.7494   2.0939   1.7533   0.0170   0.6143   0.4682  -0.0098   0.0000  -0.0897   0.1763    0.442
   124  39.6008 -30.4931   1.7142   3.6154   1.9264   1.6764   0.0188   0.6091   0.4643  -0.0100   0.0000  -0.0881   0.1742    0.440
   125  39.9208 -31.0107   1.7595   3.4878   1.7654   1.5973   0.0208   0.6016   0.4586  -0.0102   0.0000  -0.0861   0.1712    0.438
   126  40.2241 -31.5013   1.8024   3.3669   1.6109   1.5152   0.0226   0.5912   0.4507  -0.0105   0.0000  -0.0834   0.1672    0.435
   127  40.5101 -31.9637   1.8428   3.2529   1.4631   1.4294   0.0243   0.5773   0.4401  -0.0109   0.0000  -0.0801   0.1621    0.432
   128  40.7780 -32.3972   1.8807   3.1461   1.3219   1.3393   0.0256   0.5593   0.4264  -0.0116   0.0000  -0.0762   0.1559    0.429
   129  41.0275 -32.8007   1.9161   3.0466   1.1875   1.2451   0.0265   0.5371   0.4094  -0.0130   0.0000  -0.0719   0.1486    0.426
   130  41.2443 -33.1513   1.9467   2.9602   0.9321   1.1511   0.0267   0.5112   0.3897  -0.0174   0.0000  -0.0673   0.1404    0.423
   131  41.4296 -33.4511   1.9730   2.8863   0.8279   1.0584   0.0253   0.4827   0.3680  -0.0302   0.0000  -0.0619   0.1311    0.418
   132  41.8525 -33.7408   1.9984   2.6418   0.7761   0.9608   0.0225   1.6673   0.3639   0.0012   0.0000  -0.0350   0.0522    0.346
   133  42.4709 -34.0170   2.0225   2.2558   0.5879   0.8657   0.0294   1.7618   0.3845  -0.0135   0.0000  -0.0257   0.0505    0.317
   134  43.0147 -34.2599   2.0438   1.9163   0.4349   0.7684   0.0371   1.8422   0.4020  -0.0224   0.0000  -0.0185   0.0494    0.296
   135  43.4828 -34.4691   2.0621   1.6240   0.3131   0.6658   0.0444   1.8846   0.4113  -0.0308   0.0000  -0.0093   0.0466    0.272
   136  43.8744 -34.6440   2.0774   1.3796   0.2184   0.5561   0.0499   1.8545   0.4047  -0.0394   0.0000   0.0036   0.0406    0.241
   137  44.1886 -34.7843   2.0896   1.1834   0.1461   0.4396   0.0534   1.7109   0.3734  -0.0479   0.0000   0.0185   0.0313    0.201
   138  44.4248 -34.8899   2.0989   1.0359   0.0915   0.3177   0.0553   1.4148   0.3088  -0.0542   0.0000   0.0296   0.0200    0.154
   139  44.5826 -34.9603   2.1050   0.9375   0.0498   0.1921   0.0566   0.9481   0.2069  -0.0529   0.0000   0.0287   0.0097    0.111
   140  44.6615 -34.9956   2.1081   0.8882   0.0157   0.0643   0.0575   0.3371   0.0736  -0.0326   0.0000   0.0120   0.0027    0.087

  Surface # 3     horizontal_stabilizer                   
     # Chordwise = 10   # Spanwise = 70     First strip =141
     Surface area Ssurf =   33.045236     Ave. chord Cave =    3.385454

 Forces referred to Sref, Cref, Bref about Xref, Yref, Zref
 Standard axis orientation,  X fwd, Z down         
     CLsurf  =  -0.00516     Clsurf  =   0.00029
     CYsurf  =   0.00064     Cmsurf  =   0.03600
     CDsurf  =  -0.00023     Cnsurf  =  -0.00053
     CDisurf =  -0.00023     CDvsurf =   0.00000

 Forces referred to Ssurf, Cave 
     CLsurf  =  -0.07719     CDsurf  =  -0.00342

 Strip Forces referred to Strip Area, Chord
    j     Xle      Yle      Zle      Chord    Area     c_cl     ai     cl_norm    cl       cd       cdv    cm_c/4     cm_LE   C.P.x/c
   141  55.3378   0.0012   2.0821   4.5667   0.0218  -0.2591   0.0503  -0.0802  -0.0599   0.0892   0.0000   0.0061   0.0172    0.352
   142  55.3439   0.0107   2.0832   4.5644   0.0654  -0.3562   0.0502  -0.1049  -0.0783   0.0064   0.0000   0.0071   0.0226    0.341
   143  55.3560   0.0296   2.0853   4.5598   0.1087  -0.3640   0.0499  -0.1070  -0.0799  -0.0001   0.0000   0.0072   0.0230    0.340
   144  55.3743   0.0580   2.0884   4.5529   0.1516  -0.3662   0.0496  -0.1077  -0.0804  -0.0019   0.0000   0.0072   0.0231    0.339
   145  55.3985   0.0958   2.0926   4.5437   0.1940  -0.3672   0.0493  -0.1082  -0.0808  -0.0026   0.0000   0.0071   0.0231    0.338
   146  55.4288   0.1429   2.0978   4.5322   0.2357  -0.3678   0.0491  -0.1086  -0.0811  -0.0029   0.0000   0.0069   0.0231    0.336
   147  55.4649   0.1992   2.1040   4.5185   0.2766  -0.3683   0.0489  -0.1091  -0.0815  -0.0030   0.0000   0.0067   0.0230    0.333
   148  55.5069   0.2646   2.1112   4.5025   0.3165  -0.3688   0.0487  -0.1097  -0.0819  -0.0031   0.0000   0.0065   0.0228    0.329
   149  55.5546   0.3389   2.1194   4.4844   0.3554  -0.3694   0.0486  -0.1103  -0.0823  -0.0032   0.0000   0.0062   0.0227    0.325
   150  55.6080   0.4221   2.1286   4.4642   0.3930  -0.3700   0.0486  -0.1109  -0.0828  -0.0032   0.0000   0.0059   0.0225    0.321
   151  55.6670   0.5139   2.1387   4.4418   0.4292  -0.3706   0.0486  -0.1117  -0.0834  -0.0033   0.0000   0.0055   0.0223    0.316
   152  55.7314   0.6141   2.1498   4.4174   0.4640  -0.3714   0.0486  -0.1125  -0.0840  -0.0034   0.0000   0.0051   0.0221    0.311
   153  55.8011   0.7227   2.1618   4.3910   0.4973  -0.3722   0.0488  -0.1134  -0.0847  -0.0034   0.0000   0.0047   0.0219    0.305
   154  55.8759   0.8392   2.1746   4.3626   0.5288  -0.3730   0.0490  -0.1144  -0.0854  -0.0035   0.0000   0.0043   0.0218    0.300
   155  55.9558   0.9636   2.1884   4.3323   0.5586  -0.3738   0.0494  -0.1155  -0.0862  -0.0036   0.0000   0.0039   0.0216    0.295
   156  56.0405   1.0955   2.2029   4.3001   0.5866  -0.3747   0.0498  -0.1166  -0.0871  -0.0036   0.0000   0.0035   0.0214    0.290
   157  56.1315   1.2373   2.2186   4.2656   0.6352  -0.3755   0.0504  -0.1178  -0.0880  -0.0037   0.0000   0.0030   0.0212    0.284
   158  56.2289   1.3889   2.2353   4.2287   0.6600  -0.3763   0.0510  -0.1191  -0.0889  -0.0038   0.0000   0.0026   0.0211    0.279
   159  56.3307   1.5475   2.2528   4.1900   0.6826  -0.3769   0.0518  -0.1204  -0.0899  -0.0039   0.0000   0.0022   0.0209    0.274
   160  56.4368   1.7127   2.2711   4.1498   0.7031  -0.3773   0.0526  -0.1217  -0.0908  -0.0040   0.0000   0.0018   0.0208    0.270
   161  56.5469   1.8842   2.2900   4.1080   0.7214  -0.3775   0.0535  -0.1230  -0.0918  -0.0041   0.0000   0.0014   0.0207    0.265
   162  56.6609   2.0617   2.3096   4.0648   0.7375  -0.3772   0.0544  -0.1242  -0.0927  -0.0042   0.0000   0.0010   0.0205    0.261
   163  56.7785   2.2448   2.3298   4.0202   0.7513  -0.3766   0.0553  -0.1254  -0.0936  -0.0043   0.0000   0.0006   0.0204    0.256
   164  56.8994   2.4331   2.3506   3.9743   0.7630  -0.3754   0.0561  -0.1264  -0.0944  -0.0044   0.0000   0.0002   0.0202    0.252
   165  57.0234   2.6263   2.3719   3.9273   0.7724  -0.3736   0.0568  -0.1273  -0.0950  -0.0045   0.0000  -0.0001   0.0201    0.249
   166  57.1504   2.8240   2.3937   3.8791   0.7796  -0.3711   0.0573  -0.1280  -0.0956  -0.0045   0.0000  -0.0005   0.0199    0.245
   167  57.2799   3.0257   2.4160   3.8300   0.7846  -0.3678   0.0575  -0.1285  -0.0959  -0.0046   0.0000  -0.0008   0.0197    0.242
   168  57.4118   3.2311   2.4387   3.7800   0.7875  -0.3637   0.0574  -0.1287  -0.0961  -0.0046   0.0000  -0.0011   0.0195    0.239
   169  57.5458   3.4398   2.4617   3.7292   0.7883  -0.3586   0.0570  -0.1287  -0.0961  -0.0047   0.0000  -0.0014   0.0193    0.236
   170  57.6816   3.6513   2.4851   3.6777   0.7871  -0.3526   0.0563  -0.1283  -0.0958  -0.0047   0.0000  -0.0016   0.0190    0.233
   171  57.8189   3.8651   2.5087   3.6256   0.7840  -0.3457   0.0552  -0.1276  -0.0952  -0.0047   0.0000  -0.0018   0.0187    0.231
   172  57.9575   4.0810   2.5325   3.5730   0.7789  -0.3378   0.0540  -0.1265  -0.0944  -0.0046   0.0000  -0.0020   0.0184    0.229
   173  58.0971   4.2984   2.5565   3.5200   0.7721  -0.3290   0.0525  -0.1251  -0.0934  -0.0046   0.0000  -0.0022   0.0180    0.227
   174  58.2374   4.5169   2.5806   3.4668   0.7635  -0.3194   0.0508  -0.1233  -0.0920  -0.0045   0.0000  -0.0023   0.0176    0.225
   175  58.3781   4.7361   2.6048   3.4134   0.7532  -0.3090   0.0491  -0.1211  -0.0904  -0.0045   0.0000  -0.0024   0.0172    0.223
   176  58.5190   4.9555   2.6291   3.3600   0.7414  -0.2979   0.0474  -0.1186  -0.0886  -0.0044   0.0000  -0.0025   0.0167    0.222
   177  58.6597   5.1746   2.6533   3.3066   0.7282  -0.2863   0.0457  -0.1159  -0.0865  -0.0042   0.0000  -0.0026   0.0162    0.220
   178  58.8000   5.3931   2.6774   3.2534   0.7136  -0.2742   0.0440  -0.1128  -0.0842  -0.0041   0.0000  -0.0026   0.0157    0.219
   179  58.9396   5.6105   2.7014   3.2005   0.6977  -0.2619   0.0425  -0.1095  -0.0817  -0.0040   0.0000  -0.0027   0.0151    0.217
   180  59.0783   5.8264   2.7252   3.1479   0.6807  -0.2493   0.0410  -0.1060  -0.0791  -0.0038   0.0000  -0.0027   0.0146    0.216
   181  59.2156   6.0403   2.7488   3.0958   0.6626  -0.2366   0.0396  -0.1022  -0.0763  -0.0036   0.0000  -0.0027   0.0140    0.215
   182  59.3514   6.2518   2.7722   3.0443   0.6435  -0.2238   0.0384  -0.0984  -0.0735  -0.0035   0.0000  -0.0027   0.0134    0.214
   183  59.4854   6.4604   2.7952   2.9935   0.6236  -0.2112   0.0372  -0.0944  -0.0705  -0.0033   0.0000  -0.0027   0.0127    0.212
   184  59.6173   6.6658   2.8179   2.9434   0.6030  -0.1987   0.0362  -0.0903  -0.0674  -0.0031   0.0000  -0.0027   0.0121    0.211
   185  59.7468   6.8676   2.8402   2.8943   0.5816  -0.1865   0.0352  -0.0862  -0.0644  -0.0030   0.0000  -0.0026   0.0115    0.209
   186  59.8737   7.0652   2.8620   2.8462   0.5597  -0.1745   0.0344  -0.0820  -0.0612  -0.0028   0.0000  -0.0026   0.0108    0.207
   187  59.9978   7.2584   2.8833   2.7991   0.5373  -0.1628   0.0336  -0.0779  -0.0581  -0.0026   0.0000  -0.0026   0.0102    0.205
   188  60.1187   7.4468   2.9041   2.7532   0.5146  -0.1516   0.0329  -0.0737  -0.0550  -0.0025   0.0000  -0.0026   0.0095    0.203
   189  60.2363   7.6298   2.9243   2.7086   0.4914  -0.1407   0.0323  -0.0695  -0.0519  -0.0023   0.0000  -0.0026   0.0089    0.200
   190  60.3502   7.8073   2.9439   2.6654   0.4681  -0.1302   0.0317  -0.0654  -0.0488  -0.0022   0.0000  -0.0026   0.0082    0.197
   191  60.4604   7.9789   2.9629   2.6236   0.4445  -0.1202   0.0312  -0.0613  -0.0458  -0.0020   0.0000  -0.0026   0.0076    0.194
   192  60.5664   8.1441   2.9811   2.5834   0.4209  -0.1106   0.0308  -0.0573  -0.0428  -0.0019   0.0000  -0.0025   0.0069    0.191
   193  60.6683   8.3026   2.9986   2.5448   0.3972  -0.1014   0.0304  -0.0533  -0.0398  -0.0017   0.0000  -0.0025   0.0063    0.187
   194  60.7656   8.4543   3.0153   2.5078   0.3735  -0.0926   0.0301  -0.0494  -0.0369  -0.0016   0.0000  -0.0025   0.0057    0.182
   195  60.8583   8.5986   3.0313   2.4727   0.3498  -0.0843   0.0298  -0.0457  -0.0341  -0.0014   0.0000  -0.0025   0.0052    0.178
   196  60.9461   8.7354   3.0464   2.4394   0.3262  -0.0765   0.0296  -0.0420  -0.0313  -0.0013   0.0000  -0.0024   0.0046    0.173
   197  61.0289   8.8643   3.0606   2.4080   0.3027  -0.0690   0.0293  -0.0384  -0.0286  -0.0012   0.0000  -0.0024   0.0041    0.168
   198  61.1050   8.9828   3.0737   2.3791   0.2681  -0.0621   0.0292  -0.0349  -0.0261  -0.0011   0.0000  -0.0023   0.0036    0.163
   199  61.1744   9.0908   3.0856   2.3528   0.2460  -0.0556   0.0290  -0.0316  -0.0236  -0.0010   0.0000  -0.0022   0.0032    0.157
   200  61.2384   9.1906   3.0966   2.3285   0.2239  -0.0495   0.0289  -0.0285  -0.0212  -0.0009   0.0000  -0.0021   0.0028    0.152
   201  61.2971   9.2820   3.1067   2.3063   0.2021  -0.0437   0.0288  -0.0254  -0.0190  -0.0008   0.0000  -0.0020   0.0024    0.146
   202  61.3502   9.3647   3.1159   2.2861   0.1803  -0.0383   0.0287  -0.0224  -0.0167  -0.0007   0.0000  -0.0018   0.0020    0.140
   203  61.3977   9.4387   3.1240   2.2681   0.1587  -0.0331   0.0287  -0.0195  -0.0146  -0.0006   0.0000  -0.0017   0.0017    0.135
   204  61.4395   9.5038   3.1312   2.2523   0.1372  -0.0282   0.0286  -0.0167  -0.0125  -0.0005   0.0000  -0.0015   0.0014    0.130
   205  61.4755   9.5598   3.1374   2.2386   0.1159  -0.0234   0.0286  -0.0140  -0.0105  -0.0004   0.0000  -0.0013   0.0011    0.126
   206  61.5056   9.6066   3.1426   2.2272   0.0946  -0.0189   0.0285  -0.0114  -0.0085  -0.0004   0.0000  -0.0011   0.0009    0.121
   207  61.5297   9.6442   3.1467   2.2181   0.0735  -0.0145   0.0285  -0.0088  -0.0066  -0.0003   0.0000  -0.0009   0.0007    0.118
   208  61.5479   9.6725   3.1498   2.2112   0.0524  -0.0103   0.0285  -0.0062  -0.0047  -0.0002   0.0000  -0.0006   0.0005    0.116
   209  61.5600   9.6914   3.1519   2.2066   0.0314  -0.0061   0.0285  -0.0037  -0.0028  -0.0001   0.0000  -0.0004   0.0003    0.114
   210  61.5660   9.7008   3.1530   2.2043   0.0105  -0.0020   0.0285  -0.0012  -0.0009  -0.0001   0.0000  -0.0001   0.0001    0.114

  Surface # 4     horizontal_stabilizer (YDUP)            
     # Chordwise = 10   # Spanwise = 70     First strip =211
     Surface area Ssurf =   33.045236     Ave. chord Cave =    3.385454

 Forces referred to Sref, Cref, Bref about Xref, Yref, Zref
 Standard axis orientation,  X fwd, Z down         
     CLsurf  =  -0.00516     Clsurf  =  -0.00029
     CYsurf  =  -0.00064     Cmsurf  =   0.03600
     CDsurf  =  -0.00023     Cnsurf  =   0.00053
     CDisurf =  -0.00023     CDvsurf =   0.00000

 Forces referred to Ssurf, Cave 
     CLsurf  =  -0.07719     CDsurf  =  -0.00342

 Strip Forces referred to Strip Area, Chord
    j     Xle      Yle      Zle      Chord    Area     c_cl     ai     cl_norm    cl       cd       cdv    cm_c/4     cm_LE   C.P.x/c
   211  55.3378  -0.0012   2.0821   4.5667   0.0218  -0.2591   0.0503  -0.0802  -0.0599   0.0892   0.0000   0.0061  -0.0172    0.352
   212  55.3439  -0.0107   2.0832   4.5644   0.0654  -0.3562   0.0502  -0.1049  -0.0783   0.0064   0.0000   0.0071  -0.0226    0.341
   213  55.3560  -0.0296   2.0853   4.5598   0.1087  -0.3640   0.0499  -0.1070  -0.0799  -0.0001   0.0000   0.0072  -0.0230    0.340
   214  55.3743  -0.0580   2.0884   4.5529   0.1516  -0.3662   0.0496  -0.1077  -0.0804  -0.0019   0.0000   0.0072  -0.0231    0.339
   215  55.3985  -0.0958   2.0926   4.5437   0.1940  -0.3672   0.0493  -0.1082  -0.0808  -0.0026   0.0000   0.0071  -0.0231    0.338
   216  55.4288  -0.1429   2.0978   4.5322   0.2357  -0.3678   0.0491  -0.1086  -0.0811  -0.0029   0.0000   0.0069  -0.0231    0.336
   217  55.4649  -0.1992   2.1040   4.5185   0.2766  -0.3683   0.0489  -0.1091  -0.0815  -0.0030   0.0000   0.0067  -0.0230    0.333
   218  55.5069  -0.2646   2.1112   4.5025   0.3165  -0.3688   0.0487  -0.1097  -0.0819  -0.0031   0.0000   0.0065  -0.0228    0.329
   219  55.5546  -0.3389   2.1194   4.4844   0.3554  -0.3694   0.0486  -0.1103  -0.0823  -0.0032   0.0000   0.0062  -0.0227    0.325
   220  55.6080  -0.4221   2.1286   4.4642   0.3930  -0.3700   0.0486  -0.1109  -0.0828  -0.0032   0.0000   0.0059  -0.0225    0.321
   221  55.6670  -0.5139   2.1387   4.4418   0.4292  -0.3706   0.0486  -0.1117  -0.0834  -0.0033   0.0000   0.0055  -0.0223    0.316
   222  55.7314  -0.6141   2.1498   4.4174   0.4640  -0.3714   0.0486  -0.1125  -0.0840  -0.0034   0.0000   0.0051  -0.0221    0.311
   223  55.8011  -0.7227   2.1618   4.3910   0.4973  -0.3722   0.0488  -0.1134  -0.0847  -0.0034   0.0000   0.0047  -0.0219    0.305
   224  55.8759  -0.8392   2.1746   4.3626   0.5288  -0.3730   0.0490  -0.1144  -0.0854  -0.0035   0.0000   0.0043  -0.0218    0.300
   225  55.9558  -0.9636   2.1884   4.3323   0.5586  -0.3738   0.0494  -0.1155  -0.0862  -0.0036   0.0000   0.0039  -0.0216    0.295
   226  56.0405  -1.0955   2.2029   4.3001   0.5866  -0.3747   0.0498  -0.1166  -0.0871  -0.0036   0.0000   0.0035  -0.0214    0.290
   227  56.1315  -1.2373   2.2186   4.2656   0.6352  -0.3755   0.0504  -0.1178  -0.0880  -0.0037   0.0000   0.0030  -0.0212    0.284
   228  56.2289  -1.3889   2.2353   4.2287   0.6600  -0.3763   0.0510  -0.1191  -0.0889  -0.0038   0.0000   0.0026  -0.0211    0.279
   229  56.3307  -1.5475   2.2528   4.1900   0.6826  -0.3769   0.0518  -0.1204  -0.0899  -0.0039   0.0000   0.0022  -0.0209    0.274
   230  56.4368  -1.7127   2.2711   4.1498   0.7031  -0.3773   0.0526  -0.1217  -0.0908  -0.0040   0.0000   0.0018  -0.0208    0.270
   231  56.5469  -1.8842   2.2900   4.1080   0.7214  -0.3775   0.0535  -0.1230  -0.0918  -0.0041   0.0000   0.0014  -0.0207    0.265
   232  56.6609  -2.0617   2.3096   4.0648   0.7375  -0.3772   0.0544  -0.1242  -0.0927  -0.0042   0.0000   0.0010  -0.0205    0.261
   233  56.7785  -2.2448   2.3298   4.0202   0.7513  -0.3766   0.0553  -0.1254  -0.0936  -0.0043   0.0000   0.0006  -0.0204    0.256
   234  56.8994  -2.4331   2.3506   3.9743   0.7630  -0.3754   0.0561  -0.1264  -0.0944  -0.0044   0.0000   0.0002  -0.0202    0.252
   235  57.0234  -2.6263   2.3719   3.9273   0.7724  -0.3736   0.0568  -0.1273  -0.0950  -0.0045   0.0000  -0.0001  -0.0201    0.249
   236  57.1504  -2.8240   2.3937   3.8791   0.7796  -0.3711   0.0573  -0.1280  -0.0956  -0.0045   0.0000  -0.0005  -0.0199    0.245
   237  57.2799  -3.0257   2.4160   3.8300   0.7846  -0.3678   0.0575  -0.1285  -0.0959  -0.0046   0.0000  -0.0008  -0.0197    0.242
   238  57.4118  -3.2311   2.4387   3.7800   0.7875  -0.3637   0.0574  -0.1287  -0.0961  -0.0046   0.0000  -0.0011  -0.0195    0.239
   239  57.5458  -3.4398   2.4617   3.7292   0.7883  -0.3586   0.0570  -0.1287  -0.0961  -0.0047   0.0000  -0.0014  -0.0193    0.236
   240  57.6816  -3.6513   2.4851   3.6777   0.7871  -0.3526   0.0563  -0.1283  -0.0958  -0.0047   0.0000  -0.0016  -0.0190    0.233
   241  57.8189  -3.8651   2.5087   3.6256   0.7840  -0.3457   0.0552  -0.1276  -0.0952  -0.0047   0.0000  -0.0018  -0.0187    0.231
   242  57.9575  -4.0810   2.5325   3.5730   0.7789  -0.3378   0.0540  -0.1265  -0.0944  -0.0046   0.0000  -0.0020  -0.0184    0.229
   243  58.0971  -4.2984   2.5565   3.5200   0.7721  -0.3290   0.0525  -0.1251  -0.0934  -0.0046   0.0000  -0.0022  -0.0180    0.227
   244  58.2374  -4.5169   2.5806   3.4668   0.7635  -0.3194   0.0508  -0.1233  -0.0920  -0.0045   0.0000  -0.0023  -0.0176    0.225
   245  58.3781  -4.7361   2.6048   3.4134   0.7532  -0.3090   0.0491  -0.1211  -0.0904  -0.0045   0.0000  -0.0024  -0.0172    0.223
   246  58.5190  -4.9555   2.6291   3.3600   0.7414  -0.2979   0.0474  -0.1186  -0.0886  -0.0044   0.0000  -0.0025  -0.0167    0.222
   247  58.6597  -5.1746   2.6533   3.3066   0.7282  -0.2863   0.0457  -0.1159  -0.0865  -0.0042   0.0000  -0.0026  -0.0162    0.220
   248  58.8000  -5.3931   2.6774   3.2534   0.7136  -0.2742   0.0440  -0.1128  -0.0842  -0.0041   0.0000  -0.0026  -0.0157    0.219
   249  58.9396  -5.6105   2.7014   3.2005   0.6977  -0.2619   0.0425  -0.1095  -0.0817  -0.0040   0.0000  -0.0027  -0.0151    0.217
   250  59.0783  -5.8264   2.7252   3.1479   0.6807  -0.2493   0.0410  -0.1060  -0.0791  -0.0038   0.0000  -0.0027  -0.0146    0.216
   251  59.2156  -6.0403   2.7488   3.0958   0.6626  -0.2366   0.0396  -0.1022  -0.0763  -0.0036   0.0000  -0.0027  -0.0140    0.215
   252  59.3514  -6.2518   2.7722   3.0443   0.6435  -0.2238   0.0384  -0.0984  -0.0735  -0.0035   0.0000  -0.0027  -0.0134    0.214
   253  59.4854  -6.4604   2.7952   2.9935   0.6236  -0.2112   0.0372  -0.0944  -0.0705  -0.0033   0.0000  -0.0027  -0.0127    0.212
   254  59.6173  -6.6658   2.8179   2.9434   0.6030  -0.1987   0.0362  -0.0903  -0.0674  -0.0031   0.0000  -0.0027  -0.0121    0.211
   255  59.7468  -6.8676   2.8402   2.8943   0.5816  -0.1865   0.0352  -0.0862  -0.0644  -0.0030   0.0000  -0.0026  -0.0115    0.209
   256  59.8737  -7.0652   2.8620   2.8462   0.5597  -0.1745   0.0344  -0.0820  -0.0612  -0.0028   0.0000  -0.0026  -0.0108    0.207
   257  59.9978  -7.2584   2.8833   2.7991   0.5373  -0.1628   0.0336  -0.0779  -0.0581  -0.0026   0.0000  -0.0026  -0.0102    0.205
   258  60.1187  -7.4468   2.9041   2.7532   0.5146  -0.1516   0.0329  -0.0737  -0.0550  -0.0025   0.0000  -0.0026  -0.0095    0.203
   259  60.2363  -7.6298   2.9243   2.7086   0.4914  -0.1407   0.0323  -0.0695  -0.0519  -0.0023   0.0000  -0.0026  -0.0089    0.200
   260  60.3502  -7.8073   2.9439   2.6654   0.4681  -0.1302   0.0317  -0.0654  -0.0488  -0.0022   0.0000  -0.0026  -0.0082    0.197
   261  60.4604  -7.9789   2.9629   2.6236   0.4445  -0.1202   0.0312  -0.0613  -0.0458  -0.0020   0.0000  -0.0026  -0.0076    0.194
   262  60.5664  -8.1441   2.9811   2.5834   0.4209  -0.1106   0.0308  -0.0573  -0.0428  -0.0019   0.0000  -0.0025  -0.0069    0.191
   263  60.6683  -8.3026   2.9986   2.5448   0.3972  -0.1014   0.0304  -0.0533  -0.0398  -0.0017   0.0000  -0.0025  -0.0063    0.187
   264  60.7656  -8.4543   3.0153   2.5078   0.3735  -0.0926   0.0301  -0.0494  -0.0369  -0.0016   0.0000  -0.0025  -0.0057    0.182
   265  60.8583  -8.5986   3.0313   2.4727   0.3498  -0.0843   0.0298  -0.0457  -0.0341  -0.0014   0.0000  -0.0025  -0.0052    0.178
   266  60.9461  -8.7354   3.0464   2.4394   0.3262  -0.0765   0.0296  -0.0420  -0.0313  -0.0013   0.0000  -0.0024  -0.0046    0.173
   267  61.0289  -8.8643   3.0606   2.4080   0.3027  -0.0690   0.0293  -0.0384  -0.0286  -0.0012   0.0000  -0.0024  -0.0041    0.168
   268  61.1050  -8.9828   3.0737   2.3791   0.2681  -0.0621   0.0292  -0.0349  -0.0261  -0.0011   0.0000  -0.0023  -0.0036    0.163
   269  61.1744  -9.0908   3.0856   2.3528   0.2460  -0.0556   0.0290  -0.0316  -0.0236  -0.0010   0.0000  -0.0022  -0.0032    0.157
   270  61.2384  -9.1906   3.0966   2.3285   0.2239  -0.0495   0.0289  -0.0285  -0.0212  -0.0009   0.0000  -0.0021  -0.0028    0.152
   271  61.2971  -9.2820   3.1067   2.3063   0.2021  -0.0437   0.0288  -0.0254  -0.0190  -0.0008   0.0000  -0.0020  -0.0024    0.146
   272  61.3502  -9.3647   3.1159   2.2861   0.1803  -0.0383   0.0287  -0.0224  -0.0167  -0.0007   0.0000  -0.0018  -0.0020    0.140
   273  61.3977  -9.4387   3.1240   2.2681   0.1587  -0.0331   0.0287  -0.0195  -0.0146  -0.0006   0.0000  -0.0017  -0.0017    0.135
   274  61.4395  -9.5038   3.1312   2.2523   0.1372  -0.0282   0.0286  -0.0167  -0.0125  -0.0005   0.0000  -0.0015  -0.0014    0.130
   275  61.4755  -9.5598   3.1374   2.2386   0.1159  -0.0234   0.0286  -0.0140  -0.0105  -0.0004   0.0000  -0.0013  -0.0011    0.126
   276  61.5056  -9.6066   3.1426   2.2272   0.0946  -0.0189   0.0285  -0.0114  -0.0085  -0.0004   0.0000  -0.0011  -0.0009    0.121
   277  61.5297  -9.6442   3.1467   2.2181   0.0735  -0.0145   0.0285  -0.0088  -0.0066  -0.0003   0.0000  -0.0009  -0.0007    0.118
   278  61.5479  -9.6725   3.1498   2.2112   0.0524  -0.0103   0.0285  -0.0062  -0.0047  -0.0002   0.0000  -0.0006  -0.0005    0.116
   279  61.5600  -9.6914   3.1519   2.2066   0.0314  -0.0061   0.0285  -0.0037  -0.0028  -0.0001   0.0000  -0.0004  -0.0003    0.114
   280  61.5660  -9.7008   3.1530   2.2043   0.0105  -0.0020   0.0285  -0.0012  -0.0009  -0.0001   0.0000  -0.0001  -0.0001    0.114

  Surface # 5     vertical_stabilizer                     
     # Chordwise = 10   # Spanwise = 70     First strip =281
     Surface area Ssurf =   45.713867     Ave. chord Cave =    5.520998

 Forces referred to Sref, Cref, Bref about Xref, Yref, Zref
 Standard axis orientation,  X fwd, Z down         
     CLsurf  =   0.00000     Clsurf  =   0.00000
     CYsurf  =   0.00000     Cmsurf  =  -0.00000
     CDsurf  =  -0.00000     Cnsurf  =  -0.00000
     CDisurf =  -0.00000     CDvsurf =   0.00000

 Forces referred to Ssurf, Cave 
     CLsurf  =  -0.00000     CDsurf  =  -0.00000

 Strip Forces referred to Strip Area, Chord
    j     Xle      Yle      Zle      Chord    Area     c_cl     ai     cl_norm    cl       cd       cdv    cm_c/4     cm_LE   C.P.x/c
   281  52.2101   0.0000   3.6002   7.9300   0.1771  -0.0000   0.0000  -0.0000  -0.0000   0.0000   0.0000   0.0000   0.0000    0.339
   282  52.2358   0.0000   3.6263   7.9148   0.2360  -0.0000   0.0000  -0.0000  -0.0000   0.0000   0.0000   0.0000   0.0000    0.331
   283  52.2688   0.0000   3.6599   7.8953   0.2943  -0.0000   0.0000  -0.0000  -0.0000   0.0000   0.0000   0.0000   0.0000    0.293
   284  52.3092   0.0000   3.7008   7.8713   0.3517  -0.0000   0.0000  -0.0000  -0.0000   0.0000   0.0000   0.0000   0.0000    0.329
   285  52.3568   0.0000   3.7492   7.8431   0.4080  -0.0000  -0.0000  -0.0000  -0.0000  -0.0000   0.0000   0.0000   0.0000    0.405
   286  52.4116   0.0000   3.8049   7.8107   0.4631  -0.0000   0.0000  -0.0000  -0.0000   0.0000   0.0000   0.0000   0.0000    0.392
   287  52.4736   0.0000   3.8678   7.7740   0.5167  -0.0000   0.0000  -0.0000  -0.0000   0.0000   0.0000   0.0000   0.0000    0.361
   288  52.5425   0.0000   3.9378   7.7331   0.5687  -0.0000  -0.0000  -0.0000  -0.0000   0.0000   0.0000   0.0000   0.0000    0.329
   289  52.6184   0.0000   4.0148   7.6882   0.6188  -0.0000   0.0000  -0.0000  -0.0000   0.0000   0.0000   0.0000   0.0000    0.363
   290  52.7011   0.0000   4.0987   7.6392   0.6670  -0.0000   0.0000  -0.0000  -0.0000   0.0000   0.0000   0.0000   0.0000    0.352
   291  52.7904   0.0000   4.1894   7.5863   0.7129  -0.0000   0.0000  -0.0000  -0.0000  -0.0000   0.0000   0.0000   0.0000    0.351
   292  52.8862   0.0000   4.2867   7.5296   0.7566  -0.0000  -0.0000  -0.0000  -0.0000  -0.0000   0.0000   0.0000   0.0000    0.371
   293  52.9883   0.0000   4.3903   7.4691   0.7978  -0.0000   0.0000  -0.0000  -0.0000  -0.0000   0.0000   0.0000   0.0000    0.336
   294  53.0965   0.0000   4.5002   7.4050   0.8364  -0.0000   0.0000  -0.0000  -0.0000   0.0000   0.0000   0.0000   0.0000    0.315
   295  53.2107   0.0000   4.6162   7.3374   0.8724  -0.0000  -0.0000  -0.0000  -0.0000   0.0000   0.0000   0.0000   0.0000    0.316
   296  53.3307   0.0000   4.7380   7.2663   0.9056  -0.0000   0.0000  -0.0000  -0.0000   0.0000   0.0000   0.0000   0.0000    0.299
   297  53.4562   0.0000   4.8654   7.1920   0.9359  -0.0000  -0.0000  -0.0000  -0.0000  -0.0000   0.0000   0.0000   0.0000    0.313
   298  53.5870   0.0000   4.9982   7.1146   0.9633  -0.0000   0.0000  -0.0000  -0.0000  -0.0000   0.0000   0.0000   0.0000    0.262
   299  53.7228   0.0000   5.1361   7.0341   0.9877  -0.0000   0.0000  -0.0000  -0.0000  -0.0000   0.0000   0.0000   0.0000    0.261
   300  53.8635   0.0000   5.2790   6.9508   1.0092  -0.0000   0.0000  -0.0000  -0.0000   0.0000   0.0000   0.0000   0.0000    0.258
   301  54.0087   0.0000   5.4264   6.8647   1.0275  -0.0000  -0.0000  -0.0000  -0.0000  -0.0000   0.0000   0.0000   0.0000    0.283
   302  54.1583   0.0000   5.5783   6.7762   1.0429  -0.0000   0.0000  -0.0000  -0.0000  -0.0000   0.0000  -0.0000   0.0000    0.222
   303  54.3118   0.0000   5.7342   6.6852   1.0552  -0.0000   0.0000  -0.0000  -0.0000   0.0000   0.0000  -0.0000   0.0000    0.180
   304  54.4691   0.0000   5.8939   6.5921   1.0645  -0.0000  -0.0000  -0.0000  -0.0000   0.0000   0.0000   0.0000   0.0000    0.252
   305  54.6299   0.0000   6.0571   6.4969   1.0709  -0.0000  -0.0000  -0.0000  -0.0000  -0.0000   0.0000   0.0000   0.0000    0.277
   306  54.7937   0.0000   6.2234   6.3998   1.0743  -0.0000  -0.0000  -0.0000  -0.0000  -0.0000   0.0000   0.0000   0.0000    0.275
   307  54.9605   0.0000   6.3927   6.3011   1.0748  -0.0000   0.0000  -0.0000  -0.0000  -0.0000   0.0000   0.0000   0.0000    0.279
   308  55.1297   0.0000   6.5645   6.2009   1.0726  -0.0000   0.0000  -0.0000  -0.0000   0.0000   0.0000  -0.0000   0.0000    0.230
   309  55.3011   0.0000   6.7386   6.0993   1.0677  -0.0000  -0.0000  -0.0000  -0.0000  -0.0000   0.0000   0.0000   0.0000    0.260
   310  55.4744   0.0000   6.9145   5.9967   1.0602  -0.0000  -0.0000  -0.0000  -0.0000   0.0000   0.0000   0.0000   0.0000    0.281
   311  55.6493   0.0000   7.0921   5.8931   1.0502  -0.0000  -0.0000  -0.0000  -0.0000  -0.0000   0.0000   0.0000   0.0000    0.288
   312  55.8254   0.0000   7.2709   5.7888   1.0378  -0.0000  -0.0000  -0.0000  -0.0000  -0.0000   0.0000  -0.0000   0.0000    0.215
   313  56.0024   0.0000   7.4506   5.6840   1.0232  -0.0000   0.0000  -0.0000  -0.0000  -0.0000   0.0000  -0.0000   0.0000    0.233
   314  56.1799   0.0000   7.6308   5.5789   1.0064  -0.0000   0.0000  -0.0000  -0.0000   0.0000   0.0000  -0.0000   0.0000    0.211
   315  56.3576   0.0000   7.8113   5.4736   0.9877  -0.0000   0.0000  -0.0000  -0.0000  -0.0000   0.0000  -0.0000   0.0000    0.174
   316  56.5353   0.0000   7.9916   5.3684   0.9671  -0.0000  -0.0000  -0.0000  -0.0000  -0.0000   0.0000  -0.0000   0.0000    0.145
   317  56.7124   0.0000   8.1715   5.2635   0.9449  -0.0000  -0.0000  -0.0000  -0.0000   0.0000   0.0000  -0.0000   0.0000    0.114
   318  56.8888   0.0000   8.3506   5.1590   0.9211  -0.0000   0.0000  -0.0000  -0.0000  -0.0000   0.0000  -0.0000   0.0000    0.092
   319  57.0641   0.0000   8.5285   5.0552   0.8959  -0.0000   0.0000  -0.0000  -0.0000  -0.0000   0.0000  -0.0000   0.0000    0.120
   320  57.2378   0.0000   8.7049   4.9523   0.8694  -0.0000   0.0000  -0.0000  -0.0000   0.0000   0.0000  -0.0000   0.0000    0.124
   321  57.4098   0.0000   8.8795   4.8504   0.8418  -0.0000  -0.0000  -0.0000  -0.0000  -0.0000   0.0000  -0.0000   0.0000    0.146
   322  57.5796   0.0000   9.0520   4.7499   0.8133  -0.0000   0.0000  -0.0000  -0.0000  -0.0000   0.0000  -0.0000   0.0000    0.121
   323  57.7470   0.0000   9.2219   4.6507   0.7840  -0.0000   0.0000  -0.0000  -0.0000  -0.0000   0.0000  -0.0000   0.0000    0.102
   324  57.9116   0.0000   9.3890   4.5532   0.7540  -0.0000  -0.0000  -0.0000  -0.0000  -0.0000   0.0000  -0.0000   0.0000    0.127
   325  58.0731   0.0000   9.5530   4.4576   0.7235  -0.0000   0.0000  -0.0000  -0.0000   0.0000   0.0000  -0.0000   0.0000    0.098
   326  58.2313   0.0000   9.7136   4.3639   0.6925  -0.0000  -0.0000  -0.0000  -0.0000  -0.0000   0.0000  -0.0000   0.0000    0.132
   327  58.3857   0.0000   9.8703   4.2725   0.6613  -0.0000   0.0000  -0.0000  -0.0000  -0.0000   0.0000  -0.0000   0.0000    0.137
   328  58.5361   0.0000  10.0230   4.1834   0.6299  -0.0000  -0.0000  -0.0000  -0.0000  -0.0000   0.0000  -0.0000   0.0000    0.151
   329  58.6822   0.0000  10.1714   4.0969   0.5984  -0.0000  -0.0000  -0.0000  -0.0000  -0.0000   0.0000  -0.0000   0.0000    0.181
   330  58.8237   0.0000  10.3151   4.0130   0.5670  -0.0000  -0.0000  -0.0000  -0.0000  -0.0000   0.0000  -0.0000   0.0000    0.171
   331  58.9604   0.0000  10.4539   3.9321   0.5357  -0.0000   0.0000  -0.0000  -0.0000  -0.0000   0.0000  -0.0000   0.0000    0.102
   332  59.0920   0.0000  10.5875   3.8541   0.5046  -0.0000   0.0000  -0.0000  -0.0000  -0.0000   0.0000  -0.0000   0.0000    0.110
   333  59.2183   0.0000  10.7157   3.7794   0.4737  -0.0000  -0.0000  -0.0000  -0.0000  -0.0000   0.0000  -0.0000   0.0000    0.117
   334  59.3389   0.0000  10.8381   3.7079   0.4432  -0.0000   0.0000  -0.0000  -0.0000  -0.0000   0.0000  -0.0000   0.0000    0.107
   335  59.4537   0.0000  10.9547   3.6399   0.4131  -0.0000   0.0000  -0.0000  -0.0000  -0.0000   0.0000  -0.0000   0.0000    0.112
   336  59.5624   0.0000  11.0651   3.5756   0.3834  -0.0000   0.0000  -0.0000  -0.0000  -0.0000   0.0000  -0.0000   0.0000    0.093
   337  59.6648   0.0000  11.1691   3.5149   0.3542  -0.0000   0.0000  -0.0000  -0.0000  -0.0000   0.0000  -0.0000   0.0000    0.119
   338  59.7608   0.0000  11.2665   3.4580   0.3254  -0.0000   0.0000  -0.0000  -0.0000  -0.0000   0.0000  -0.0000   0.0000    0.077
   339  59.8502   0.0000  11.3572   3.4051   0.2971  -0.0000   0.0000  -0.0000  -0.0000  -0.0000   0.0000  -0.0000   0.0000    0.047
   340  59.9327   0.0000  11.4410   3.3562   0.2693  -0.0000  -0.0000  -0.0000  -0.0000  -0.0000   0.0000  -0.0000   0.0000    0.059
   341  60.0082   0.0000  11.5177   3.3115   0.2420  -0.0000   0.0000  -0.0000  -0.0000  -0.0000   0.0000  -0.0000   0.0000    0.063
   342  60.0766   0.0000  11.5871   3.2710   0.2151  -0.0000  -0.0000  -0.0000  -0.0000  -0.0000   0.0000  -0.0000   0.0000    0.103
   343  60.1377   0.0000  11.6492   3.2348   0.1887  -0.0000  -0.0000  -0.0000  -0.0000  -0.0000   0.0000  -0.0000   0.0000    0.096
   344  60.1915   0.0000  11.7038   3.2030   0.1627  -0.0000   0.0000  -0.0000  -0.0000  -0.0000   0.0000  -0.0000   0.0000    0.088
   345  60.2378   0.0000  11.7508   3.1756   0.1370  -0.0000   0.0000  -0.0000  -0.0000  -0.0000   0.0000  -0.0000   0.0000    0.097
   346  60.2765   0.0000  11.7901   3.1526   0.1116  -0.0000   0.0000  -0.0000  -0.0000  -0.0000   0.0000  -0.0000   0.0000    0.111
   347  60.3075   0.0000  11.8216   3.1342   0.0866  -0.0000   0.0000  -0.0000  -0.0000  -0.0000   0.0000  -0.0000   0.0000    0.101
   348  60.3308   0.0000  11.8453   3.1204   0.0617  -0.0000  -0.0000  -0.0000  -0.0000  -0.0000   0.0000  -0.0000   0.0000    0.100
   349  60.3464   0.0000  11.8611   3.1112   0.0369  -0.0000  -0.0000  -0.0000  -0.0000  -0.0000   0.0000  -0.0000   0.0000    0.133
   350  60.3542   0.0000  11.8690   3.1066   0.0123  -0.0000   0.0000  -0.0000  -0.0000  -0.0000   0.0000  -0.0000   0.0000    0.094

  Surface # 6     fuselage_horizontal                     
     # Chordwise = 10   # Spanwise = 10     First strip =351
     Surface area Ssurf =  305.582940     Ave. chord Cave =   52.236400

 Forces referred to Sref, Cref, Bref about Xref, Yref, Zref
 Standard axis orientation,  X fwd, Z down         
     CLsurf  =  -0.00239     Clsurf  =   0.00000
     CYsurf  =  -0.00000     Cmsurf  =   0.01753
     CDsurf  =  -0.00013     Cnsurf  =   0.00000
     CDisurf =  -0.00013     CDvsurf =   0.00000

 Forces referred to Ssurf, Cave 
     CLsurf  =  -0.00383     CDsurf  =  -0.00021

 Strip Forces referred to Strip Area, Chord
    j     Xle      Yle      Zle      Chord    Area     c_cl     ai     cl_norm    cl       cd       cdv    cm_c/4     cm_LE   C.P.x/c
   351   7.4693  -2.6325   0.0000  39.8265  23.2985  -0.1690   0.0942  -0.0382  -0.0042  -0.0001   0.0000   0.0035   0.0006    1.066
   352   4.3582  -2.0475   0.0000  47.8148  27.9717  -0.2114   0.0478  -0.0089  -0.0044   0.0003   0.0000   0.0036   0.0012    1.066
   353   2.4947  -1.4625   0.0000  53.5537  31.3289  -0.2272   0.0216  -0.0053  -0.0042   0.0001   0.0000   0.0035   0.0016    1.085
   354   1.1502  -0.8775   0.0000  58.2257  34.0620  -0.2041   0.0246  -0.0036  -0.0035  -0.0003   0.0000   0.0031   0.0019    1.145
   355   0.2954  -0.2925   0.0000  61.7612  36.1303  -0.1898   0.0243  -0.0032  -0.0030  -0.0009   0.0000   0.0029   0.0026    1.205
   356   0.2954   0.2925   0.0000  61.7612  36.1303  -0.1898   0.0243  -0.0032  -0.0030  -0.0009   0.0000   0.0029   0.0026    1.205
   357   1.1502   0.8775   0.0000  58.2257  34.0620  -0.2041   0.0246  -0.0036  -0.0035  -0.0003   0.0000   0.0031   0.0019    1.145
   358   2.4947   1.4625   0.0000  53.5538  31.3289  -0.2272   0.0216  -0.0053  -0.0042   0.0001   0.0000   0.0035   0.0016    1.085
   359   4.3582   2.0475   0.0000  47.8148  27.9717  -0.2114   0.0478  -0.0089  -0.0044   0.0003   0.0000   0.0036   0.0012    1.066
   360   7.4692   2.6325   0.0000  39.8266  23.2985  -0.1690   0.0942  -0.0382  -0.0042  -0.0001   0.0000   0.0035   0.0006    1.066

  Surface # 7     fuselage_vertical                       
     # Chordwise = 10   # Spanwise = 10     First strip =361
     Surface area Ssurf =  302.292047     Ave. chord Cave =   52.236400

 Forces referred to Sref, Cref, Bref about Xref, Yref, Zref
 Standard axis orientation,  X fwd, Z down         
     CLsurf  =  -0.00000     Clsurf  =   0.00000
     CYsurf  =   0.00000     Cmsurf  =   0.00000
     CDsurf  =  -0.00000     Cnsurf  =  -0.00000
     CDisurf =  -0.00000     CDvsurf =   0.00000

 Forces referred to Ssurf, Cave 
     CLsurf  =  -0.00000     CDsurf  =  -0.00000

 Strip Forces referred to Strip Area, Chord
    j     Xle      Yle      Zle      Chord    Area     c_cl     ai     cl_norm    cl       cd       cdv    cm_c/4     cm_LE   C.P.x/c
   361   7.4693   0.0000  -2.6041  39.8265  23.0476   0.0000  -0.0000   0.0000   0.0000  -0.0000   0.0000  -0.0000  -0.0000    1.174
   362   4.3582   0.0000  -2.0255  47.8148  27.6705   0.0000  -0.0000   0.0000   0.0000  -0.0000   0.0000  -0.0000  -0.0000  999.000
   363   2.4947   0.0000  -1.4467  53.5537  30.9916  -0.0000  -0.0000  -0.0000  -0.0000   0.0000   0.0000  -0.0000  -0.0000   -0.055
   364   1.1502   0.0000  -0.8680  58.2257  33.6952  -0.0000   0.0000  -0.0000  -0.0000   0.0000   0.0000  -0.0000   0.0000    0.172
   365   0.2954   0.0000  -0.2894  61.7612  35.7412  -0.0000   0.0000  -0.0000  -0.0000  -0.0000   0.0000  -0.0000   0.0000    0.239
   366   0.2954   0.0000   0.2894  61.7612  35.7412  -0.0000   0.0000  -0.0000  -0.0000  -0.0000   0.0000   0.0000   0.0000    0.368
   367   1.1502   0.0000   0.8680  58.2257  33.6952  -0.0000   0.0000  -0.0000  -0.0000   0.0000   0.0000   0.0000   0.0000    0.422
   368   2.4947   0.0000   1.4467  53.5537  30.9916  -0.0000   0.0000  -0.0000  -0.0000  -0.0000   0.0000   0.0000   0.0000    0.410
   369   4.3582   0.0000   2.0255  47.8148  27.6705  -0.0000   0.0000  -0.0000  -0.0000   0.0000   0.0000   0.0000   0.0000    0.512
   370   7.4693   0.0000   2.6041  39.8265  23.0476  -0.0000   0.0000  -0.0000  -0.0000   0.0000   0.0000   0.0000   0.0000    0.596
 ---------------------------------------------------------------
