 ---------------------------------------------------------------
 Surface and Strip Forces by surface

  Sref =  490.60       Cref =  8.4083       Bref =  70.000    
  Xref =  0.0000       Yref =  0.0000       Zref =  0.0000    

  Surface # 1     main_wing                               
     # Chordwise = 10   # Spanwise = 70     First strip =  1
     Surface area Ssurf =  250.220834     Ave. chord Cave =    7.118896

 Forces referred to Sref, Cref, Bref about Xref, Yref, Zref
 Standard axis orientation,  X fwd, Z down         
     CLsurf  =   0.70567     Clsurf  =  -0.14031
     CYsurf  =  -0.02784     Cmsurf  =  -2.68825
     CDsurf  =   0.03335     Cnsurf  =  -0.01545
     CDisurf =   0.03335     CDvsurf =   0.00000

 Forces referred to Ssurf, Cave 
     CLsurf  =   1.38327     CDsurf  =   0.06539

 Strip Forces referred to Strip Area, Chord
    j     Xle      Yle      Zle      Chord    Area     c_cl     ai     cl_norm    cl       cd       cdv    cm_c/4     cm_LE   C.P.x/c
     1  22.4080   0.0042  -0.9570  12.4590   0.2104  14.1710   0.1470   1.1269   1.1269   0.1593   0.0000  -0.1153  -0.3996    0.352
     2  22.4080   0.0380  -0.9570  12.4590   0.6307  14.1711   0.1470   1.1269   1.1269   0.1591   0.0000  -0.1153  -0.3996    0.352
     3  22.4080   0.1054  -0.9570  12.4590   1.0498  14.1716   0.1470   1.1270   1.1270   0.1587   0.0000  -0.1153  -0.3997    0.352
     4  22.4080   0.2065  -0.9570  12.4590   1.4668  14.1736   0.1471   1.1273   1.1273   0.1582   0.0000  -0.1155  -0.3999    0.352
     5  22.4080   0.3408  -0.9570  12.4590   1.8808  14.1781   0.1472   1.1277   1.1277   0.1578   0.0000  -0.1158  -0.4003    0.353
     6  22.4080   0.5083  -0.9570  12.4590   2.2910  14.1871   0.1475   1.1285   1.1285   0.1575   0.0000  -0.1165  -0.4012    0.353
     7  22.4080   0.7085  -0.9570  12.4590   2.6966  14.2029   0.1479   1.1298   1.1298   0.1576   0.0000  -0.1177  -0.4027    0.354
     8  22.4080   0.9411  -0.9570  12.4590   3.0968  14.2289   0.1482   1.1318   1.1318   0.1582   0.0000  -0.1196  -0.4051    0.356
     9  22.4080   1.2055  -0.9570  12.4590   3.4907  14.2702   0.1479   1.1349   1.1349   0.1596   0.0000  -0.1224  -0.4087    0.358
    10  22.4080   1.5013  -0.9570  12.4590   3.8776  14.3350   0.1456   1.1397   1.1397   0.1624   0.0000  -0.1265  -0.4142    0.361
    11  22.4080   1.8278  -0.9570  12.4590   4.2567  14.4401   0.1395   1.1473   1.1473   0.1679   0.0000  -0.1326  -0.4223    0.366
    12  22.4080   2.1844  -0.9570  12.4590   4.6273  14.6308   0.1278   1.1604   1.1604   0.1817   0.0000  -0.1417  -0.4353    0.372
    13  22.4080   2.5704  -0.9570  12.4590   4.9885  15.1988   0.1093   1.1921   1.1921   0.2646   0.0000  -0.1587  -0.4636    0.383
    14  22.5966   3.0754  -0.9200  12.2979   7.5875  15.6681   0.5021   1.5607   1.2419   0.2927   0.0000  -0.1855  -0.4366    0.399
    15  22.9924   3.7075  -0.8424  11.9598   7.8494  15.4223   0.4862   1.5891   1.2645   0.2537   0.0000  -0.1804  -0.4358    0.393
    16  23.3450   4.2708  -0.7732  11.6585   5.5431  14.4998   0.0766   1.5557   1.2380   0.1401   0.0000  -0.1435  -0.3948    0.366
    17  23.6484   4.7553  -0.7137  11.3993   5.7056  14.0566   0.0803   1.5435   1.2283   0.1342   0.0000  -0.1253  -0.3772    0.352
    18  23.9670   5.2641  -0.6513  11.1271   5.8372  13.7251   0.0834   1.5455   1.2298   0.1276   0.0000  -0.1122  -0.3663    0.341
    19  24.3002   5.7964  -0.5859  10.8424   5.9373  13.4442   0.0853   1.5553   1.2376   0.1208   0.0000  -0.1017  -0.3589    0.332
    20  24.6474   6.3509  -0.5178  10.5458   6.0058  13.1910   0.0858   1.5706   1.2498   0.1141   0.0000  -0.0929  -0.3540    0.324
    21  25.0079   6.9266  -0.4471  10.2379   6.0430  12.9535   0.0847   1.5905   1.2656   0.1075   0.0000  -0.0855  -0.3509    0.318
    22  25.3809   7.5223  -0.3740   9.9192   6.0490  12.7245   0.0818   1.6144   1.2846   0.1010   0.0000  -0.0791  -0.3495    0.312
    23  25.7657   8.1368  -0.2985   9.5905   6.0244  12.4996   0.0767   1.6420   1.3066   0.0943   0.0000  -0.0738  -0.3496    0.306
    24  26.1614   8.7690  -0.2209   9.2523   5.9700  12.2761   0.0688   1.6735   1.3317   0.0875   0.0000  -0.0694  -0.3511    0.302
    25  26.5674   9.4174  -0.1413   8.9055   5.8867  12.0487   0.0567   1.7083   1.3594   0.0810   0.0000  -0.0657  -0.3538    0.298
    26  27.0024  10.1168  -0.0685   8.6379   6.4402  11.7950   0.0459   1.8101   1.3737   0.0735   0.0000  -0.0558  -0.3459    0.291
    27  27.4662  10.8669  -0.0029   8.4530   6.4244  11.6106   0.0471   1.8225   1.3830   0.0666   0.0000  -0.0488  -0.3418    0.285
    28  27.9384  11.6306   0.0640   8.2648   6.3881  11.4309   0.0478   1.8370   1.3941   0.0591   0.0000  -0.0431  -0.3391    0.281
    29  28.4181  12.4065   0.1318   8.0736   6.3319  11.2521   0.0490   1.8529   1.4061   0.0518   0.0000  -0.0385  -0.3375    0.277
    30  28.9043  13.1928   0.2006   7.8797   6.2569  11.0712   0.0507   1.8697   1.4188   0.0450   0.0000  -0.0348  -0.3369    0.275
    31  29.3961  13.9881   0.2702   7.6837   6.1641  10.8866   0.0524   1.8870   1.4320   0.0385   0.0000  -0.0318  -0.3369    0.272
    32  29.8923  14.7908   0.3404   7.4858   6.0545  10.6974   0.0539   1.9048   1.4455   0.0323   0.0000  -0.0295  -0.3376    0.270
    33  30.3921  15.5992   0.4112   7.2866   5.9293  10.5030   0.0551   1.9227   1.4591   0.0265   0.0000  -0.0277  -0.3389    0.269
    34  30.8945  16.4116   0.4822   7.0863   5.7897  10.3029   0.0559   1.9407   1.4727   0.0210   0.0000  -0.0264  -0.3405    0.268
    35  31.3984  17.2266   0.5535   6.8855   5.6369  10.0972   0.0564   1.9587   1.4864   0.0159   0.0000  -0.0257  -0.3427    0.267
    36  31.9027  18.0423   0.6249   6.6844   5.4723   9.8861   0.0566   1.9766   1.5000   0.0110   0.0000  -0.0256  -0.3453    0.267
    37  32.4066  18.8573   0.6962   6.4835   5.2972   9.6699   0.0566   1.9943   1.5134   0.0066   0.0000  -0.0262  -0.3485    0.267
    38  32.9089  19.6698   0.7673   6.2832   5.1129   9.4494   0.0565   2.0119   1.5267   0.0029   0.0000  -0.0277  -0.3526    0.268
    39  33.4087  20.4781   0.8380   6.0840   4.9207   9.2253   0.0563   2.0291   1.5398   0.0003   0.0000  -0.0307  -0.3578    0.270
    40  33.9050  21.2808   0.9082   5.8861   4.7221   8.9986   0.0562   2.0456   1.5524   0.0007   0.0000  -0.0357  -0.3648    0.273
    41  34.3967  22.0761   0.9778   5.6901   4.5183   8.7716   0.0561   2.0602   1.5634   0.0114   0.0000  -0.0450  -0.3754    0.279
    42  34.7955  22.7211   1.0342   5.5311   2.7734   8.5747   0.0563   2.0959   1.5906  -0.0917   0.0000  -0.0692  -0.3977    0.294
    43  35.1799  23.3428   1.0886   5.3779   4.0090   8.3803   0.0567   2.0978   1.5919  -0.0536   0.0000  -0.0780  -0.4069    0.299
    44  35.6353  24.0794   1.1531   5.1963   3.8090   8.1570   0.0574   2.1106   1.6017  -0.0426   0.0000  -0.0814  -0.4123    0.301
    45  36.0826  24.8028   1.2163   5.0180   3.6083   7.9304   0.0584   2.1242   1.6120  -0.0402   0.0000  -0.0826  -0.4156    0.301
    46  36.5209  25.5117   1.2784   4.8433   3.4082   7.7017   0.0597   2.1375   1.6221  -0.0408   0.0000  -0.0827  -0.4178    0.301
    47  36.9492  26.2045   1.3390   4.6725   3.2096   7.4711   0.0613   2.1497   1.6313  -0.0428   0.0000  -0.0821  -0.4193    0.300
    48  37.3668  26.8799   1.3981   4.5060   3.0133   7.2383   0.0635   2.1602   1.6393  -0.0455   0.0000  -0.0810  -0.4199    0.299
    49  37.7728  27.5366   1.4555   4.3442   2.8202   7.0026   0.0660   2.1684   1.6456  -0.0486   0.0000  -0.0793  -0.4197    0.298
    50  38.1664  28.1731   1.5112   4.1873   2.6312   6.7632   0.0691   2.1736   1.6495  -0.0521   0.0000  -0.0770  -0.4185    0.297
    51  38.5467  28.7882   1.5650   4.0357   2.4467   6.5188   0.0727   2.1746   1.6503  -0.0559   0.0000  -0.0741  -0.4160    0.295
    52  38.9130  29.3807   1.6168   3.8896   2.2675   6.2681   0.0768   2.1705   1.6471  -0.0598   0.0000  -0.0703  -0.4120    0.293
    53  39.2646  29.9494   1.6666   3.7494   2.0939   6.0092   0.0811   2.1596   1.6389  -0.0640   0.0000  -0.0657  -0.4062    0.290
    54  39.6008  30.4931   1.7142   3.6154   1.9264   5.7401   0.0855   2.1405   1.6244  -0.0683   0.0000  -0.0601  -0.3982    0.287
    55  39.9208  31.0107   1.7595   3.4878   1.7654   5.4588   0.0896   2.1114   1.6023  -0.0725   0.0000  -0.0538  -0.3880    0.284
    56  40.2241  31.5013   1.8024   3.3669   1.6109   5.1639   0.0931   2.0703   1.5711  -0.0766   0.0000  -0.0472  -0.3755    0.280
    57  40.5101  31.9637   1.8428   3.2529   1.4631   4.8545   0.0955   2.0157   1.5296  -0.0798   0.0000  -0.0411  -0.3613    0.277
    58  40.7780  32.3972   1.8807   3.1461   1.3219   4.5305   0.0965   1.9460   1.4768  -0.0811   0.0000  -0.0371  -0.3465    0.275
    59  41.0275  32.8007   1.9161   3.0466   1.1875   4.1940   0.0958   1.8605   1.4118  -0.0784   0.0000  -0.0375  -0.3330    0.277
    60  41.2443  33.1513   1.9467   2.9602   0.9321   3.8610   0.0928   1.7620   1.3371  -0.0710   0.0000  -0.0453  -0.3238    0.284
    61  41.4296  33.4511   1.9730   2.8863   0.8279   3.5366   0.0852   1.6550   1.2559  -0.0654   0.0000  -0.0634  -0.3217    0.300
    62  41.8525  33.7408   1.9984   2.6418   0.7761   3.1851   0.0753   5.3763   1.2416  -0.0924   0.0000  -0.0494  -0.1555    0.290
    63  42.4709  34.0170   2.0225   2.2558   0.5879   2.8596   0.0961   5.7362   1.3247  -0.2031   0.0000  -0.0320  -0.1557    0.274
    64  43.0147  34.2599   2.0438   1.9163   0.4349   2.5299   0.1200   6.0294   1.3925  -0.2823   0.0000  -0.0128  -0.1540    0.259
    65  43.4828  34.4691   2.0621   1.6240   0.3131   2.1850   0.1424   6.2051   1.4330  -0.3645   0.0000   0.0159  -0.1456    0.239
    66  43.8744  34.6440   2.0774   1.3796   0.2184   1.8195   0.1580   6.1587   1.4223  -0.4540   0.0000   0.0568  -0.1264    0.210
    67  44.1886  34.7843   2.0896   1.1834   0.1461   1.4346   0.1671   5.7623   1.3308  -0.5462   0.0000   0.1026  -0.0963    0.173
    68  44.4248  34.8899   2.0989   1.0359   0.0915   1.0348   0.1719   4.8827   1.1276  -0.6213   0.0000   0.1326  -0.0604    0.132
    69  44.5826  34.9603   2.1050   0.9375   0.0498   0.6248   0.1746   3.4224   0.7904  -0.6233   0.0000   0.1191  -0.0282    0.099
    70  44.6615  34.9956   2.1081   0.8882   0.0157   0.2089   0.1762   1.3705   0.3165  -0.4264   0.0000   0.0490  -0.0072    0.095

  Surface # 2     main_wing (YDUP)                        
     # Chordwise = 10   # Spanwise = 70     First strip = 71
     Surface area Ssurf =  250.220834     Ave. chord Cave =    7.118896

 Forces referred to Sref, Cref, Bref about Xref, Yref, Zref
 Standard axis orientation,  X fwd, Z down         
     CLsurf  =   0.70567     Clsurf  =   0.14031
     CYsurf  =   0.02784     Cmsurf  =  -2.68825
     CDsurf  =   0.03335     Cnsurf  =   0.01545
     CDisurf =   0.03335     CDvsurf =   0.00000

 Forces referred to Ssurf, Cave 
     CLsurf  =   1.38327     CDsurf  =   0.06539

 Strip Forces referred to Strip Area, Chord
    j     Xle      Yle      Zle      Chord    Area     c_cl     ai     cl_norm    cl       cd       cdv    cm_c/4     cm_LE   C.P.x/c
    71  22.4080  -0.0042  -0.9570  12.4590   0.2104  14.1710   0.1470   1.1269   1.1269   0.1593   0.0000  -0.1153   0.3996    0.352
    72  22.4080  -0.0380  -0.9570  12.4590   0.6307  14.1711   0.1470   1.1269   1.1269   0.1591   0.0000  -0.1153   0.3996    0.352
    73  22.4080  -0.1054  -0.9570  12.4590   1.0498  14.1716   0.1470   1.1270   1.1270   0.1587   0.0000  -0.1153   0.3997    0.352
    74  22.4080  -0.2065  -0.9570  12.4590   1.4668  14.1736   0.1471   1.1273   1.1273   0.1582   0.0000  -0.1155   0.3999    0.352
    75  22.4080  -0.3408  -0.9570  12.4590   1.8808  14.1781   0.1472   1.1277   1.1277   0.1578   0.0000  -0.1158   0.4003    0.353
    76  22.4080  -0.5083  -0.9570  12.4590   2.2910  14.1871   0.1475   1.1285   1.1285   0.1575   0.0000  -0.1165   0.4012    0.353
    77  22.4080  -0.7085  -0.9570  12.4590   2.6966  14.2029   0.1479   1.1298   1.1298   0.1576   0.0000  -0.1177   0.4027    0.354
    78  22.4080  -0.9411  -0.9570  12.4590   3.0968  14.2289   0.1482   1.1318   1.1318   0.1582   0.0000  -0.1196   0.4051    0.356
    79  22.4080  -1.2055  -0.9570  12.4590   3.4907  14.2702   0.1479   1.1349   1.1349   0.1596   0.0000  -0.1224   0.4087    0.358
    80  22.4080  -1.5013  -0.9570  12.4590   3.8776  14.3350   0.1456   1.1397   1.1397   0.1624   0.0000  -0.1265   0.4142    0.361
    81  22.4080  -1.8278  -0.9570  12.4590   4.2567  14.4401   0.1395   1.1473   1.1473   0.1679   0.0000  -0.1326   0.4223    0.366
    82  22.4080  -2.1844  -0.9570  12.4590   4.6273  14.6308   0.1278   1.1604   1.1604   0.1817   0.0000  -0.1417   0.4353    0.372
    83  22.4080  -2.5704  -0.9570  12.4590   4.9885  15.1988   0.1093   1.1921   1.1921   0.2646   0.0000  -0.1587   0.4636    0.383
    84  22.5966  -3.0754  -0.9200  12.2979   7.5875  15.6681   0.5021   1.5607   1.2419   0.2927   0.0000  -0.1855   0.4366    0.399
    85  22.9924  -3.7075  -0.8424  11.9598   7.8494  15.4223   0.4862   1.5891   1.2645   0.2537   0.0000  -0.1804   0.4358    0.393
    86  23.3450  -4.2708  -0.7732  11.6585   5.5431  14.4998   0.0766   1.5557   1.2380   0.1401   0.0000  -0.1435   0.3948    0.366
    87  23.6484  -4.7553  -0.7137  11.3993   5.7056  14.0566   0.0803   1.5435   1.2283   0.1342   0.0000  -0.1253   0.3772    0.352
    88  23.9670  -5.2641  -0.6513  11.1271   5.8372  13.7251   0.0834   1.5455   1.2298   0.1276   0.0000  -0.1122   0.3663    0.341
    89  24.3002  -5.7964  -0.5859  10.8424   5.9373  13.4442   0.0853   1.5553   1.2376   0.1208   0.0000  -0.1017   0.3589    0.332
    90  24.6474  -6.3509  -0.5178  10.5458   6.0058  13.1910   0.0858   1.5706   1.2498   0.1141   0.0000  -0.0929   0.3540    0.324
    91  25.0079  -6.9266  -0.4471  10.2379   6.0430  12.9535   0.0847   1.5905   1.2656   0.1075   0.0000  -0.0855   0.3509    0.318
    92  25.3809  -7.5223  -0.3740   9.9192   6.0490  12.7245   0.0818   1.6144   1.2846   0.1010   0.0000  -0.0791   0.3495    0.312
    93  25.7657  -8.1368  -0.2985   9.5905   6.0244  12.4996   0.0767   1.6420   1.3066   0.0943   0.0000  -0.0738   0.3496    0.306
    94  26.1614  -8.7690  -0.2209   9.2523   5.9700  12.2761   0.0688   1.6735   1.3317   0.0875   0.0000  -0.0694   0.3511    0.302
    95  26.5674  -9.4174  -0.1413   8.9055   5.8867  12.0487   0.0567   1.7083   1.3594   0.0810   0.0000  -0.0657   0.3538    0.298
    96  27.0024 -10.1168  -0.0685   8.6379   6.4402  11.7950   0.0459   1.8101   1.3737   0.0735   0.0000  -0.0558   0.3459    0.291
    97  27.4662 -10.8669  -0.0029   8.4530   6.4244  11.6106   0.0471   1.8225   1.3830   0.0666   0.0000  -0.0488   0.3418    0.285
    98  27.9384 -11.6306   0.0640   8.2648   6.3881  11.4309   0.0478   1.8370   1.3941   0.0591   0.0000  -0.0431   0.3391    0.281
    99  28.4181 -12.4065   0.1318   8.0736   6.3319  11.2521   0.0490   1.8529   1.4061   0.0518   0.0000  -0.0385   0.3375    0.277
   100  28.9043 -13.1928   0.2006   7.8797   6.2569  11.0712   0.0507   1.8697   1.4188   0.0450   0.0000  -0.0348   0.3369    0.275
   101  29.3961 -13.9881   0.2702   7.6837   6.1641  10.8866   0.0524   1.8870   1.4320   0.0385   0.0000  -0.0318   0.3369    0.272
   102  29.8923 -14.7908   0.3404   7.4858   6.0545  10.6974   0.0539   1.9048   1.4455   0.0323   0.0000  -0.0295   0.3376    0.270
   103  30.3921 -15.5992   0.4112   7.2866   5.9293  10.5030   0.0551   1.9227   1.4591   0.0265   0.0000  -0.0277   0.3389    0.269
   104  30.8945 -16.4116   0.4822   7.0863   5.7897  10.3029   0.0559   1.9407   1.4727   0.0210   0.0000  -0.0264   0.3405    0.268
   105  31.3984 -17.2266   0.5535   6.8855   5.6369  10.0972   0.0564   1.9587   1.4864   0.0159   0.0000  -0.0257   0.3427    0.267
   106  31.9027 -18.0423   0.6249   6.6844   5.4723   9.8861   0.0566   1.9766   1.5000   0.0110   0.0000  -0.0256   0.3453    0.267
   107  32.4066 -18.8573   0.6962   6.4835   5.2972   9.6699   0.0566   1.9943   1.5134   0.0066   0.0000  -0.0262   0.3485    0.267
   108  32.9089 -19.6698   0.7673   6.2832   5.1129   9.4494   0.0565   2.0119   1.5267   0.0029   0.0000  -0.0277   0.3526    0.268
   109  33.4087 -20.4781   0.8380   6.0840   4.9207   9.2253   0.0563   2.0291   1.5398   0.0003   0.0000  -0.0307   0.3578    0.270
   110  33.9050 -21.2808   0.9082   5.8861   4.7221   8.9986   0.0562   2.0456   1.5524   0.0007   0.0000  -0.0357   0.3648    0.273
   111  34.3967 -22.0761   0.9778   5.6901   4.5183   8.7716   0.0561   2.0602   1.5634   0.0114   0.0000  -0.0450   0.3754    0.279
   112  34.7955 -22.7211   1.0342   5.5311   2.7734   8.5747   0.0563   2.0959   1.5906  -0.0917   0.0000  -0.0692   0.3977    0.294
   113  35.1799 -23.3428   1.0886   5.3779   4.0090   8.3803   0.0567   2.0978   1.5919  -0.0536   0.0000  -0.0780   0.4069    0.299
   114  35.6353 -24.0794   1.1531   5.1963   3.8090   8.1570   0.0574   2.1106   1.6017  -0.0426   0.0000  -0.0814   0.4123    0.301
   115  36.0826 -24.8028   1.2163   5.0180   3.6083   7.9304   0.0584   2.1242   1.6120  -0.0402   0.0000  -0.0826   0.4156    0.301
   116  36.5209 -25.5117   1.2784   4.8433   3.4082   7.7017   0.0597   2.1375   1.6221  -0.0408   0.0000  -0.0827   0.4178    0.301
   117  36.9492 -26.2045   1.3390   4.6725   3.2096   7.4711   0.0613   2.1497   1.6313  -0.0428   0.0000  -0.0821   0.4193    0.300
   118  37.3668 -26.8799   1.3981   4.5060   3.0133   7.2383   0.0635   2.1602   1.6393  -0.0455   0.0000  -0.0810   0.4199    0.299
   119  37.7728 -27.5366   1.4555   4.3442   2.8202   7.0026   0.0660   2.1684   1.6456  -0.0486   0.0000  -0.0793   0.4197    0.298
   120  38.1664 -28.1731   1.5112   4.1873   2.6312   6.7632   0.0691   2.1736   1.6495  -0.0521   0.0000  -0.0770   0.4185    0.297
   121  38.5467 -28.7882   1.5650   4.0357   2.4467   6.5188   0.0727   2.1746   1.6503  -0.0559   0.0000  -0.0741   0.4160    0.295
   122  38.9130 -29.3807   1.6168   3.8896   2.2675   6.2681   0.0768   2.1705   1.6471  -0.0598   0.0000  -0.0703   0.4120    0.293
   123  39.2646 -29.9494   1.6666   3.7494   2.0939   6.0092   0.0811   2.1596   1.6389  -0.0640   0.0000  -0.0657   0.4062    0.290
   124  39.6008 -30.4931   1.7142   3.6154   1.9264   5.7401   0.0855   2.1405   1.6244  -0.0683   0.0000  -0.0601   0.3982    0.287
   125  39.9208 -31.0107   1.7595   3.4878   1.7654   5.4588   0.0896   2.1114   1.6023  -0.0725   0.0000  -0.0538   0.3880    0.284
   126  40.2241 -31.5013   1.8024   3.3669   1.6109   5.1639   0.0931   2.0703   1.5711  -0.0766   0.0000  -0.0472   0.3755    0.280
   127  40.5101 -31.9637   1.8428   3.2529   1.4631   4.8545   0.0955   2.0157   1.5296  -0.0798   0.0000  -0.0411   0.3613    0.277
   128  40.7780 -32.3972   1.8807   3.1461   1.3219   4.5305   0.0965   1.9460   1.4768  -0.0811   0.0000  -0.0371   0.3465    0.275
   129  41.0275 -32.8007   1.9161   3.0466   1.1875   4.1940   0.0958   1.8605   1.4118  -0.0784   0.0000  -0.0375   0.3330    0.277
   130  41.2443 -33.1513   1.9467   2.9602   0.9321   3.8610   0.0928   1.7620   1.3371  -0.0710   0.0000  -0.0453   0.3238    0.284
   131  41.4296 -33.4511   1.9730   2.8863   0.8279   3.5366   0.0852   1.6550   1.2559  -0.0654   0.0000  -0.0634   0.3217    0.300
   132  41.8525 -33.7408   1.9984   2.6418   0.7761   3.1851   0.0753   5.3763   1.2416  -0.0924   0.0000  -0.0494   0.1555    0.290
   133  42.4709 -34.0170   2.0225   2.2558   0.5879   2.8596   0.0961   5.7362   1.3247  -0.2031   0.0000  -0.0320   0.1557    0.274
   134  43.0147 -34.2599   2.0438   1.9163   0.4349   2.5299   0.1200   6.0294   1.3925  -0.2823   0.0000  -0.0128   0.1540    0.259
   135  43.4828 -34.4691   2.0621   1.6240   0.3131   2.1850   0.1424   6.2051   1.4330  -0.3645   0.0000   0.0159   0.1456    0.239
   136  43.8744 -34.6440   2.0774   1.3796   0.2184   1.8195   0.1580   6.1587   1.4223  -0.4540   0.0000   0.0568   0.1264    0.210
   137  44.1886 -34.7843   2.0896   1.1834   0.1461   1.4346   0.1671   5.7623   1.3308  -0.5462   0.0000   0.1026   0.0963    0.173
   138  44.4248 -34.8899   2.0989   1.0359   0.0915   1.0348   0.1719   4.8827   1.1276  -0.6213   0.0000   0.1326   0.0604    0.132
   139  44.5826 -34.9603   2.1050   0.9375   0.0498   0.6248   0.1746   3.4224   0.7904  -0.6233   0.0000   0.1191   0.0282    0.099
   140  44.6615 -34.9956   2.1081   0.8882   0.0157   0.2089   0.1762   1.3705   0.3165  -0.4264   0.0000   0.0490   0.0072    0.095

  Surface # 3     horizontal_stabilizer                   
     # Chordwise = 10   # Spanwise = 70     First strip =141
     Surface area Ssurf =   33.045236     Ave. chord Cave =    3.385454

 Forces referred to Sref, Cref, Bref about Xref, Yref, Zref
 Standard axis orientation,  X fwd, Z down         
     CLsurf  =   0.02560     Clsurf  =  -0.00169
     CYsurf  =  -0.00287     Cmsurf  =  -0.18144
     CDsurf  =   0.00325     Cnsurf  =   0.00225
     CDisurf =   0.00325     CDvsurf =   0.00000

 Forces referred to Ssurf, Cave 
     CLsurf  =   0.38243     CDsurf  =   0.04821

 Strip Forces referred to Strip Area, Chord
    j     Xle      Yle      Zle      Chord    Area     c_cl     ai     cl_norm    cl       cd       cdv    cm_c/4     cm_LE   C.P.x/c
   141  55.3378   0.0012   2.0821   4.5667   0.0218   3.2746   0.1732   0.6055   0.4484   1.5785   0.0000  -0.0548  -0.1995    0.372
   142  55.3439   0.0107   2.0832   4.5644   0.0654   1.6831   0.1740   0.4556   0.3374   0.2093   0.0000  -0.0339  -0.1085    0.351
   143  55.3560   0.0296   2.0853   4.5598   0.1087   1.5567   0.1752   0.4440   0.3288   0.1009   0.0000  -0.0322  -0.1013    0.348
   144  55.3743   0.0580   2.0884   4.5529   0.1516   1.5224   0.1766   0.4413   0.3268   0.0720   0.0000  -0.0315  -0.0993    0.347
   145  55.3985   0.0958   2.0926   4.5437   0.1940   1.5089   0.1779   0.4408   0.3264   0.0610   0.0000  -0.0310  -0.0983    0.345
   146  55.4288   0.1429   2.0978   4.5322   0.2357   1.5027   0.1790   0.4412   0.3267   0.0562   0.0000  -0.0303  -0.0977    0.343
   147  55.4649   0.1992   2.1040   4.5185   0.2766   1.4998   0.1801   0.4423   0.3275   0.0539   0.0000  -0.0295  -0.0971    0.340
   148  55.5069   0.2646   2.1112   4.5025   0.3165   1.4986   0.1811   0.4438   0.3286   0.0528   0.0000  -0.0285  -0.0964    0.337
   149  55.5546   0.3389   2.1194   4.4844   0.3554   1.4983   0.1820   0.4456   0.3300   0.0523   0.0000  -0.0273  -0.0957    0.333
   150  55.6080   0.4221   2.1286   4.4642   0.3930   1.4986   0.1828   0.4479   0.3317   0.0520   0.0000  -0.0260  -0.0950    0.328
   151  55.6670   0.5139   2.1387   4.4418   0.4292   1.4993   0.1835   0.4504   0.3336   0.0518   0.0000  -0.0246  -0.0942    0.324
   152  55.7314   0.6141   2.1498   4.4174   0.4640   1.5001   0.1841   0.4533   0.3357   0.0517   0.0000  -0.0231  -0.0934    0.319
   153  55.8011   0.7227   2.1618   4.3910   0.4973   1.5010   0.1846   0.4564   0.3380   0.0515   0.0000  -0.0217  -0.0927    0.314
   154  55.8759   0.8392   2.1746   4.3626   0.5288   1.5018   0.1849   0.4598   0.3405   0.0512   0.0000  -0.0202  -0.0920    0.309
   155  55.9558   0.9636   2.1884   4.3323   0.5586   1.5024   0.1852   0.4633   0.3431   0.0510   0.0000  -0.0187  -0.0914    0.305
   156  56.0405   1.0955   2.2029   4.3001   0.5866   1.5028   0.1852   0.4670   0.3459   0.0508   0.0000  -0.0173  -0.0908    0.300
   157  56.1315   1.2373   2.2186   4.2656   0.6352   1.5028   0.1852   0.4710   0.3488   0.0506   0.0000  -0.0159  -0.0902    0.296
   158  56.2289   1.3889   2.2353   4.2287   0.6600   1.5026   0.1848   0.4752   0.3519   0.0505   0.0000  -0.0146  -0.0898    0.291
   159  56.3307   1.5475   2.2528   4.1900   0.6826   1.5019   0.1843   0.4795   0.3551   0.0503   0.0000  -0.0133  -0.0894    0.287
   160  56.4368   1.7127   2.2711   4.1498   0.7031   1.5008   0.1835   0.4839   0.3584   0.0502   0.0000  -0.0121  -0.0891    0.284
   161  56.5469   1.8842   2.2900   4.1080   0.7214   1.4993   0.1824   0.4885   0.3617   0.0501   0.0000  -0.0109  -0.0888    0.280
   162  56.6609   2.0617   2.3096   4.0648   0.7375   1.4973   0.1810   0.4931   0.3652   0.0500   0.0000  -0.0099  -0.0887    0.277
   163  56.7785   2.2448   2.3298   4.0202   0.7513   1.4948   0.1794   0.4979   0.3687   0.0500   0.0000  -0.0088  -0.0886    0.274
   164  56.8994   2.4331   2.3506   3.9743   0.7630   1.4918   0.1775   0.5028   0.3723   0.0499   0.0000  -0.0079  -0.0886    0.271
   165  57.0234   2.6263   2.3719   3.9273   0.7724   1.4884   0.1754   0.5077   0.3760   0.0499   0.0000  -0.0070  -0.0887    0.269
   166  57.1504   2.8240   2.3937   3.8791   0.7796   1.4845   0.1731   0.5128   0.3798   0.0499   0.0000  -0.0062  -0.0888    0.266
   167  57.2799   3.0257   2.4160   3.8300   0.7846   1.4803   0.1706   0.5180   0.3836   0.0499   0.0000  -0.0054  -0.0890    0.264
   168  57.4118   3.2311   2.4387   3.7800   0.7875   1.4756   0.1681   0.5233   0.3876   0.0500   0.0000  -0.0047  -0.0892    0.262
   169  57.5458   3.4398   2.4617   3.7292   0.7883   1.4705   0.1655   0.5287   0.3916   0.0500   0.0000  -0.0040  -0.0895    0.260
   170  57.6816   3.6513   2.4851   3.6777   0.7871   1.4650   0.1629   0.5342   0.3956   0.0501   0.0000  -0.0033  -0.0898    0.258
   171  57.8189   3.8651   2.5087   3.6256   0.7840   1.4590   0.1603   0.5398   0.3998   0.0501   0.0000  -0.0026  -0.0901    0.257
   172  57.9575   4.0810   2.5325   3.5730   0.7789   1.4526   0.1578   0.5455   0.4040   0.0502   0.0000  -0.0020  -0.0905    0.255
   173  58.0971   4.2984   2.5565   3.5200   0.7721   1.4457   0.1555   0.5511   0.4082   0.0502   0.0000  -0.0013  -0.0908    0.253
   174  58.2374   4.5169   2.5806   3.4668   0.7635   1.4382   0.1532   0.5568   0.4124   0.0502   0.0000  -0.0006  -0.0911    0.251
   175  58.3781   4.7361   2.6048   3.4134   0.7532   1.4300   0.1512   0.5624   0.4165   0.0502   0.0000   0.0001  -0.0914    0.250
   176  58.5190   4.9555   2.6291   3.3600   0.7414   1.4210   0.1493   0.5679   0.4206   0.0502   0.0000   0.0009  -0.0917    0.248
   177  58.6597   5.1746   2.6533   3.3066   0.7282   1.4112   0.1476   0.5732   0.4245   0.0501   0.0000   0.0017  -0.0918    0.246
   178  58.8000   5.3931   2.6774   3.2534   0.7136   1.4003   0.1461   0.5782   0.4282   0.0500   0.0000   0.0026  -0.0919    0.244
   179  58.9396   5.6105   2.7014   3.2005   0.6977   1.3883   0.1449   0.5829   0.4317   0.0499   0.0000   0.0035  -0.0919    0.242
   180  59.0783   5.8264   2.7252   3.1479   0.6807   1.3750   0.1439   0.5871   0.4348   0.0497   0.0000   0.0045  -0.0917    0.240
   181  59.2156   6.0403   2.7488   3.0958   0.6626   1.3603   0.1430   0.5907   0.4375   0.0494   0.0000   0.0056  -0.0913    0.237
   182  59.3514   6.2518   2.7722   3.0443   0.6435   1.3441   0.1424   0.5937   0.4397   0.0490   0.0000   0.0068  -0.0908    0.235
   183  59.4854   6.4604   2.7952   2.9935   0.6236   1.3261   0.1420   0.5958   0.4412   0.0486   0.0000   0.0081  -0.0900    0.232
   184  59.6173   6.6658   2.8179   2.9434   0.6030   1.3063   0.1418   0.5970   0.4422   0.0480   0.0000   0.0096  -0.0890    0.228
   185  59.7468   6.8676   2.8402   2.8943   0.5816   1.2845   0.1417   0.5972   0.4423   0.0474   0.0000   0.0111  -0.0877    0.225
   186  59.8737   7.0652   2.8620   2.8462   0.5597   1.2605   0.1418   0.5962   0.4415   0.0466   0.0000   0.0128  -0.0861    0.221
   187  59.9978   7.2584   2.8833   2.7991   0.5373   1.2344   0.1419   0.5938   0.4397   0.0457   0.0000   0.0146  -0.0842    0.217
   188  60.1187   7.4468   2.9041   2.7532   0.5146   1.2058   0.1422   0.5899   0.4368   0.0446   0.0000   0.0166  -0.0819    0.212
   189  60.2363   7.6298   2.9243   2.7086   0.4914   1.1749   0.1425   0.5844   0.4328   0.0434   0.0000   0.0187  -0.0792    0.207
   190  60.3502   7.8073   2.9439   2.6654   0.4681   1.1414   0.1429   0.5771   0.4274   0.0420   0.0000   0.0208  -0.0762    0.201
   191  60.4604   7.9789   2.9629   2.6236   0.4445   1.1053   0.1433   0.5680   0.4206   0.0404   0.0000   0.0230  -0.0729    0.195
   192  60.5664   8.1441   2.9811   2.5834   0.4209   1.0665   0.1437   0.5568   0.4124   0.0387   0.0000   0.0252  -0.0692    0.189
   193  60.6683   8.3026   2.9986   2.5448   0.3972   1.0252   0.1441   0.5436   0.4026   0.0367   0.0000   0.0274  -0.0652    0.182
   194  60.7656   8.4543   3.0153   2.5078   0.3735   0.9812   0.1446   0.5282   0.3912   0.0346   0.0000   0.0294  -0.0610    0.175
   195  60.8583   8.5986   3.0313   2.4727   0.3498   0.9346   0.1450   0.5105   0.3781   0.0323   0.0000   0.0313  -0.0565    0.167
   196  60.9461   8.7354   3.0464   2.4394   0.3262   0.8855   0.1454   0.4906   0.3633   0.0299   0.0000   0.0330  -0.0518    0.159
   197  61.0289   8.8643   3.0606   2.4080   0.3027   0.8339   0.1458   0.4683   0.3468   0.0272   0.0000   0.0343  -0.0471    0.151
   198  61.1050   8.9828   3.0737   2.3791   0.2681   0.7807   0.1462   0.4441   0.3289   0.0244   0.0000   0.0352  -0.0424    0.143
   199  61.1744   9.0908   3.0856   2.3528   0.2460   0.7262   0.1465   0.4181   0.3096   0.0216   0.0000   0.0356  -0.0378    0.135
   200  61.2384   9.1906   3.0966   2.3285   0.2239   0.6699   0.1468   0.3901   0.2889   0.0186   0.0000   0.0355  -0.0333    0.127
   201  61.2971   9.2820   3.1067   2.3063   0.2021   0.6119   0.1471   0.3601   0.2666   0.0156   0.0000   0.0348  -0.0289    0.119
   202  61.3502   9.3647   3.1159   2.2861   0.1803   0.5521   0.1474   0.3282   0.2430   0.0126   0.0000   0.0336  -0.0248    0.112
   203  61.3977   9.4387   3.1240   2.2681   0.1587   0.4909   0.1476   0.2945   0.2181   0.0094   0.0000   0.0317  -0.0209    0.105
   204  61.4395   9.5038   3.1312   2.2523   0.1372   0.4283   0.1478   0.2592   0.1920   0.0063   0.0000   0.0291  -0.0173    0.098
   205  61.4755   9.5598   3.1374   2.2386   0.1159   0.3644   0.1480   0.2224   0.1647   0.0034   0.0000   0.0259  -0.0140    0.093
   206  61.5056   9.6066   3.1426   2.2272   0.0946   0.2996   0.1482   0.1843   0.1365   0.0007   0.0000   0.0222  -0.0109    0.088
   207  61.5297   9.6442   3.1467   2.2181   0.0735   0.2339   0.1483   0.1452   0.1075  -0.0023   0.0000   0.0179  -0.0082    0.084
   208  61.5479   9.6725   3.1498   2.2112   0.0524   0.1676   0.1484   0.1054   0.0780  -0.0060   0.0000   0.0131  -0.0057    0.082
   209  61.5600   9.6914   3.1519   2.2066   0.0314   0.1007   0.1485   0.0648   0.0480  -0.0091   0.0000   0.0080  -0.0033    0.084
   210  61.5660   9.7008   3.1530   2.2043   0.0105   0.0336   0.1485   0.0230   0.0170  -0.0085   0.0000   0.0027  -0.0011    0.093

  Surface # 4     horizontal_stabilizer (YDUP)            
     # Chordwise = 10   # Spanwise = 70     First strip =211
     Surface area Ssurf =   33.045236     Ave. chord Cave =    3.385454

 Forces referred to Sref, Cref, Bref about Xref, Yref, Zref
 Standard axis orientation,  X fwd, Z down         
     CLsurf  =   0.02560     Clsurf  =   0.00169
     CYsurf  =   0.00287     Cmsurf  =  -0.18144
     CDsurf  =   0.00325     Cnsurf  =  -0.00225
     CDisurf =   0.00325     CDvsurf =   0.00000

 Forces referred to Ssurf, Cave 
     CLsurf  =   0.38243     CDsurf  =   0.04821

 Strip Forces referred to Strip Area, Chord
    j     Xle      Yle      Zle      Chord    Area     c_cl     ai     cl_norm    cl       cd       cdv    cm_c/4     cm_LE   C.P.x/c
   211  55.3378  -0.0012   2.0821   4.5667   0.0218   3.2746   0.1732   0.6055   0.4484   1.5785   0.0000  -0.0548   0.1995    0.372
   212  55.3439  -0.0107   2.0832   4.5644   0.0654   1.6831   0.1740   0.4556   0.3374   0.2093   0.0000  -0.0339   0.1085    0.351
   213  55.3560  -0.0296   2.0853   4.5598   0.1087   1.5567   0.1752   0.4440   0.3288   0.1009   0.0000  -0.0322   0.1013    0.348
   214  55.3743  -0.0580   2.0884   4.5529   0.1516   1.5224   0.1766   0.4413   0.3268   0.0720   0.0000  -0.0315   0.0993    0.347
   215  55.3985  -0.0958   2.0926   4.5437   0.1940   1.5089   0.1779   0.4408   0.3264   0.0610   0.0000  -0.0310   0.0983    0.345
   216  55.4288  -0.1429   2.0978   4.5322   0.2357   1.5027   0.1790   0.4412   0.3267   0.0562   0.0000  -0.0303   0.0977    0.343
   217  55.4649  -0.1992   2.1040   4.5185   0.2766   1.4998   0.1801   0.4423   0.3275   0.0539   0.0000  -0.0295   0.0971    0.340
   218  55.5069  -0.2646   2.1112   4.5025   0.3165   1.4986   0.1811   0.4438   0.3286   0.0528   0.0000  -0.0285   0.0964    0.337
   219  55.5546  -0.3389   2.1194   4.4844   0.3554   1.4983   0.1820   0.4456   0.3300   0.0523   0.0000  -0.0273   0.0957    0.333
   220  55.6080  -0.4221   2.1286   4.4642   0.3930   1.4986   0.1828   0.4479   0.3317   0.0520   0.0000  -0.0260   0.0950    0.328
   221  55.6670  -0.5139   2.1387   4.4418   0.4292   1.4993   0.1835   0.4504   0.3336   0.0518   0.0000  -0.0246   0.0942    0.324
   222  55.7314  -0.6141   2.1498   4.4174   0.4640   1.5001   0.1841   0.4533   0.3357   0.0517   0.0000  -0.0231   0.0934    0.319
   223  55.8011  -0.7227   2.1618   4.3910   0.4973   1.5010   0.1846   0.4564   0.3380   0.0515   0.0000  -0.0217   0.0927    0.314
   224  55.8759  -0.8392   2.1746   4.3626   0.5288   1.5018   0.1849   0.4598   0.3405   0.0512   0.0000  -0.0202   0.0920    0.309
   225  55.9558  -0.9636   2.1884   4.3323   0.5586   1.5024   0.1852   0.4633   0.3431   0.0510   0.0000  -0.0187   0.0914    0.305
   226  56.0405  -1.0955   2.2029   4.3001   0.5866   1.5028   0.1852   0.4670   0.3459   0.0508   0.0000  -0.0173   0.0908    0.300
   227  56.1315  -1.2373   2.2186   4.2656   0.6352   1.5028   0.1852   0.4710   0.3488   0.0506   0.0000  -0.0159   0.0902    0.296
   228  56.2289  -1.3889   2.2353   4.2287   0.6600   1.5026   0.1848   0.4752   0.3519   0.0505   0.0000  -0.0146   0.0898    0.291
   229  56.3307  -1.5475   2.2528   4.1900   0.6826   1.5019   0.1843   0.4795   0.3551   0.0503   0.0000  -0.0133   0.0894    0.287
   230  56.4368  -1.7127   2.2711   4.1498   0.7031   1.5008   0.1835   0.4839   0.3584   0.0502   0.0000  -0.0121   0.0891    0.284
   231  56.5469  -1.8842   2.2900   4.1080   0.7214   1.4993   0.1824   0.4885   0.3617   0.0501   0.0000  -0.0109   0.0888    0.280
   232  56.6609  -2.0617   2.3096   4.0648   0.7375   1.4973   0.1810   0.4931   0.3652   0.0500   0.0000  -0.0099   0.0887    0.277
   233  56.7785  -2.2448   2.3298   4.0202   0.7513   1.4948   0.1794   0.4979   0.3687   0.0500   0.0000  -0.0088   0.0886    0.274
   234  56.8994  -2.4331   2.3506   3.9743   0.7630   1.4918   0.1775   0.5028   0.3723   0.0499   0.0000  -0.0079   0.0886    0.271
   235  57.0234  -2.6263   2.3719   3.9273   0.7724   1.4884   0.1754   0.5077   0.3760   0.0499   0.0000  -0.0070   0.0887    0.269
   236  57.1504  -2.8240   2.3937   3.8791   0.7796   1.4845   0.1731   0.5128   0.3798   0.0499   0.0000  -0.0062   0.0888    0.266
   237  57.2799  -3.0257   2.4160   3.8300   0.7846   1.4803   0.1706   0.5180   0.3836   0.0499   0.0000  -0.0054   0.0890    0.264
   238  57.4118  -3.2311   2.4387   3.7800   0.7875   1.4756   0.1681   0.5233   0.3876   0.0500   0.0000  -0.0047   0.0892    0.262
   239  57.5458  -3.4398   2.4617   3.7292   0.7883   1.4705   0.1655   0.5287   0.3916   0.0500   0.0000  -0.0040   0.0895    0.260
   240  57.6816  -3.6513   2.4851   3.6777   0.7871   1.4650   0.1629   0.5342   0.3956   0.0501   0.0000  -0.0033   0.0898    0.258
   241  57.8189  -3.8651   2.5087   3.6256   0.7840   1.4590   0.1603   0.5398   0.3998   0.0501   0.0000  -0.0026   0.0901    0.257
   242  57.9575  -4.0810   2.5325   3.5730   0.7789   1.4526   0.1578   0.5455   0.4040   0.0502   0.0000  -0.0020   0.0905    0.255
   243  58.0971  -4.2984   2.5565   3.5200   0.7721   1.4457   0.1555   0.5511   0.4082   0.0502   0.0000  -0.0013   0.0908    0.253
   244  58.2374  -4.5169   2.5806   3.4668   0.7635   1.4382   0.1532   0.5568   0.4124   0.0502   0.0000  -0.0006   0.0911    0.251
   245  58.3781  -4.7361   2.6048   3.4134   0.7532   1.4300   0.1512   0.5624   0.4165   0.0502   0.0000   0.0001   0.0914    0.250
   246  58.5190  -4.9555   2.6291   3.3600   0.7414   1.4210   0.1493   0.5679   0.4206   0.0502   0.0000   0.0009   0.0917    0.248
   247  58.6597  -5.1746   2.6533   3.3066   0.7282   1.4112   0.1476   0.5732   0.4245   0.0501   0.0000   0.0017   0.0918    0.246
   248  58.8000  -5.3931   2.6774   3.2534   0.7136   1.4003   0.1461   0.5782   0.4282   0.0500   0.0000   0.0026   0.0919    0.244
   249  58.9396  -5.6105   2.7014   3.2005   0.6977   1.3883   0.1449   0.5829   0.4317   0.0499   0.0000   0.0035   0.0919    0.242
   250  59.0783  -5.8264   2.7252   3.1479   0.6807   1.3750   0.1439   0.5871   0.4348   0.0497   0.0000   0.0045   0.0917    0.240
   251  59.2156  -6.0403   2.7488   3.0958   0.6626   1.3603   0.1430   0.5907   0.4375   0.0494   0.0000   0.0056   0.0913    0.237
   252  59.3514  -6.2518   2.7722   3.0443   0.6435   1.3441   0.1424   0.5937   0.4397   0.0490   0.0000   0.0068   0.0908    0.235
   253  59.4854  -6.4604   2.7952   2.9935   0.6236   1.3261   0.1420   0.5958   0.4412   0.0486   0.0000   0.0081   0.0900    0.232
   254  59.6173  -6.6658   2.8179   2.9434   0.6030   1.3063   0.1418   0.5970   0.4422   0.0480   0.0000   0.0096   0.0890    0.228
   255  59.7468  -6.8676   2.8402   2.8943   0.5816   1.2845   0.1417   0.5972   0.4423   0.0474   0.0000   0.0111   0.0877    0.225
   256  59.8737  -7.0652   2.8620   2.8462   0.5597   1.2605   0.1418   0.5962   0.4415   0.0466   0.0000   0.0128   0.0861    0.221
   257  59.9978  -7.2584   2.8833   2.7991   0.5373   1.2344   0.1419   0.5938   0.4397   0.0457   0.0000   0.0146   0.0842    0.217
   258  60.1187  -7.4468   2.9041   2.7532   0.5146   1.2058   0.1422   0.5899   0.4368   0.0446   0.0000   0.0166   0.0819    0.212
   259  60.2363  -7.6298   2.9243   2.7086   0.4914   1.1749   0.1425   0.5844   0.4328   0.0434   0.0000   0.0187   0.0792    0.207
   260  60.3502  -7.8073   2.9439   2.6654   0.4681   1.1414   0.1429   0.5771   0.4274   0.0420   0.0000   0.0208   0.0762    0.201
   261  60.4604  -7.9789   2.9629   2.6236   0.4445   1.1053   0.1433   0.5680   0.4206   0.0404   0.0000   0.0230   0.0729    0.195
   262  60.5664  -8.1441   2.9811   2.5834   0.4209   1.0665   0.1437   0.5568   0.4124   0.0387   0.0000   0.0252   0.0692    0.189
   263  60.6683  -8.3026   2.9986   2.5448   0.3972   1.0252   0.1441   0.5436   0.4026   0.0367   0.0000   0.0274   0.0652    0.182
   264  60.7656  -8.4543   3.0153   2.5078   0.3735   0.9812   0.1446   0.5282   0.3912   0.0346   0.0000   0.0294   0.0610    0.175
   265  60.8583  -8.5986   3.0313   2.4727   0.3498   0.9346   0.1450   0.5105   0.3781   0.0323   0.0000   0.0313   0.0565    0.167
   266  60.9461  -8.7354   3.0464   2.4394   0.3262   0.8855   0.1454   0.4906   0.3633   0.0299   0.0000   0.0330   0.0518    0.159
   267  61.0289  -8.8643   3.0606   2.4080   0.3027   0.8339   0.1458   0.4683   0.3468   0.0272   0.0000   0.0343   0.0471    0.151
   268  61.1050  -8.9828   3.0737   2.3791   0.2681   0.7807   0.1462   0.4441   0.3289   0.0244   0.0000   0.0352   0.0424    0.143
   269  61.1744  -9.0908   3.0856   2.3528   0.2460   0.7262   0.1465   0.4181   0.3096   0.0216   0.0000   0.0356   0.0378    0.135
   270  61.2384  -9.1906   3.0966   2.3285   0.2239   0.6699   0.1468   0.3901   0.2889   0.0186   0.0000   0.0355   0.0333    0.127
   271  61.2971  -9.2820   3.1067   2.3063   0.2021   0.6119   0.1471   0.3601   0.2666   0.0156   0.0000   0.0348   0.0289    0.119
   272  61.3502  -9.3647   3.1159   2.2861   0.1803   0.5521   0.1474   0.3282   0.2430   0.0126   0.0000   0.0336   0.0248    0.112
   273  61.3977  -9.4387   3.1240   2.2681   0.1587   0.4909   0.1476   0.2945   0.2181   0.0094   0.0000   0.0317   0.0209    0.105
   274  61.4395  -9.5038   3.1312   2.2523   0.1372   0.4283   0.1478   0.2592   0.1920   0.0063   0.0000   0.0291   0.0173    0.098
   275  61.4755  -9.5598   3.1374   2.2386   0.1159   0.3644   0.1480   0.2224   0.1647   0.0034   0.0000   0.0259   0.0140    0.093
   276  61.5056  -9.6066   3.1426   2.2272   0.0946   0.2996   0.1482   0.1843   0.1365   0.0007   0.0000   0.0222   0.0109    0.088
   277  61.5297  -9.6442   3.1467   2.2181   0.0735   0.2339   0.1483   0.1452   0.1075  -0.0023   0.0000   0.0179   0.0082    0.084
   278  61.5479  -9.6725   3.1498   2.2112   0.0524   0.1676   0.1484   0.1054   0.0780  -0.0060   0.0000   0.0131   0.0057    0.082
   279  61.5600  -9.6914   3.1519   2.2066   0.0314   0.1007   0.1485   0.0648   0.0480  -0.0091   0.0000   0.0080   0.0033    0.084
   280  61.5660  -9.7008   3.1530   2.2043   0.0105   0.0336   0.1485   0.0230   0.0170  -0.0085   0.0000   0.0027   0.0011    0.093

  Surface # 5     vertical_stabilizer                     
     # Chordwise = 10   # Spanwise = 70     First strip =281
     Surface area Ssurf =   45.713867     Ave. chord Cave =    5.520998

 Forces referred to Sref, Cref, Bref about Xref, Yref, Zref
 Standard axis orientation,  X fwd, Z down         
     CLsurf  =  -0.00000     Clsurf  =  -0.00000
     CYsurf  =  -0.00000     Cmsurf  =   0.00000
     CDsurf  =   0.00000     Cnsurf  =   0.00000
     CDisurf =   0.00000     CDvsurf =   0.00000

 Forces referred to Ssurf, Cave 
     CLsurf  =   0.00000     CDsurf  =   0.00000

 Strip Forces referred to Strip Area, Chord
    j     Xle      Yle      Zle      Chord    Area     c_cl     ai     cl_norm    cl       cd       cdv    cm_c/4     cm_LE   C.P.x/c
   281  52.2101   0.0000   3.6002   7.9300   0.1771   0.0000  -0.0000   0.0000   0.0000   0.0000   0.0000  -0.0000  -0.0000    1.148
   282  52.2358   0.0000   3.6263   7.9148   0.2360   0.0000  -0.0000   0.0000   0.0000   0.0000   0.0000  -0.0000  -0.0000    1.201
   283  52.2688   0.0000   3.6599   7.8953   0.2943   0.0000  -0.0000   0.0000   0.0000  -0.0000   0.0000  -0.0000  -0.0000    1.140
   284  52.3092   0.0000   3.7008   7.8713   0.3517   0.0000  -0.0000   0.0000   0.0000  -0.0000   0.0000  -0.0000  -0.0000    1.113
   285  52.3568   0.0000   3.7492   7.8431   0.4080   0.0000  -0.0000   0.0000   0.0000   0.0000   0.0000  -0.0000  -0.0000    1.069
   286  52.4116   0.0000   3.8049   7.8107   0.4631   0.0000  -0.0000   0.0000   0.0000   0.0000   0.0000  -0.0000  -0.0000    1.070
   287  52.4736   0.0000   3.8678   7.7740   0.5167   0.0000  -0.0000   0.0000   0.0000  -0.0000   0.0000  -0.0000  -0.0000    1.077
   288  52.5425   0.0000   3.9378   7.7331   0.5687   0.0000  -0.0000   0.0000   0.0000  -0.0000   0.0000  -0.0000  -0.0000    1.149
   289  52.6184   0.0000   4.0148   7.6882   0.6188   0.0000  -0.0000   0.0000   0.0000   0.0000   0.0000  -0.0000  -0.0000    1.162
   290  52.7011   0.0000   4.0987   7.6392   0.6670   0.0000  -0.0000   0.0000   0.0000   0.0000   0.0000  -0.0000  -0.0000    1.144
   291  52.7904   0.0000   4.1894   7.5863   0.7129   0.0000  -0.0000   0.0000   0.0000  -0.0000   0.0000  -0.0000  -0.0000    1.186
   292  52.8862   0.0000   4.2867   7.5296   0.7566   0.0000  -0.0000   0.0000   0.0000  -0.0000   0.0000  -0.0000  -0.0000    1.128
   293  52.9883   0.0000   4.3903   7.4691   0.7978   0.0000  -0.0000   0.0000   0.0000   0.0000   0.0000  -0.0000  -0.0000    1.171
   294  53.0965   0.0000   4.5002   7.4050   0.8364   0.0000  -0.0000   0.0000   0.0000   0.0000   0.0000  -0.0000  -0.0000    1.161
   295  53.2107   0.0000   4.6162   7.3374   0.8724   0.0000  -0.0000   0.0000   0.0000   0.0000   0.0000  -0.0000  -0.0000    1.143
   296  53.3307   0.0000   4.7380   7.2663   0.9056   0.0000  -0.0000   0.0000   0.0000   0.0000   0.0000  -0.0000  -0.0000    1.183
   297  53.4562   0.0000   4.8654   7.1920   0.9359   0.0000  -0.0000   0.0000   0.0000   0.0000   0.0000  -0.0000  -0.0000    1.191
   298  53.5870   0.0000   4.9982   7.1146   0.9633   0.0000  -0.0000   0.0000   0.0000  -0.0000   0.0000  -0.0000  -0.0000    1.180
   299  53.7228   0.0000   5.1361   7.0341   0.9877   0.0000  -0.0000   0.0000   0.0000   0.0000   0.0000  -0.0000  -0.0000    1.182
   300  53.8635   0.0000   5.2790   6.9508   1.0092   0.0000  -0.0000   0.0000   0.0000   0.0000   0.0000  -0.0000  -0.0000    1.128
   301  54.0087   0.0000   5.4264   6.8647   1.0275   0.0000  -0.0000   0.0000   0.0000   0.0000   0.0000  -0.0000  -0.0000    1.140
   302  54.1583   0.0000   5.5783   6.7762   1.0429   0.0000  -0.0000   0.0000   0.0000  -0.0000   0.0000  -0.0000  -0.0000    1.125
   303  54.3118   0.0000   5.7342   6.6852   1.0552   0.0000   0.0000   0.0000   0.0000  -0.0000   0.0000  -0.0000  -0.0000    1.084
   304  54.4691   0.0000   5.8939   6.5921   1.0645   0.0000  -0.0000   0.0000   0.0000   0.0000   0.0000  -0.0000  -0.0000    1.125
   305  54.6299   0.0000   6.0571   6.4969   1.0709   0.0000  -0.0000   0.0000   0.0000   0.0000   0.0000  -0.0000  -0.0000    1.085
   306  54.7937   0.0000   6.2234   6.3998   1.0743   0.0000  -0.0000   0.0000   0.0000   0.0000   0.0000  -0.0000  -0.0000    1.031
   307  54.9605   0.0000   6.3927   6.3011   1.0748   0.0000  -0.0000   0.0000   0.0000   0.0000   0.0000  -0.0000  -0.0000    0.912
   308  55.1297   0.0000   6.5645   6.2009   1.0726   0.0000  -0.0000   0.0000   0.0000  -0.0000   0.0000  -0.0000  -0.0000    0.917
   309  55.3011   0.0000   6.7386   6.0993   1.0677   0.0000  -0.0000   0.0000   0.0000   0.0000   0.0000  -0.0000  -0.0000    0.887
   310  55.4744   0.0000   6.9145   5.9967   1.0602   0.0000  -0.0000   0.0000   0.0000  -0.0000   0.0000  -0.0000  -0.0000    0.829
   311  55.6493   0.0000   7.0921   5.8931   1.0502   0.0000  -0.0000   0.0000   0.0000   0.0000   0.0000  -0.0000  -0.0000    0.817
   312  55.8254   0.0000   7.2709   5.7888   1.0378   0.0000   0.0000   0.0000   0.0000  -0.0000   0.0000  -0.0000  -0.0000    0.891
   313  56.0024   0.0000   7.4506   5.6840   1.0232   0.0000   0.0000   0.0000   0.0000   0.0000   0.0000  -0.0000  -0.0000    0.915
   314  56.1799   0.0000   7.6308   5.5789   1.0064   0.0000  -0.0000   0.0000   0.0000  -0.0000   0.0000  -0.0000  -0.0000    0.944
   315  56.3576   0.0000   7.8113   5.4736   0.9877   0.0000  -0.0000   0.0000   0.0000  -0.0000   0.0000  -0.0000  -0.0000    0.934
   316  56.5353   0.0000   7.9916   5.3684   0.9671   0.0000  -0.0000   0.0000   0.0000   0.0000   0.0000  -0.0000  -0.0000    0.912
   317  56.7124   0.0000   8.1715   5.2635   0.9449   0.0000   0.0000   0.0000   0.0000  -0.0000   0.0000  -0.0000  -0.0000    0.954
   318  56.8888   0.0000   8.3506   5.1590   0.9211   0.0000   0.0000   0.0000   0.0000  -0.0000   0.0000  -0.0000  -0.0000    0.970
   319  57.0641   0.0000   8.5285   5.0552   0.8959   0.0000  -0.0000   0.0000   0.0000   0.0000   0.0000  -0.0000  -0.0000    0.969
   320  57.2378   0.0000   8.7049   4.9523   0.8694   0.0000  -0.0000   0.0000   0.0000   0.0000   0.0000  -0.0000  -0.0000    0.984
   321  57.4098   0.0000   8.8795   4.8504   0.8418   0.0000  -0.0000   0.0000   0.0000  -0.0000   0.0000  -0.0000  -0.0000    0.941
   322  57.5796   0.0000   9.0520   4.7499   0.8133   0.0000  -0.0000   0.0000   0.0000  -0.0000   0.0000  -0.0000  -0.0000    0.920
   323  57.7470   0.0000   9.2219   4.6507   0.7840   0.0000   0.0000   0.0000   0.0000   0.0000   0.0000  -0.0000  -0.0000    0.883
   324  57.9116   0.0000   9.3890   4.5532   0.7540   0.0000  -0.0000   0.0000   0.0000   0.0000   0.0000  -0.0000  -0.0000    0.809
   325  58.0731   0.0000   9.5530   4.4576   0.7235   0.0000   0.0000   0.0000   0.0000  -0.0000   0.0000  -0.0000  -0.0000    0.842
   326  58.2313   0.0000   9.7136   4.3639   0.6925   0.0000  -0.0000   0.0000   0.0000  -0.0000   0.0000  -0.0000  -0.0000    0.779
   327  58.3857   0.0000   9.8703   4.2725   0.6613   0.0000  -0.0000   0.0000   0.0000   0.0000   0.0000  -0.0000  -0.0000    0.768
   328  58.5361   0.0000  10.0230   4.1834   0.6299   0.0000  -0.0000   0.0000   0.0000  -0.0000   0.0000  -0.0000  -0.0000    0.725
   329  58.6822   0.0000  10.1714   4.0969   0.5984   0.0000  -0.0000   0.0000   0.0000   0.0000   0.0000  -0.0000  -0.0000    0.597
   330  58.8237   0.0000  10.3151   4.0130   0.5670   0.0000  -0.0000   0.0000   0.0000   0.0000   0.0000  -0.0000  -0.0000    0.577
   331  58.9604   0.0000  10.4539   3.9321   0.5357   0.0000   0.0000   0.0000   0.0000   0.0000   0.0000  -0.0000  -0.0000    0.630
   332  59.0920   0.0000  10.5875   3.8541   0.5046   0.0000  -0.0000   0.0000   0.0000   0.0000   0.0000  -0.0000  -0.0000    0.595
   333  59.2183   0.0000  10.7157   3.7794   0.4737   0.0000  -0.0000   0.0000   0.0000   0.0000   0.0000  -0.0000  -0.0000    0.510
   334  59.3389   0.0000  10.8381   3.7079   0.4432   0.0000   0.0000   0.0000   0.0000   0.0000   0.0000  -0.0000  -0.0000    0.562
   335  59.4537   0.0000  10.9547   3.6399   0.4131   0.0000  -0.0000   0.0000   0.0000  -0.0000   0.0000  -0.0000  -0.0000    0.447
   336  59.5624   0.0000  11.0651   3.5756   0.3834   0.0000   0.0000   0.0000   0.0000  -0.0000   0.0000  -0.0000  -0.0000    0.518
   337  59.6648   0.0000  11.1691   3.5149   0.3542   0.0000  -0.0000   0.0000   0.0000  -0.0000   0.0000  -0.0000  -0.0000    0.332
   338  59.7608   0.0000  11.2665   3.4580   0.3254   0.0000   0.0000   0.0000   0.0000  -0.0000   0.0000  -0.0000  -0.0000    0.485
   339  59.8502   0.0000  11.3572   3.4051   0.2971   0.0000   0.0000   0.0000   0.0000   0.0000   0.0000  -0.0000  -0.0000    0.512
   340  59.9327   0.0000  11.4410   3.3562   0.2693   0.0000  -0.0000   0.0000   0.0000   0.0000   0.0000  -0.0000  -0.0000    0.434
   341  60.0082   0.0000  11.5177   3.3115   0.2420   0.0000  -0.0000   0.0000   0.0000  -0.0000   0.0000  -0.0000  -0.0000    0.388
   342  60.0766   0.0000  11.5871   3.2710   0.2151   0.0000  -0.0000   0.0000   0.0000  -0.0000   0.0000  -0.0000  -0.0000    0.386
   343  60.1377   0.0000  11.6492   3.2348   0.1887   0.0000  -0.0000   0.0000   0.0000  -0.0000   0.0000  -0.0000  -0.0000    0.374
   344  60.1915   0.0000  11.7038   3.2030   0.1627   0.0000  -0.0000   0.0000   0.0000   0.0000   0.0000  -0.0000  -0.0000    0.284
   345  60.2378   0.0000  11.7508   3.1756   0.1370   0.0000  -0.0000   0.0000   0.0000  -0.0000   0.0000   0.0000  -0.0000    0.118
   346  60.2765   0.0000  11.7901   3.1526   0.1116   0.0000  -0.0000   0.0000   0.0000  -0.0000   0.0000   0.0000  -0.0000    0.092
   347  60.3075   0.0000  11.8216   3.1342   0.0866   0.0000  -0.0000   0.0000   0.0000  -0.0000   0.0000   0.0000  -0.0000    0.014
   348  60.3308   0.0000  11.8453   3.1204   0.0617   0.0000  -0.0000   0.0000   0.0000  -0.0000   0.0000   0.0000  -0.0000    0.039
   349  60.3464   0.0000  11.8611   3.1112   0.0369   0.0000  -0.0000   0.0000   0.0000   0.0000   0.0000   0.0000   0.0000   -0.335
   350  60.3542   0.0000  11.8690   3.1066   0.0123   0.0000   0.0000   0.0000   0.0000  -0.0000   0.0000   0.0000  -0.0000    0.076

  Surface # 6     fuselage_horizontal                     
     # Chordwise = 10   # Spanwise = 10     First strip =351
     Surface area Ssurf =  305.582940     Ave. chord Cave =   52.236400

 Forces referred to Sref, Cref, Bref about Xref, Yref, Zref
 Standard axis orientation,  X fwd, Z down         
     CLsurf  =   0.00773     Clsurf  =   0.00000
     CYsurf  =  -0.00000     Cmsurf  =   0.02366
     CDsurf  =  -0.00050     Cnsurf  =  -0.00000
     CDisurf =  -0.00050     CDvsurf =   0.00000

 Forces referred to Ssurf, Cave 
     CLsurf  =   0.01242     CDsurf  =  -0.00081

 Strip Forces referred to Strip Area, Chord
    j     Xle      Yle      Zle      Chord    Area     c_cl     ai     cl_norm    cl       cd       cdv    cm_c/4     cm_LE   C.P.x/c
   351   7.4693  -2.6325   0.0000  39.8265  23.2985   0.3981   0.2852   0.0794   0.0109  -0.0040   0.0000   0.0080   0.0008   -0.490
   352   4.3582  -2.0475   0.0000  47.8148  27.9717   0.6223   0.2614   0.0250   0.0129   0.0017   0.0000   0.0087   0.0014   -0.424
   353   2.4947  -1.4625   0.0000  53.5537  31.3289   0.7345   0.2551   0.0170   0.0137   0.0011   0.0000   0.0091   0.0020   -0.415
   354   1.1502  -0.8775   0.0000  58.2257  34.0620   0.7041   0.1986   0.0125   0.0123  -0.0003   0.0000   0.0104   0.0034   -0.592
   355   0.2954  -0.2925   0.0000  61.7612  36.1303   0.6978   0.1860   0.0125   0.0120  -0.0029   0.0000   0.0105   0.0054   -0.630
   356   0.2954   0.2925   0.0000  61.7612  36.1303   0.6978   0.1860   0.0125   0.0120  -0.0029   0.0000   0.0105   0.0054   -0.630
   357   1.1502   0.8775   0.0000  58.2257  34.0620   0.7041   0.1986   0.0125   0.0123  -0.0003   0.0000   0.0104   0.0034   -0.592
   358   2.4947   1.4625   0.0000  53.5538  31.3289   0.7345   0.2551   0.0170   0.0137   0.0011   0.0000   0.0091   0.0020   -0.415
   359   4.3582   2.0475   0.0000  47.8148  27.9717   0.6223   0.2614   0.0250   0.0129   0.0017   0.0000   0.0087   0.0014   -0.424
   360   7.4692   2.6325   0.0000  39.8266  23.2985   0.3981   0.2852   0.0794   0.0109  -0.0040   0.0000   0.0080   0.0008   -0.490

  Surface # 7     fuselage_vertical                       
     # Chordwise = 10   # Spanwise = 10     First strip =361
     Surface area Ssurf =  302.292047     Ave. chord Cave =   52.236400

 Forces referred to Sref, Cref, Bref about Xref, Yref, Zref
 Standard axis orientation,  X fwd, Z down         
     CLsurf  =   0.00000     Clsurf  =  -0.00000
     CYsurf  =   0.00000     Cmsurf  =  -0.00000
     CDsurf  =   0.00000     Cnsurf  =  -0.00000
     CDisurf =   0.00000     CDvsurf =   0.00000

 Forces referred to Ssurf, Cave 
     CLsurf  =  -0.00000     CDsurf  =   0.00000

 Strip Forces referred to Strip Area, Chord
    j     Xle      Yle      Zle      Chord    Area     c_cl     ai     cl_norm    cl       cd       cdv    cm_c/4     cm_LE   C.P.x/c
   361   7.4693   0.0000  -2.6041  39.8265  23.0476   0.0000   0.0000   0.0000   0.0000   0.0000   0.0000  -0.0000  -0.0000    1.711
   362   4.3582   0.0000  -2.0255  47.8148  27.6705   0.0000  -0.0000   0.0000   0.0000   0.0000   0.0000  -0.0000  -0.0000  999.000
   363   2.4947   0.0000  -1.4467  53.5537  30.9916   0.0000  -0.0000   0.0000   0.0000   0.0000   0.0000  -0.0000  -0.0000  999.000
   364   1.1502   0.0000  -0.8680  58.2257  33.6952   0.0000   0.0000   0.0000   0.0000   0.0000   0.0000  -0.0000  -0.0000  999.000
   365   0.2954   0.0000  -0.2894  61.7612  35.7412  -0.0000  -0.0000  -0.0000  -0.0000   0.0000   0.0000  -0.0000  -0.0000    0.092
   366   0.2954   0.0000   0.2894  61.7612  35.7412  -0.0000   0.0000  -0.0000  -0.0000  -0.0000   0.0000   0.0000   0.0000    0.588
   367   1.1502   0.0000   0.8680  58.2257  33.6952  -0.0000   0.0000  -0.0000  -0.0000   0.0000   0.0000   0.0000   0.0000    0.413
   368   2.4947   0.0000   1.4467  53.5537  30.9916  -0.0000   0.0000  -0.0000  -0.0000  -0.0000   0.0000   0.0000   0.0000    0.441
   369   4.3582   0.0000   2.0255  47.8148  27.6705  -0.0000  -0.0000  -0.0000  -0.0000  -0.0000   0.0000   0.0000   0.0000    0.640
   370   7.4693   0.0000   2.6041  39.8265  23.0476  -0.0000  -0.0000  -0.0000  -0.0000   0.0000   0.0000   0.0000   0.0000    0.682
 ---------------------------------------------------------------
