 ---------------------------------------------------------------
 Surface and Strip Forces by surface

  Sref =  124.86       Cref =  4.4875       Bref =  34.320    
  Xref =  19.176       Yref =  0.0000       Zref =-0.30757E-02

  Surface # 1     main_wing                               
     # Chordwise = 10   # Spanwise = 30     First strip =  1
     Surface area Ssurf =   63.968838     Ave. chord Cave =    3.715026

 Forces referred to Sref, Cref, Bref about Xref, Yref, Zref
 Standard axis orientation,  X fwd, Z down         
     CLsurf  =   0.01401     Clsurf  =   0.00207
     CYsurf  =  -0.00019     Cmsurf  =   0.01106
     CDsurf  =   0.00044     Cnsurf  =  -0.00016
     CDisurf =   0.00044     CDvsurf =   0.00000

 Forces referred to Ssurf, Cave 
     CLsurf  =   0.02730     CDsurf  =   0.00086

 Strip Forces referred to Strip Area, Chord
    j     Xle      Yle      Zle      Chord    Area     c_cl     ai     cl_norm    cl       cd       cdv    cm_c/4     cm_LE   C.P.x/c
     1  13.6181   0.0114  -0.9295   7.7520   0.3539   0.8157   0.0132   0.1365   0.1061   0.0227   0.0000  -0.0089  -0.0286    0.334
     2  13.6830   0.1025  -0.9255   7.6885   1.0492   0.8002   0.0125   0.1342   0.1043   0.0053   0.0000  -0.0089  -0.0284    0.335
     3  13.8120   0.2837  -0.9176   7.5620   1.7073   0.7953   0.0108   0.1356   0.1054   0.0041   0.0000  -0.0086  -0.0284    0.332
     4  14.0037   0.5530  -0.9059   7.3741   2.3052   0.7844   0.0082   0.1371   0.1066   0.0036   0.0000  -0.0082  -0.0283    0.327
     5  14.2560   0.9075  -0.8904   7.1267   2.8223   0.7628   0.0054   0.1379   0.1072   0.0030   0.0000  -0.0079  -0.0282    0.324
     6  14.5662   1.3432  -0.8714   6.8226   3.2414   0.7264   0.0058   0.1372   0.1066   0.0024   0.0000  -0.0078  -0.0280    0.323
     7  14.9309   1.8554  -0.8490   6.4651   3.5491   0.6719   0.0156   0.1339   0.1040   0.0017   0.0000  -0.0080  -0.0276    0.327
     8  15.3460   2.4386  -0.8236   6.0582   3.7368   0.5973   0.0234   0.1270   0.0987   0.0010   0.0000  -0.0085  -0.0270    0.337
     9  15.8070   3.0862  -0.7953   5.6062   3.8005   0.5030   0.0161   0.1155   0.0898   0.0003   0.0000  -0.0095  -0.0260    0.356
    10  16.2877   3.7613  -0.7658   5.1351   3.4440   0.3983   0.0065   0.0999   0.0776  -0.0002   0.0000  -0.0106  -0.0244    0.387
    11  16.7803   4.4532  -0.7356   4.6522   3.3149   0.2895  -0.0018   0.0801   0.0622  -0.0005   0.0000  -0.0117  -0.0222    0.438
    12  17.2999   5.1831  -0.7037   4.1429   3.0930   0.1763  -0.0119   0.0548   0.0426  -0.0006   0.0000  -0.0134  -0.0196    0.564
    13  17.8026   6.0123  -0.6437   3.7903   3.4706   0.0766  -0.0168   0.0245   0.0202  -0.0003   0.0000  -0.0150  -0.0179    0.994
    14  18.2809   6.9353  -0.5549   3.6075   3.3775   0.0077  -0.0121   0.0026   0.0021  -0.0001   0.0000  -0.0161  -0.0148  999.000
    15  18.7672   7.8737  -0.4645   3.4215   3.2389  -0.0449  -0.0084  -0.0159  -0.0131   0.0001   0.0000  -0.0172  -0.0124  999.000
    16  19.2562   8.8172  -0.3736   3.2345   3.0619  -0.0863  -0.0063  -0.0324  -0.0267   0.0003   0.0000  -0.0184  -0.0105   -0.439
    17  19.7425   9.7556  -0.2833   3.0486   2.8543  -0.1193  -0.0059  -0.0475  -0.0391   0.0004   0.0000  -0.0200  -0.0091   -0.260
    18  20.2208  10.6786  -0.1944   2.8657   2.6239  -0.1453  -0.0066  -0.0616  -0.0507   0.0004   0.0000  -0.0224  -0.0087   -0.191
    19  20.6858  11.5760  -0.1080   2.6879   2.3787  -0.1644  -0.0079  -0.0743  -0.0612   0.0002   0.0000  -0.0273  -0.0108   -0.196
    20  21.1299  12.4328  -0.0255   2.5181   2.1010  -0.1745  -0.0089  -0.0841  -0.0693   0.0019   0.0000  -0.0463  -0.0259   -0.418
    21  21.5482  13.2400   0.0523   2.3582   1.8520  -0.1754  -0.0092  -0.0903  -0.0744   0.0004   0.0000  -0.0491  -0.0272   -0.409
    22  21.9390  13.9941   0.1249   2.2087   1.6074  -0.1690  -0.0093  -0.0929  -0.0766   0.0001   0.0000  -0.0502  -0.0278   -0.406
    23  22.2979  14.6868   0.1916   2.0715   1.3716  -0.1562  -0.0090  -0.0916  -0.0754  -0.0001   0.0000  -0.0510  -0.0287   -0.426
    24  22.6211  15.3105   0.2516   1.9479   1.1479  -0.1378  -0.0083  -0.0859  -0.0708  -0.0004   0.0000  -0.0512  -0.0299   -0.473
    25  22.9051  15.8583   0.3044   1.8393   0.9381  -0.1155  -0.0069  -0.0763  -0.0629  -0.0007   0.0000  -0.0494  -0.0301   -0.535
    26  23.1466  16.3244   0.3493   1.7470   0.7427  -0.0918  -0.0056  -0.0639  -0.0526  -0.0017   0.0000  -0.0422  -0.0259   -0.552
    27  23.5299  16.6722   0.3828   1.4928   0.4131  -0.0695  -0.0050  -0.1539  -0.0467  -0.0024   0.0000  -0.0199  -0.0040   -0.177
    28  23.9809  16.9098   0.4056   1.1466   0.2292  -0.0489  -0.0042  -0.1406  -0.0427  -0.0015   0.0000  -0.0189  -0.0040   -0.192
    29  24.2843  17.0696   0.4210   0.9138   0.1104  -0.0288  -0.0032  -0.1042  -0.0316  -0.0017   0.0000  -0.0167  -0.0043   -0.279
    30  24.4368  17.1499   0.4287   0.7967   0.0322  -0.0095  -0.0022  -0.0395  -0.0120  -0.0026   0.0000  -0.0078  -0.0023   -0.404

  Surface # 2     main_wing (YDUP)                        
     # Chordwise = 10   # Spanwise = 30     First strip = 31
     Surface area Ssurf =   63.968838     Ave. chord Cave =    3.715026

 Forces referred to Sref, Cref, Bref about Xref, Yref, Zref
 Standard axis orientation,  X fwd, Z down         
     CLsurf  =   0.01401     Clsurf  =  -0.00207
     CYsurf  =   0.00019     Cmsurf  =   0.01106
     CDsurf  =   0.00044     Cnsurf  =   0.00016
     CDisurf =   0.00044     CDvsurf =   0.00000

 Forces referred to Ssurf, Cave 
     CLsurf  =   0.02730     CDsurf  =   0.00086

 Strip Forces referred to Strip Area, Chord
    j     Xle      Yle      Zle      Chord    Area     c_cl     ai     cl_norm    cl       cd       cdv    cm_c/4     cm_LE   C.P.x/c
    31  13.6181  -0.0114  -0.9295   7.7520   0.3539   0.8157   0.0132   0.1365   0.1061   0.0227   0.0000  -0.0089   0.0286    0.334
    32  13.6830  -0.1025  -0.9255   7.6885   1.0492   0.8002   0.0125   0.1342   0.1043   0.0053   0.0000  -0.0089   0.0284    0.335
    33  13.8120  -0.2837  -0.9176   7.5620   1.7073   0.7953   0.0108   0.1356   0.1054   0.0041   0.0000  -0.0086   0.0284    0.332
    34  14.0037  -0.5530  -0.9059   7.3741   2.3052   0.7844   0.0082   0.1371   0.1066   0.0036   0.0000  -0.0082   0.0283    0.327
    35  14.2560  -0.9075  -0.8904   7.1267   2.8223   0.7628   0.0054   0.1379   0.1072   0.0030   0.0000  -0.0079   0.0282    0.324
    36  14.5662  -1.3432  -0.8714   6.8226   3.2414   0.7264   0.0058   0.1372   0.1066   0.0024   0.0000  -0.0078   0.0280    0.323
    37  14.9309  -1.8554  -0.8490   6.4651   3.5491   0.6719   0.0156   0.1339   0.1040   0.0017   0.0000  -0.0080   0.0276    0.327
    38  15.3460  -2.4386  -0.8236   6.0582   3.7368   0.5973   0.0234   0.1270   0.0987   0.0010   0.0000  -0.0085   0.0270    0.337
    39  15.8070  -3.0862  -0.7953   5.6062   3.8005   0.5030   0.0161   0.1155   0.0898   0.0003   0.0000  -0.0095   0.0260    0.356
    40  16.2877  -3.7613  -0.7658   5.1351   3.4440   0.3983   0.0065   0.0999   0.0776  -0.0002   0.0000  -0.0106   0.0244    0.387
    41  16.7803  -4.4532  -0.7356   4.6522   3.3149   0.2895  -0.0018   0.0801   0.0622  -0.0005   0.0000  -0.0117   0.0222    0.438
    42  17.2999  -5.1831  -0.7037   4.1429   3.0930   0.1763  -0.0119   0.0548   0.0426  -0.0006   0.0000  -0.0134   0.0196    0.564
    43  17.8026  -6.0123  -0.6437   3.7903   3.4706   0.0766  -0.0168   0.0245   0.0202  -0.0003   0.0000  -0.0150   0.0179    0.994
    44  18.2809  -6.9353  -0.5549   3.6075   3.3775   0.0077  -0.0121   0.0026   0.0021  -0.0001   0.0000  -0.0161   0.0148  999.000
    45  18.7672  -7.8737  -0.4645   3.4215   3.2389  -0.0449  -0.0084  -0.0159  -0.0131   0.0001   0.0000  -0.0172   0.0124  999.000
    46  19.2562  -8.8172  -0.3736   3.2345   3.0619  -0.0863  -0.0063  -0.0324  -0.0267   0.0003   0.0000  -0.0184   0.0105   -0.439
    47  19.7425  -9.7556  -0.2833   3.0486   2.8543  -0.1193  -0.0059  -0.0475  -0.0391   0.0004   0.0000  -0.0200   0.0091   -0.260
    48  20.2208 -10.6786  -0.1944   2.8657   2.6239  -0.1453  -0.0066  -0.0616  -0.0507   0.0004   0.0000  -0.0224   0.0087   -0.191
    49  20.6858 -11.5760  -0.1080   2.6879   2.3787  -0.1644  -0.0079  -0.0743  -0.0612   0.0002   0.0000  -0.0273   0.0108   -0.196
    50  21.1299 -12.4328  -0.0255   2.5181   2.1010  -0.1745  -0.0089  -0.0841  -0.0693   0.0019   0.0000  -0.0463   0.0259   -0.418
    51  21.5482 -13.2400   0.0523   2.3582   1.8520  -0.1754  -0.0092  -0.0903  -0.0744   0.0004   0.0000  -0.0491   0.0272   -0.409
    52  21.9390 -13.9941   0.1249   2.2087   1.6074  -0.1690  -0.0093  -0.0929  -0.0766   0.0001   0.0000  -0.0502   0.0278   -0.406
    53  22.2979 -14.6868   0.1916   2.0715   1.3716  -0.1562  -0.0090  -0.0916  -0.0754  -0.0001   0.0000  -0.0510   0.0287   -0.426
    54  22.6211 -15.3105   0.2516   1.9479   1.1479  -0.1378  -0.0083  -0.0859  -0.0708  -0.0004   0.0000  -0.0512   0.0299   -0.473
    55  22.9051 -15.8583   0.3044   1.8393   0.9381  -0.1155  -0.0069  -0.0763  -0.0629  -0.0007   0.0000  -0.0494   0.0301   -0.535
    56  23.1466 -16.3244   0.3493   1.7470   0.7427  -0.0918  -0.0056  -0.0639  -0.0526  -0.0017   0.0000  -0.0422   0.0259   -0.552
    57  23.5299 -16.6722   0.3828   1.4928   0.4131  -0.0695  -0.0050  -0.1539  -0.0467  -0.0024   0.0000  -0.0199   0.0040   -0.177
    58  23.9809 -16.9098   0.4056   1.1466   0.2292  -0.0489  -0.0042  -0.1406  -0.0427  -0.0015   0.0000  -0.0189   0.0040   -0.192
    59  24.2843 -17.0696   0.4210   0.9138   0.1104  -0.0288  -0.0032  -0.1042  -0.0316  -0.0017   0.0000  -0.0167   0.0043   -0.279
    60  24.4368 -17.1499   0.4287   0.7967   0.0322  -0.0095  -0.0022  -0.0395  -0.0120  -0.0026   0.0000  -0.0078   0.0023   -0.404

  Surface # 3     horizontal_stabilizer                   
     # Chordwise = 10   # Spanwise = 30     First strip = 61
     Surface area Ssurf =   20.744605     Ave. chord Cave =    2.848571

 Forces referred to Sref, Cref, Bref about Xref, Yref, Zref
 Standard axis orientation,  X fwd, Z down         
     CLsurf  =  -0.03316     Clsurf  =   0.00318
     CYsurf  =   0.00532     Cmsurf  =   0.12180
     CDsurf  =   0.00016     Cnsurf  =  -0.00268
     CDisurf =   0.00016     CDvsurf =   0.00000

 Forces referred to Ssurf, Cave 
     CLsurf  =  -0.20211     CDsurf  =   0.00097

 Strip Forces referred to Strip Area, Chord
    j     Xle      Yle      Zle      Chord    Area     c_cl     ai     cl_norm    cl       cd       cdv    cm_c/4     cm_LE   C.P.x/c
    61  33.0230   0.0046   1.4667   4.2713   0.0803  -0.6330  -0.0213  -0.1863  -0.1453   0.0865   0.0000   0.0110   0.0402    0.326
    62  33.0469   0.0418   1.4723   4.2566   0.2392  -0.7553  -0.0218  -0.2272  -0.1772   0.0101   0.0000   0.0110   0.0464    0.312
    63  33.0943   0.1156   1.4835   4.2274   0.3930  -0.7649  -0.0224  -0.2319  -0.1809   0.0049   0.0000   0.0105   0.0467    0.308
    64  33.1649   0.2254   1.5002   4.1839   0.5386  -0.7674  -0.0227  -0.2352  -0.1834   0.0037   0.0000   0.0096   0.0464    0.302
    65  33.2578   0.3698   1.5221   4.1268   0.6730  -0.7682  -0.0229  -0.2387  -0.1861   0.0032   0.0000   0.0084   0.0460    0.295
    66  33.3719   0.5474   1.5490   4.0565   0.7936  -0.7677  -0.0227  -0.2427  -0.1893   0.0027   0.0000   0.0070   0.0455    0.287
    67  33.5097   0.7617   1.5816   3.9717   0.9441  -0.7658  -0.0222  -0.2473  -0.1929   0.0022   0.0000   0.0057   0.0451    0.279
    68  33.6704   1.0116   1.6195   3.8728   1.0344  -0.7620  -0.0210  -0.2523  -0.1968   0.0018   0.0000   0.0044   0.0448    0.272
    69  33.8488   1.2891   1.6616   3.7630   1.1046  -0.7555  -0.0192  -0.2575  -0.2009   0.0014   0.0000   0.0032   0.0446    0.266
    70  34.0430   1.5912   1.7075   3.6435   1.1542  -0.7461  -0.0169  -0.2627  -0.2049   0.0010   0.0000   0.0022   0.0446    0.261
    71  34.2510   1.9146   1.7565   3.5155   1.1831  -0.7333  -0.0147  -0.2676  -0.2087   0.0007   0.0000   0.0013   0.0447    0.256
    72  34.4703   2.2558   1.8083   3.3805   1.1921  -0.7169  -0.0129  -0.2721  -0.2122   0.0004   0.0000   0.0006   0.0448    0.253
    73  34.6987   2.6109   1.8622   3.2400   1.1821  -0.6969  -0.0119  -0.2760  -0.2152   0.0001   0.0000   0.0001   0.0450    0.250
    74  34.9335   2.9762   1.9177   3.0955   1.1548  -0.6734  -0.0117  -0.2791  -0.2177  -0.0000   0.0000  -0.0004   0.0451    0.248
    75  35.1723   3.3476   1.9740   2.9485   1.1122  -0.6468  -0.0120  -0.2814  -0.2195  -0.0002   0.0000  -0.0008   0.0452    0.246
    76  35.4124   3.7210   2.0307   2.8008   1.0564  -0.6174  -0.0126  -0.2828  -0.2206  -0.0003   0.0000  -0.0011   0.0451    0.245
    77  35.6512   4.0924   2.0871   2.6538   0.9900  -0.5857  -0.0134  -0.2832  -0.2209  -0.0004   0.0000  -0.0015   0.0448    0.243
    78  35.8861   4.4577   2.1425   2.5093   0.9155  -0.5523  -0.0143  -0.2824  -0.2203  -0.0005   0.0000  -0.0019   0.0444    0.241
    79  36.1144   4.8128   2.1964   2.3687   0.8353  -0.5176  -0.0153  -0.2804  -0.2187  -0.0005   0.0000  -0.0024   0.0436    0.239
    80  36.3338   5.1540   2.2482   2.2338   0.7518  -0.4818  -0.0165  -0.2768  -0.2159  -0.0006   0.0000  -0.0031   0.0424    0.236
    81  36.5417   5.4774   2.2973   2.1058   0.6671  -0.4451  -0.0177  -0.2712  -0.2115  -0.0006   0.0000  -0.0040   0.0408    0.231
    82  36.7359   5.7795   2.3431   1.9862   0.5830  -0.4075  -0.0191  -0.2633  -0.2053  -0.0007   0.0000  -0.0051   0.0385    0.225
    83  36.9144   6.0570   2.3852   1.8764   0.5012  -0.3688  -0.0205  -0.2522  -0.1967  -0.0008   0.0000  -0.0065   0.0356    0.217
    84  37.0750   6.3069   2.4232   1.7776   0.4225  -0.3289  -0.0220  -0.2375  -0.1852  -0.0010   0.0000  -0.0081   0.0318    0.207
    85  37.2162   6.5264   2.4565   1.6907   0.3478  -0.2876  -0.0233  -0.2183  -0.1702  -0.0011   0.0000  -0.0096   0.0274    0.194
    86  37.3480   6.7314   2.4876   1.6096   0.3326  -0.2424  -0.0246  -0.1933  -0.1507  -0.0012   0.0000  -0.0109   0.0222    0.178
    87  37.4657   6.9144   2.5154   1.5372   0.2507  -0.1917  -0.0258  -0.1601  -0.1248  -0.0013   0.0000  -0.0114   0.0164    0.159
    88  37.5551   7.0535   2.5365   1.4822   0.1746  -0.1386  -0.0266  -0.1201  -0.0936  -0.0014   0.0000  -0.0104   0.0108    0.139
    89  37.6153   7.1471   2.5508   1.4451   0.1029  -0.0839  -0.0273  -0.0745  -0.0581  -0.0013   0.0000  -0.0074   0.0059    0.123
    90  37.6455   7.1941   2.5579   1.4265   0.0340  -0.0281  -0.0276  -0.0253  -0.0197  -0.0011   0.0000  -0.0027   0.0018    0.114

  Surface # 4     horizontal_stabilizer (YDUP)            
     # Chordwise = 10   # Spanwise = 30     First strip = 91
     Surface area Ssurf =   20.744605     Ave. chord Cave =    2.848571

 Forces referred to Sref, Cref, Bref about Xref, Yref, Zref
 Standard axis orientation,  X fwd, Z down         
     CLsurf  =  -0.03316     Clsurf  =  -0.00318
     CYsurf  =  -0.00532     Cmsurf  =   0.12180
     CDsurf  =   0.00016     Cnsurf  =   0.00268
     CDisurf =   0.00016     CDvsurf =   0.00000

 Forces referred to Ssurf, Cave 
     CLsurf  =  -0.20211     CDsurf  =   0.00097

 Strip Forces referred to Strip Area, Chord
    j     Xle      Yle      Zle      Chord    Area     c_cl     ai     cl_norm    cl       cd       cdv    cm_c/4     cm_LE   C.P.x/c
    91  33.0230  -0.0046   1.4667   4.2713   0.0803  -0.6330  -0.0213  -0.1863  -0.1453   0.0865   0.0000   0.0110  -0.0402    0.326
    92  33.0469  -0.0418   1.4723   4.2566   0.2392  -0.7553  -0.0218  -0.2272  -0.1772   0.0101   0.0000   0.0110  -0.0464    0.312
    93  33.0943  -0.1156   1.4835   4.2274   0.3930  -0.7649  -0.0224  -0.2319  -0.1809   0.0049   0.0000   0.0105  -0.0467    0.308
    94  33.1649  -0.2254   1.5002   4.1839   0.5386  -0.7674  -0.0227  -0.2352  -0.1834   0.0037   0.0000   0.0096  -0.0464    0.302
    95  33.2578  -0.3698   1.5221   4.1268   0.6730  -0.7682  -0.0229  -0.2387  -0.1861   0.0032   0.0000   0.0084  -0.0460    0.295
    96  33.3719  -0.5474   1.5490   4.0565   0.7936  -0.7677  -0.0227  -0.2427  -0.1893   0.0027   0.0000   0.0070  -0.0455    0.287
    97  33.5097  -0.7617   1.5816   3.9717   0.9441  -0.7658  -0.0222  -0.2473  -0.1929   0.0022   0.0000   0.0057  -0.0451    0.279
    98  33.6704  -1.0116   1.6195   3.8728   1.0344  -0.7620  -0.0210  -0.2523  -0.1968   0.0018   0.0000   0.0044  -0.0448    0.272
    99  33.8488  -1.2891   1.6616   3.7630   1.1046  -0.7555  -0.0192  -0.2575  -0.2009   0.0014   0.0000   0.0032  -0.0446    0.266
   100  34.0430  -1.5912   1.7075   3.6435   1.1542  -0.7461  -0.0169  -0.2627  -0.2049   0.0010   0.0000   0.0022  -0.0446    0.261
   101  34.2510  -1.9146   1.7565   3.5155   1.1831  -0.7333  -0.0147  -0.2676  -0.2087   0.0007   0.0000   0.0013  -0.0447    0.256
   102  34.4703  -2.2558   1.8083   3.3805   1.1921  -0.7169  -0.0129  -0.2721  -0.2122   0.0004   0.0000   0.0006  -0.0448    0.253
   103  34.6987  -2.6109   1.8622   3.2400   1.1821  -0.6969  -0.0119  -0.2760  -0.2152   0.0001   0.0000   0.0001  -0.0450    0.250
   104  34.9335  -2.9762   1.9177   3.0955   1.1548  -0.6734  -0.0117  -0.2791  -0.2177  -0.0000   0.0000  -0.0004  -0.0451    0.248
   105  35.1723  -3.3476   1.9740   2.9485   1.1122  -0.6468  -0.0120  -0.2814  -0.2195  -0.0002   0.0000  -0.0008  -0.0452    0.246
   106  35.4124  -3.7210   2.0307   2.8008   1.0564  -0.6174  -0.0126  -0.2828  -0.2206  -0.0003   0.0000  -0.0011  -0.0451    0.245
   107  35.6512  -4.0924   2.0871   2.6538   0.9900  -0.5857  -0.0134  -0.2832  -0.2209  -0.0004   0.0000  -0.0015  -0.0448    0.243
   108  35.8861  -4.4577   2.1425   2.5093   0.9155  -0.5523  -0.0143  -0.2824  -0.2203  -0.0005   0.0000  -0.0019  -0.0444    0.241
   109  36.1144  -4.8128   2.1964   2.3687   0.8353  -0.5176  -0.0153  -0.2804  -0.2187  -0.0005   0.0000  -0.0024  -0.0436    0.239
   110  36.3338  -5.1540   2.2482   2.2338   0.7518  -0.4818  -0.0165  -0.2768  -0.2159  -0.0006   0.0000  -0.0031  -0.0424    0.236
   111  36.5417  -5.4774   2.2973   2.1058   0.6671  -0.4451  -0.0177  -0.2712  -0.2115  -0.0006   0.0000  -0.0040  -0.0408    0.231
   112  36.7359  -5.7795   2.3431   1.9862   0.5830  -0.4075  -0.0191  -0.2633  -0.2053  -0.0007   0.0000  -0.0051  -0.0385    0.225
   113  36.9144  -6.0570   2.3852   1.8764   0.5012  -0.3688  -0.0205  -0.2522  -0.1967  -0.0008   0.0000  -0.0065  -0.0356    0.217
   114  37.0750  -6.3069   2.4232   1.7776   0.4225  -0.3289  -0.0220  -0.2375  -0.1852  -0.0010   0.0000  -0.0081  -0.0318    0.207
   115  37.2162  -6.5264   2.4565   1.6907   0.3478  -0.2876  -0.0233  -0.2183  -0.1702  -0.0011   0.0000  -0.0096  -0.0274    0.194
   116  37.3480  -6.7314   2.4876   1.6096   0.3326  -0.2424  -0.0246  -0.1933  -0.1507  -0.0012   0.0000  -0.0109  -0.0222    0.178
   117  37.4657  -6.9144   2.5154   1.5372   0.2507  -0.1917  -0.0258  -0.1601  -0.1248  -0.0013   0.0000  -0.0114  -0.0164    0.159
   118  37.5551  -7.0535   2.5365   1.4822   0.1746  -0.1386  -0.0266  -0.1201  -0.0936  -0.0014   0.0000  -0.0104  -0.0108    0.139
   119  37.6153  -7.1471   2.5508   1.4451   0.1029  -0.0839  -0.0273  -0.0745  -0.0581  -0.0013   0.0000  -0.0074  -0.0059    0.123
   120  37.6455  -7.1941   2.5579   1.4265   0.0340  -0.0281  -0.0276  -0.0253  -0.0197  -0.0011   0.0000  -0.0027  -0.0018    0.114

  Surface # 5     vertical_stabilizer                     
     # Chordwise = 10   # Spanwise = 30     First strip =121
     Surface area Ssurf =   34.910363     Ave. chord Cave =    4.190920

 Forces referred to Sref, Cref, Bref about Xref, Yref, Zref
 Standard axis orientation,  X fwd, Z down         
     CLsurf  =  -0.00000     Clsurf  =   0.00000
     CYsurf  =   0.00000     Cmsurf  =   0.00000
     CDsurf  =   0.00000     Cnsurf  =  -0.00000
     CDisurf =   0.00000     CDvsurf =   0.00000

 Forces referred to Ssurf, Cave 
     CLsurf  =  -0.00000     CDsurf  =   0.00000

 Strip Forces referred to Strip Area, Chord
    j     Xle      Yle      Zle      Chord    Area     c_cl     ai     cl_norm    cl       cd       cdv    cm_c/4     cm_LE   C.P.x/c
   121  27.0137   0.0000   1.5690  10.0347   0.6931  -0.0000  -0.0000  -0.0000  -0.0000   0.0000   0.0000   0.0000   0.0000    0.533
   122  27.2327   0.0000   1.6601   9.8296   1.1101  -0.0000  -0.0000  -0.0000  -0.0000   0.0000   0.0000   0.0000   0.0000    0.476
   123  27.5561   0.0000   1.7947   9.5266   1.4857  -0.0000  -0.0000  -0.0000  -0.0000   0.0000   0.0000   0.0000   0.0000    0.675
   124  27.9815   0.0000   1.9717   9.1281   1.8040  -0.0000  -0.0000  -0.0000  -0.0000   0.0000   0.0000   0.0000   0.0000    0.644
   125  28.5051   0.0000   2.1895   8.6377   2.0517  -0.0000   0.0000  -0.0000  -0.0000   0.0000   0.0000   0.0000   0.0000    0.504
   126  29.1220   0.0000   2.4462   8.0598   2.2181  -0.0000   0.0000  -0.0000  -0.0000  -0.0000   0.0000   0.0000   0.0000    0.397
   127  29.8264   0.0000   2.7392   7.4000   2.2957  -0.0000  -0.0000  -0.0000  -0.0000   0.0000   0.0000   0.0000   0.0000    0.526
   128  30.6115   0.0000   3.0659   6.6646   2.2808  -0.0000   0.0000  -0.0000  -0.0000   0.0000   0.0000   0.0000   0.0000    0.479
   129  31.4694   0.0000   3.4228   5.8609   2.1733  -0.0000   0.0000  -0.0000  -0.0000  -0.0000   0.0000   0.0000   0.0000    0.488
   130  32.3918   0.0000   3.8066   4.9969   1.9773  -0.0000   0.0000  -0.0000  -0.0000   0.0000   0.0000   0.0000   0.0000    0.436
   131  33.0131   0.0000   4.1929   4.4389   1.6667  -0.0000   0.0000  -0.0000  -0.0000  -0.0000   0.0000   0.0000   0.0000    0.439
   132  33.3001   0.0000   4.5764   4.2198   1.6478  -0.0000   0.0000  -0.0000  -0.0000   0.0000   0.0000   0.0000   0.0000    0.377
   133  33.5969   0.0000   4.9729   3.9932   1.6033  -0.0000  -0.0000  -0.0000  -0.0000   0.0000   0.0000   0.0000   0.0000    0.474
   134  33.9004   0.0000   5.3784   3.7615   1.5362  -0.0000  -0.0000  -0.0000  -0.0000   0.0000   0.0000   0.0000   0.0000    0.383
   135  34.2075   0.0000   5.7886   3.5271   1.4499  -0.0000   0.0000  -0.0000  -0.0000   0.0000   0.0000   0.0000   0.0000    0.377
   136  34.5150   0.0000   6.1995   3.2923   1.3482  -0.0000  -0.0000  -0.0000  -0.0000   0.0000   0.0000   0.0000   0.0000    0.371
   137  34.8197   0.0000   6.6066   3.0597   1.2352  -0.0000   0.0000  -0.0000  -0.0000  -0.0000   0.0000   0.0000   0.0000    0.400
   138  35.1185   0.0000   7.0058   2.8315   1.1147  -0.0000   0.0000  -0.0000  -0.0000  -0.0000   0.0000   0.0000   0.0000    0.266
   139  35.4083   0.0000   7.3929   2.6103   0.9908  -0.0000   0.0000  -0.0000  -0.0000  -0.0000   0.0000   0.0000   0.0000    0.344
   140  35.6860   0.0000   7.7640   2.3983   0.8670  -0.0000  -0.0000  -0.0000  -0.0000  -0.0000   0.0000   0.0000   0.0000    0.316
   141  35.9487   0.0000   8.1150   2.1977   0.7464  -0.0000   0.0000  -0.0000  -0.0000  -0.0000   0.0000   0.0000   0.0000    0.287
   142  36.1937   0.0000   8.4424   2.0106   0.6318  -0.0000   0.0000  -0.0000  -0.0000  -0.0000   0.0000   0.0000   0.0000    0.269
   143  36.4185   0.0000   8.7426   1.8390   0.5251  -0.0000   0.0000  -0.0000  -0.0000  -0.0000   0.0000   0.0000   0.0000    0.266
   144  36.6206   0.0000   9.0127   1.6847   0.4276  -0.0000   0.0000  -0.0000  -0.0000  -0.0000   0.0000  -0.0000   0.0000    0.190
   145  36.7980   0.0000   9.2496   1.5493   0.3400  -0.0000   0.0000  -0.0000  -0.0000  -0.0000   0.0000  -0.0000   0.0000    0.105
   146  36.9487   0.0000   9.4510   1.4342   0.2622  -0.0000   0.0000  -0.0000  -0.0000  -0.0000   0.0000  -0.0000   0.0000    0.130
   147  37.0713   0.0000   9.6148   1.3407   0.1933  -0.0000   0.0000  -0.0000  -0.0000  -0.0000   0.0000  -0.0000   0.0000    0.122
   148  37.1643   0.0000   9.7391   1.2696   0.1322  -0.0000   0.0000  -0.0000  -0.0000  -0.0000   0.0000  -0.0000  -0.0000   -0.024
   149  37.2269   0.0000   9.8227   1.2218   0.0769  -0.0000  -0.0000  -0.0000  -0.0000  -0.0000   0.0000  -0.0000   0.0000    0.096
   150  37.2584   0.0000   9.8647   1.1978   0.0252  -0.0000   0.0000  -0.0000  -0.0000  -0.0000   0.0000  -0.0000   0.0000    0.065

  Surface # 6     fuselage_horizontal                     
     # Chordwise = 10   # Spanwise = 10     First strip =151
     Surface area Ssurf =  123.841199     Ave. chord Cave =   33.112620

 Forces referred to Sref, Cref, Bref about Xref, Yref, Zref
 Standard axis orientation,  X fwd, Z down         
     CLsurf  =  -0.00974     Clsurf  =  -0.00000
     CYsurf  =   0.00000     Cmsurf  =  -0.03208
     CDsurf  =   0.00022     Cnsurf  =   0.00000
     CDisurf =   0.00022     CDvsurf =   0.00000

 Forces referred to Ssurf, Cave 
     CLsurf  =  -0.00982     CDsurf  =   0.00023

 Strip Forces referred to Strip Area, Chord
    j     Xle      Yle      Zle      Chord    Area     c_cl     ai     cl_norm    cl       cd       cdv    cm_c/4     cm_LE   C.P.x/c
   151   5.0231  -1.6830   0.0000  26.5957   9.9468  -0.2482  -0.0627  -0.1161  -0.0093   0.0001   0.0000  -0.0003   0.0003    0.214
   152   2.9203  -1.3090   0.0000  31.2096  11.6724  -0.3333  -0.0597  -0.0415  -0.0107   0.0002   0.0000  -0.0008   0.0005    0.174
   153   1.6676  -0.9350   0.0000  34.0626  12.7394  -0.3473  -0.0327  -0.0249  -0.0102   0.0002   0.0000  -0.0017   0.0003    0.079
   154   0.7666  -0.5610   0.0000  36.1620  13.5246  -0.3485  -0.0200  -0.0162  -0.0096   0.0003   0.0000  -0.0023   0.0000    0.011
   155   0.1963  -0.1870   0.0000  37.5333  14.0374  -0.3483  -0.0156  -0.0108  -0.0093   0.0003   0.0000  -0.0025  -0.0001   -0.022
   156   0.1963   0.1870   0.0000  37.5333  14.0374  -0.3483  -0.0156  -0.0108  -0.0093   0.0003   0.0000  -0.0025  -0.0001   -0.022
   157   0.7666   0.5610   0.0000  36.1620  13.5246  -0.3485  -0.0200  -0.0162  -0.0096   0.0003   0.0000  -0.0023   0.0000    0.011
   158   1.6676   0.9350   0.0000  34.0626  12.7394  -0.3473  -0.0327  -0.0249  -0.0102   0.0002   0.0000  -0.0017   0.0003    0.079
   159   2.9202   1.3090   0.0000  31.2096  11.6724  -0.3333  -0.0597  -0.0415  -0.0107   0.0002   0.0000  -0.0008   0.0005    0.174
   160   5.0231   1.6830   0.0000  26.5957   9.9468  -0.2482  -0.0627  -0.1161  -0.0093   0.0001   0.0000  -0.0003   0.0003    0.214

  Surface # 7     fuselage_vertical                       
     # Chordwise = 10   # Spanwise = 10     First strip =161
     Surface area Ssurf =  123.841199     Ave. chord Cave =   33.112620

 Forces referred to Sref, Cref, Bref about Xref, Yref, Zref
 Standard axis orientation,  X fwd, Z down         
     CLsurf  =   0.00000     Clsurf  =  -0.00000
     CYsurf  =  -0.00000     Cmsurf  =  -0.00000
     CDsurf  =   0.00000     Cnsurf  =  -0.00000
     CDisurf =   0.00000     CDvsurf =   0.00000

 Forces referred to Ssurf, Cave 
     CLsurf  =   0.00000     CDsurf  =   0.00000

 Strip Forces referred to Strip Area, Chord
    j     Xle      Yle      Zle      Chord    Area     c_cl     ai     cl_norm    cl       cd       cdv    cm_c/4     cm_LE   C.P.x/c
   161   5.0231   0.0000  -1.6830  26.5957   9.9468   0.0000  -0.0000   0.0000   0.0000   0.0000   0.0000  -0.0000  -0.0000    0.981
   162   2.9203   0.0000  -1.3090  31.2096  11.6724   0.0000  -0.0000   0.0000   0.0000   0.0000   0.0000  -0.0000  -0.0000    0.939
   163   1.6676   0.0000  -0.9350  34.0626  12.7394   0.0000   0.0000   0.0000   0.0000   0.0000   0.0000  -0.0000  -0.0000    0.756
   164   0.7666   0.0000  -0.5610  36.1620  13.5246   0.0000   0.0000   0.0000   0.0000   0.0000   0.0000  -0.0000  -0.0000    0.407
   165   0.1963   0.0000  -0.1870  37.5333  14.0374   0.0000   0.0000   0.0000   0.0000   0.0000   0.0000   0.0000  -0.0000    0.088
   166   0.1963   0.0000   0.1870  37.5333  14.0374   0.0000   0.0000   0.0000   0.0000   0.0000   0.0000  -0.0000  -0.0000    0.382
   167   0.7666   0.0000   0.5610  36.1620  13.5246  -0.0000  -0.0000  -0.0000  -0.0000   0.0000   0.0000   0.0000   0.0000  999.000
   168   1.6676   0.0000   0.9350  34.0626  12.7394   0.0000   0.0000   0.0000   0.0000   0.0000   0.0000   0.0000   0.0000   -0.829
   169   2.9202   0.0000   1.3090  31.2096  11.6724   0.0000  -0.0000   0.0000   0.0000   0.0000   0.0000  -0.0000  -0.0000    0.849
   170   5.0231   0.0000   1.6830  26.5957   9.9468  -0.0000  -0.0000  -0.0000  -0.0000   0.0000   0.0000   0.0000   0.0000    1.849
 ---------------------------------------------------------------
