 ---------------------------------------------------------------
 Surface and Strip Forces by surface

  Sref =  490.60       Cref =  8.4083       Bref =  70.000    
  Xref =  29.948       Yref =  0.0000       Zref =-0.24644    

  Surface # 1     main_wing                               
     # Chordwise = 10   # Spanwise = 80     First strip =  1
     Surface area Ssurf =  250.220919     Ave. chord Cave =    7.118898

 Forces referred to Sref, Cref, Bref about Xref, Yref, Zref
 Standard axis orientation,  X fwd, Z down         
     CLsurf  =   0.08052     Clsurf  =  -0.01201
     CYsurf  =  -0.00706     Cmsurf  =  -0.01654
     CDsurf  =   0.00142     Cnsurf  =   0.00020
     CDisurf =   0.00142     CDvsurf =   0.00000

 Forces referred to Ssurf, Cave 
     CLsurf  =   0.15848     CDsurf  =   0.00278

 Strip Forces referred to Strip Area, Chord
    j     Xle      Yle      Zle      Chord    Area     c_cl     ai     cl_norm    cl       cd       cdv    cm_c/4     cm_LE   C.P.x/c
     1  22.4080   0.0036  -0.9570  12.4590   0.1808   2.3175  -0.0471   0.1860   0.1860   0.0020   0.0000  -0.0369  -0.0834    0.448
     2  22.4080   0.0327  -0.9570  12.4590   0.5422   2.3176  -0.0471   0.1860   0.1860   0.0020   0.0000  -0.0369  -0.0834    0.448
     3  22.4080   0.0907  -0.9570  12.4590   0.9028   2.3180  -0.0471   0.1860   0.1860   0.0019   0.0000  -0.0369  -0.0834    0.449
     4  22.4080   0.1775  -0.9570  12.4590   1.2619   2.3193  -0.0472   0.1862   0.1862   0.0019   0.0000  -0.0370  -0.0835    0.449
     5  22.4080   0.2932  -0.9570  12.4590   1.6191   2.3224  -0.0474   0.1864   0.1864   0.0018   0.0000  -0.0372  -0.0838    0.449
     6  22.4080   0.4374  -0.9570  12.4590   1.9739   2.3286  -0.0478   0.1869   0.1869   0.0018   0.0000  -0.0375  -0.0842    0.451
     7  22.4080   0.6100  -0.9570  12.4590   2.3255   2.3393  -0.0485   0.1878   0.1878   0.0018   0.0000  -0.0380  -0.0849    0.452
     8  22.4080   0.8106  -0.9570  12.4590   2.6736   2.3567  -0.0494   0.1892   0.1892   0.0017   0.0000  -0.0388  -0.0861    0.455
     9  22.4080   1.0391  -0.9570  12.4590   3.0176   2.3835  -0.0505   0.1913   0.1913   0.0017   0.0000  -0.0401  -0.0879    0.460
    10  22.4080   1.2949  -0.9570  12.4590   3.3569   2.4235  -0.0516   0.1945   0.1945   0.0018   0.0000  -0.0419  -0.0906    0.466
    11  22.4080   1.5778  -0.9570  12.4590   3.6910   2.4828  -0.0523   0.1993   0.1993   0.0018   0.0000  -0.0446  -0.0944    0.474
    12  22.4080   1.8873  -0.9570  12.4590   4.0195   2.5710  -0.0518   0.2064   0.2064   0.0019   0.0000  -0.0485  -0.1001    0.485
    13  22.4080   2.2230  -0.9570  12.4590   4.3417   2.7077  -0.0492   0.2173   0.2173   0.0022   0.0000  -0.0544  -0.1087    0.500
    14  22.4080   2.5842  -0.9570  12.4590   4.6573   2.9484  -0.0437   0.2366   0.2366   0.0043   0.0000  -0.0642  -0.1234    0.521
    15  22.4974   2.9170  -0.9395  12.3826   3.6189   3.5160   0.3842   0.3520   0.2839   0.0466   0.0000  -0.0868  -0.1340    0.556
    16  22.6846   3.2159  -0.9028  12.2227   3.7885   3.6802   0.3928   0.3732   0.3011   0.0462   0.0000  -0.0941  -0.1439    0.563
    17  22.8826   3.5322  -0.8639  12.0536   3.9437   3.6778   0.3993   0.3782   0.3051   0.0447   0.0000  -0.0947  -0.1452    0.560
    18  23.0912   3.8653  -0.8230  11.8754   4.0839   3.4759   0.4028   0.3628   0.2927   0.0396   0.0000  -0.0873  -0.1363    0.548
    19  23.3498   4.2783  -0.7723  11.6545   5.7066   2.7801  -0.0190   0.2957   0.2385   0.0013   0.0000  -0.0597  -0.1013    0.500
    20  23.6607   4.7750  -0.7113  11.3888   5.8186   2.4551  -0.0180   0.2672   0.2156   0.0014   0.0000  -0.0472  -0.0858    0.469
    21  23.9847   5.2923  -0.6478  11.1120   5.9047   2.2331  -0.0167   0.2491   0.2010   0.0012   0.0000  -0.0390  -0.0758    0.444
    22  24.3210   5.8296  -0.5818  10.8247   5.9646   2.0629  -0.0151   0.2362   0.1906   0.0009   0.0000  -0.0331  -0.0686    0.424
    23  24.6694   6.3859  -0.5135  10.5270   5.9985   1.9245  -0.0133   0.2266   0.1828   0.0007   0.0000  -0.0286  -0.0631    0.407
    24  25.0291   6.9605  -0.4430  10.2197   6.0065   1.8073  -0.0115   0.2192   0.1768   0.0004   0.0000  -0.0252  -0.0590    0.393
    25  25.3998   7.5524  -0.3703   9.9031   5.9889   1.7052  -0.0097   0.2134   0.1722   0.0002   0.0000  -0.0226  -0.0557    0.381
    26  25.7806   8.1608  -0.2956   9.5777   5.9462   1.6143  -0.0081   0.2089   0.1685   0.0001   0.0000  -0.0205  -0.0532    0.372
    27  26.1712   8.7846  -0.2190   9.2440   5.8788   1.5319  -0.0067   0.2054   0.1657  -0.0001   0.0000  -0.0189  -0.0513    0.364
    28  26.5709   9.4230  -0.1406   8.9025   5.7875   1.4565  -0.0061   0.2028   0.1636  -0.0002   0.0000  -0.0178  -0.0498    0.359
    29  26.9647  10.0557  -0.0738   8.6530   5.3824   1.3915  -0.0047   0.2103   0.1608  -0.0003   0.0000  -0.0166  -0.0484    0.353
    30  27.3514  10.6811  -0.0191   8.4988   5.3831   1.3372  -0.0020   0.2058   0.1573  -0.0004   0.0000  -0.0157  -0.0469    0.350
    31  27.7448  11.3174   0.0366   8.3420   5.3704   1.2868  -0.0004   0.2018   0.1543  -0.0005   0.0000  -0.0150  -0.0456    0.348
    32  28.1443  11.9635   0.0931   8.1827   5.3448   1.2394   0.0007   0.1981   0.1515  -0.0006   0.0000  -0.0146  -0.0447    0.346
    33  28.5492  12.6185   0.1504   8.0213   5.3066   1.1941   0.0014   0.1947   0.1489  -0.0006   0.0000  -0.0143  -0.0439    0.346
    34  28.9591  13.2814   0.2084   7.8579   5.2564   1.1505   0.0018   0.1915   0.1464  -0.0006   0.0000  -0.0142  -0.0433    0.347
    35  29.3731  13.9510   0.2670   7.6928   5.1948   1.1082   0.0021   0.1884   0.1441  -0.0006   0.0000  -0.0142  -0.0427    0.348
    36  29.7907  14.6265   0.3261   7.5263   5.1222   1.0670   0.0022   0.1854   0.1418  -0.0006   0.0000  -0.0142  -0.0423    0.350
    37  30.2113  15.3067   0.3856   7.3587   5.0393   1.0264   0.0023   0.1824   0.1395  -0.0006   0.0000  -0.0143  -0.0419    0.353
    38  30.6342  15.9907   0.4454   7.1901   4.9468   0.9864   0.0023   0.1794   0.1372  -0.0006   0.0000  -0.0145  -0.0416    0.356
    39  31.0587  16.6772   0.5055   7.0209   4.8453   0.9465   0.0022   0.1763   0.1348  -0.0006   0.0000  -0.0147  -0.0412    0.359
    40  31.4842  17.3654   0.5657   6.8512   4.7356   0.9067   0.0021   0.1731   0.1323  -0.0006   0.0000  -0.0150  -0.0410    0.364
    41  31.9100  18.0541   0.6259   6.6815   4.6182   0.8666   0.0018   0.1696   0.1297  -0.0005   0.0000  -0.0154  -0.0408    0.369
    42  32.3355  18.7423   0.6861   6.5119   4.4941   0.8261   0.0014   0.1659   0.1269  -0.0005   0.0000  -0.0160  -0.0406    0.376
    43  32.7600  19.4289   0.7462   6.3426   4.3638   0.7853   0.0008   0.1619   0.1238  -0.0004   0.0000  -0.0168  -0.0407    0.386
    44  33.1829  20.1128   0.8060   6.1740   4.2281   0.7442   0.0001   0.1577   0.1205  -0.0003   0.0000  -0.0181  -0.0410    0.400
    45  33.6034  20.7930   0.8655   6.0064   4.0877   0.7033  -0.0008   0.1531   0.1171  -0.0001   0.0000  -0.0201  -0.0420    0.422
    46  34.0211  21.4685   0.9246   5.8399   3.9435   0.6631  -0.0018   0.1485   0.1135   0.0003   0.0000  -0.0236  -0.0443    0.458
    47  34.4351  22.1382   0.9832   5.6748   3.7961   0.6244  -0.0027   0.1439   0.1100   0.0013   0.0000  -0.0304  -0.0493    0.526
    48  34.7955  22.7210   1.0342   5.5312   2.7734   0.5911  -0.0035   0.1398   0.1069   0.0050   0.0000  -0.0508  -0.0660    0.725
    49  35.1476  23.2905   1.0840   5.3908   3.4568   0.5598  -0.0039   0.1358   0.1038  -0.0001   0.0000  -0.0571  -0.0707    0.800
    50  35.5398  23.9248   1.1395   5.2344   3.3083   0.5281  -0.0043   0.1319   0.1009  -0.0013   0.0000  -0.0599  -0.0725    0.844
    51  35.9260  24.5495   1.1942   5.0805   3.1592   0.4986  -0.0046   0.1283   0.0981  -0.0016   0.0000  -0.0613  -0.0731    0.875
    52  36.3056  25.1635   1.2479   4.9291   3.0101   0.4713  -0.0048   0.1250   0.0956  -0.0017   0.0000  -0.0622  -0.0733    0.900
    53  36.6781  25.7659   1.3006   4.7806   2.8615   0.4461  -0.0049   0.1221   0.0933  -0.0017   0.0000  -0.0627  -0.0732    0.921
    54  37.0428  26.3559   1.3522   4.6352   2.7141   0.4230  -0.0049   0.1193   0.0912  -0.0016   0.0000  -0.0630  -0.0730    0.940
    55  37.3992  26.9323   1.4027   4.4931   2.5684   0.4016  -0.0048   0.1169   0.0894  -0.0016   0.0000  -0.0632  -0.0728    0.957
    56  37.7468  27.4945   1.4518   4.3545   2.4247   0.3820  -0.0047   0.1147   0.0877  -0.0016   0.0000  -0.0633  -0.0726    0.972
    57  38.0850  28.0415   1.4997   4.2197   2.2835   0.3638  -0.0046   0.1128   0.0862  -0.0015   0.0000  -0.0634  -0.0723    0.985
    58  38.4133  28.5725   1.5461   4.0888   2.1452   0.3472  -0.0044   0.1110   0.0849  -0.0015   0.0000  -0.0634  -0.0721    0.997
    59  38.7312  29.0866   1.5911   3.9621   2.0101   0.3319  -0.0042   0.1095   0.0838  -0.0015   0.0000  -0.0635  -0.0719    1.008
    60  39.0382  29.5831   1.6346   3.8397   1.8786   0.3179  -0.0040   0.1083   0.0828  -0.0015   0.0000  -0.0635  -0.0717    1.017
    61  39.3338  30.0612   1.6764   3.7219   1.7508   0.3051  -0.0037   0.1072   0.0820  -0.0015   0.0000  -0.0635  -0.0715    1.025
    62  39.6175  30.5202   1.7165   3.6087   1.6269   0.2936  -0.0033   0.1064   0.0813  -0.0015   0.0000  -0.0635  -0.0714    1.031
    63  39.8890  30.9593   1.7550   3.5005   1.5072   0.2831  -0.0027   0.1058   0.0809  -0.0015   0.0000  -0.0634  -0.0712    1.034
    64  40.1478  31.3779   1.7916   3.3973   1.3917   0.2738  -0.0019   0.1054   0.0806  -0.0015   0.0000  -0.0632  -0.0710    1.035
    65  40.3935  31.7753   1.8263   3.2994   1.2804   0.2652  -0.0010   0.1051   0.0804  -0.0016   0.0000  -0.0628  -0.0706    1.032
    66  40.6258  32.1509   1.8592   3.2068   1.1734   0.2572   0.0003   0.1049   0.0802  -0.0018   0.0000  -0.0620  -0.0699    1.024
    67  40.8442  32.5042   1.8901   3.1197   1.0707   0.2493   0.0017   0.1045   0.0799  -0.0021   0.0000  -0.0606  -0.0686    1.009
    68  41.0485  32.8346   1.9190   3.0383   0.9721   0.2411   0.0033   0.1038   0.0793  -0.0028   0.0000  -0.0582  -0.0665    0.984
    69  41.2438  33.1504   1.9467   2.9604   0.9286   0.2320   0.0052   0.1025   0.0784  -0.0041   0.0000  -0.0541  -0.0627    0.940
    70  41.4291  33.4502   1.9729   2.8866   0.8314   0.2208   0.0066   0.1001   0.0765  -0.0078   0.0000  -0.0463  -0.0557    0.855
    71  41.8199  33.7262   1.9971   2.6622   0.7082   0.2076   0.0070   0.3547   0.0780  -0.0006   0.0000  -0.0225  -0.0172    0.539
    72  42.3833  33.9779   2.0191   2.3104   0.5525   0.1940   0.0094   0.3819   0.0840   0.0004   0.0000  -0.0172  -0.0156    0.455
    73  42.8863  34.2026   2.0388   1.9964   0.4230   0.1786   0.0113   0.4070   0.0895  -0.0001   0.0000  -0.0147  -0.0152    0.415
    74  43.3282  34.4000   2.0560   1.7205   0.3171   0.1614   0.0136   0.4268   0.0938  -0.0005   0.0000  -0.0129  -0.0149    0.387
    75  43.7082  34.5698   2.0709   1.4833   0.2320   0.1423   0.0161   0.4363   0.0959  -0.0009   0.0000  -0.0109  -0.0143    0.363
    76  44.0258  34.7116   2.0833   1.2850   0.1649   0.1209   0.0188   0.4279   0.0941  -0.0013   0.0000  -0.0081  -0.0129    0.336
    77  44.2804  34.8254   2.0932   1.1261   0.1126   0.0971   0.0212   0.3923   0.0862  -0.0017   0.0000  -0.0047  -0.0108    0.305
    78  44.4718  34.9108   2.1007   1.0066   0.0720   0.0711   0.0229   0.3213   0.0706  -0.0019   0.0000  -0.0015  -0.0078    0.271
    79  44.5995  34.9679   2.1057   0.9269   0.0398   0.0434   0.0242   0.2130   0.0468  -0.0018   0.0000   0.0004  -0.0046    0.241
    80  44.6634  34.9964   2.1082   0.8870   0.0127   0.0146   0.0252   0.0749   0.0165  -0.0012   0.0000   0.0003  -0.0016    0.233

  Surface # 2     main_wing (YDUP)                        
     # Chordwise = 10   # Spanwise = 80     First strip = 81
     Surface area Ssurf =  250.220919     Ave. chord Cave =    7.118898

 Forces referred to Sref, Cref, Bref about Xref, Yref, Zref
 Standard axis orientation,  X fwd, Z down         
     CLsurf  =   0.08052     Clsurf  =   0.01201
     CYsurf  =   0.00706     Cmsurf  =  -0.01654
     CDsurf  =   0.00142     Cnsurf  =  -0.00020
     CDisurf =   0.00142     CDvsurf =   0.00000

 Forces referred to Ssurf, Cave 
     CLsurf  =   0.15848     CDsurf  =   0.00278

 Strip Forces referred to Strip Area, Chord
    j     Xle      Yle      Zle      Chord    Area     c_cl     ai     cl_norm    cl       cd       cdv    cm_c/4     cm_LE   C.P.x/c
    81  22.4080  -0.0036  -0.9570  12.4590   0.1808   2.3175  -0.0471   0.1860   0.1860   0.0020   0.0000  -0.0369   0.0834    0.448
    82  22.4080  -0.0327  -0.9570  12.4590   0.5422   2.3176  -0.0471   0.1860   0.1860   0.0020   0.0000  -0.0369   0.0834    0.448
    83  22.4080  -0.0907  -0.9570  12.4590   0.9028   2.3180  -0.0471   0.1860   0.1860   0.0019   0.0000  -0.0369   0.0834    0.449
    84  22.4080  -0.1775  -0.9570  12.4590   1.2619   2.3193  -0.0472   0.1862   0.1862   0.0019   0.0000  -0.0370   0.0835    0.449
    85  22.4080  -0.2932  -0.9570  12.4590   1.6191   2.3224  -0.0474   0.1864   0.1864   0.0018   0.0000  -0.0372   0.0838    0.449
    86  22.4080  -0.4374  -0.9570  12.4590   1.9739   2.3286  -0.0478   0.1869   0.1869   0.0018   0.0000  -0.0375   0.0842    0.451
    87  22.4080  -0.6100  -0.9570  12.4590   2.3255   2.3393  -0.0485   0.1878   0.1878   0.0018   0.0000  -0.0380   0.0849    0.452
    88  22.4080  -0.8106  -0.9570  12.4590   2.6736   2.3567  -0.0494   0.1892   0.1892   0.0017   0.0000  -0.0388   0.0861    0.455
    89  22.4080  -1.0391  -0.9570  12.4590   3.0176   2.3835  -0.0505   0.1913   0.1913   0.0017   0.0000  -0.0401   0.0879    0.460
    90  22.4080  -1.2949  -0.9570  12.4590   3.3569   2.4235  -0.0516   0.1945   0.1945   0.0018   0.0000  -0.0419   0.0906    0.466
    91  22.4080  -1.5778  -0.9570  12.4590   3.6910   2.4828  -0.0523   0.1993   0.1993   0.0018   0.0000  -0.0446   0.0944    0.474
    92  22.4080  -1.8873  -0.9570  12.4590   4.0195   2.5710  -0.0518   0.2064   0.2064   0.0019   0.0000  -0.0485   0.1001    0.485
    93  22.4080  -2.2230  -0.9570  12.4590   4.3417   2.7077  -0.0492   0.2173   0.2173   0.0022   0.0000  -0.0544   0.1087    0.500
    94  22.4080  -2.5842  -0.9570  12.4590   4.6573   2.9484  -0.0437   0.2366   0.2366   0.0043   0.0000  -0.0642   0.1234    0.521
    95  22.4974  -2.9170  -0.9395  12.3826   3.6189   3.5160   0.3842   0.3520   0.2839   0.0466   0.0000  -0.0868   0.1340    0.556
    96  22.6846  -3.2159  -0.9028  12.2227   3.7885   3.6802   0.3928   0.3732   0.3011   0.0462   0.0000  -0.0941   0.1439    0.563
    97  22.8826  -3.5322  -0.8639  12.0536   3.9437   3.6778   0.3993   0.3782   0.3051   0.0447   0.0000  -0.0947   0.1452    0.560
    98  23.0912  -3.8653  -0.8230  11.8754   4.0839   3.4759   0.4028   0.3628   0.2927   0.0396   0.0000  -0.0873   0.1363    0.548
    99  23.3498  -4.2783  -0.7723  11.6545   5.7066   2.7801  -0.0190   0.2957   0.2385   0.0013   0.0000  -0.0597   0.1013    0.500
   100  23.6607  -4.7750  -0.7113  11.3888   5.8186   2.4551  -0.0180   0.2672   0.2156   0.0014   0.0000  -0.0472   0.0858    0.469
   101  23.9847  -5.2923  -0.6478  11.1120   5.9047   2.2331  -0.0167   0.2491   0.2010   0.0012   0.0000  -0.0390   0.0758    0.444
   102  24.3210  -5.8296  -0.5818  10.8247   5.9646   2.0629  -0.0151   0.2362   0.1906   0.0009   0.0000  -0.0331   0.0686    0.424
   103  24.6694  -6.3859  -0.5135  10.5270   5.9985   1.9245  -0.0133   0.2266   0.1828   0.0007   0.0000  -0.0286   0.0631    0.407
   104  25.0291  -6.9605  -0.4430  10.2197   6.0065   1.8073  -0.0115   0.2192   0.1768   0.0004   0.0000  -0.0252   0.0590    0.393
   105  25.3998  -7.5524  -0.3703   9.9031   5.9889   1.7052  -0.0097   0.2134   0.1722   0.0002   0.0000  -0.0226   0.0557    0.381
   106  25.7806  -8.1608  -0.2956   9.5777   5.9462   1.6143  -0.0081   0.2089   0.1685   0.0001   0.0000  -0.0205   0.0532    0.372
   107  26.1712  -8.7846  -0.2190   9.2440   5.8788   1.5319  -0.0067   0.2054   0.1657  -0.0001   0.0000  -0.0189   0.0513    0.364
   108  26.5709  -9.4230  -0.1406   8.9025   5.7875   1.4565  -0.0061   0.2028   0.1636  -0.0002   0.0000  -0.0178   0.0498    0.359
   109  26.9647 -10.0557  -0.0738   8.6530   5.3824   1.3915  -0.0047   0.2103   0.1608  -0.0003   0.0000  -0.0166   0.0484    0.353
   110  27.3514 -10.6811  -0.0191   8.4988   5.3831   1.3372  -0.0020   0.2058   0.1573  -0.0004   0.0000  -0.0157   0.0469    0.350
   111  27.7448 -11.3174   0.0366   8.3420   5.3704   1.2868  -0.0004   0.2018   0.1543  -0.0005   0.0000  -0.0150   0.0456    0.348
   112  28.1443 -11.9635   0.0931   8.1827   5.3448   1.2394   0.0007   0.1981   0.1515  -0.0006   0.0000  -0.0146   0.0447    0.346
   113  28.5492 -12.6185   0.1504   8.0213   5.3066   1.1941   0.0014   0.1947   0.1489  -0.0006   0.0000  -0.0143   0.0439    0.346
   114  28.9591 -13.2814   0.2084   7.8579   5.2564   1.1505   0.0018   0.1915   0.1464  -0.0006   0.0000  -0.0142   0.0433    0.347
   115  29.3731 -13.9510   0.2670   7.6928   5.1948   1.1082   0.0021   0.1884   0.1441  -0.0006   0.0000  -0.0142   0.0427    0.348
   116  29.7907 -14.6265   0.3261   7.5263   5.1222   1.0670   0.0022   0.1854   0.1418  -0.0006   0.0000  -0.0142   0.0423    0.350
   117  30.2113 -15.3067   0.3856   7.3587   5.0393   1.0264   0.0023   0.1824   0.1395  -0.0006   0.0000  -0.0143   0.0419    0.353
   118  30.6342 -15.9907   0.4454   7.1901   4.9468   0.9864   0.0023   0.1794   0.1372  -0.0006   0.0000  -0.0145   0.0416    0.356
   119  31.0587 -16.6772   0.5055   7.0209   4.8453   0.9465   0.0022   0.1763   0.1348  -0.0006   0.0000  -0.0147   0.0412    0.359
   120  31.4842 -17.3654   0.5657   6.8512   4.7356   0.9067   0.0021   0.1731   0.1323  -0.0006   0.0000  -0.0150   0.0410    0.364
   121  31.9100 -18.0541   0.6259   6.6815   4.6182   0.8666   0.0018   0.1696   0.1297  -0.0005   0.0000  -0.0154   0.0408    0.369
   122  32.3355 -18.7423   0.6861   6.5119   4.4941   0.8261   0.0014   0.1659   0.1269  -0.0005   0.0000  -0.0160   0.0406    0.376
   123  32.7600 -19.4289   0.7462   6.3426   4.3638   0.7853   0.0008   0.1619   0.1238  -0.0004   0.0000  -0.0168   0.0407    0.386
   124  33.1829 -20.1128   0.8060   6.1740   4.2281   0.7442   0.0001   0.1577   0.1205  -0.0003   0.0000  -0.0181   0.0410    0.400
   125  33.6034 -20.7930   0.8655   6.0064   4.0877   0.7033  -0.0008   0.1531   0.1171  -0.0001   0.0000  -0.0201   0.0420    0.422
   126  34.0211 -21.4685   0.9246   5.8399   3.9435   0.6631  -0.0018   0.1485   0.1135   0.0003   0.0000  -0.0236   0.0443    0.458
   127  34.4351 -22.1382   0.9832   5.6748   3.7961   0.6244  -0.0027   0.1439   0.1100   0.0013   0.0000  -0.0304   0.0493    0.526
   128  34.7955 -22.7210   1.0342   5.5312   2.7734   0.5911  -0.0035   0.1398   0.1069   0.0050   0.0000  -0.0508   0.0660    0.725
   129  35.1476 -23.2905   1.0840   5.3908   3.4568   0.5598  -0.0039   0.1358   0.1038  -0.0001   0.0000  -0.0571   0.0707    0.800
   130  35.5398 -23.9248   1.1395   5.2344   3.3083   0.5281  -0.0043   0.1319   0.1009  -0.0013   0.0000  -0.0599   0.0725    0.844
   131  35.9260 -24.5495   1.1942   5.0805   3.1592   0.4986  -0.0046   0.1283   0.0981  -0.0016   0.0000  -0.0613   0.0731    0.875
   132  36.3056 -25.1635   1.2479   4.9291   3.0101   0.4713  -0.0048   0.1250   0.0956  -0.0017   0.0000  -0.0622   0.0733    0.900
   133  36.6781 -25.7659   1.3006   4.7806   2.8615   0.4461  -0.0049   0.1221   0.0933  -0.0017   0.0000  -0.0627   0.0732    0.921
   134  37.0428 -26.3559   1.3522   4.6352   2.7141   0.4230  -0.0049   0.1193   0.0912  -0.0016   0.0000  -0.0630   0.0730    0.940
   135  37.3992 -26.9323   1.4027   4.4931   2.5684   0.4016  -0.0048   0.1169   0.0894  -0.0016   0.0000  -0.0632   0.0728    0.957
   136  37.7468 -27.4945   1.4518   4.3545   2.4247   0.3820  -0.0047   0.1147   0.0877  -0.0016   0.0000  -0.0633   0.0726    0.972
   137  38.0850 -28.0415   1.4997   4.2197   2.2835   0.3638  -0.0046   0.1128   0.0862  -0.0015   0.0000  -0.0634   0.0723    0.985
   138  38.4133 -28.5725   1.5461   4.0888   2.1452   0.3472  -0.0044   0.1110   0.0849  -0.0015   0.0000  -0.0634   0.0721    0.997
   139  38.7312 -29.0866   1.5911   3.9621   2.0101   0.3319  -0.0042   0.1095   0.0838  -0.0015   0.0000  -0.0635   0.0719    1.008
   140  39.0382 -29.5831   1.6346   3.8397   1.8786   0.3179  -0.0040   0.1083   0.0828  -0.0015   0.0000  -0.0635   0.0717    1.017
   141  39.3338 -30.0612   1.6764   3.7219   1.7508   0.3051  -0.0037   0.1072   0.0820  -0.0015   0.0000  -0.0635   0.0715    1.025
   142  39.6175 -30.5202   1.7165   3.6087   1.6269   0.2936  -0.0033   0.1064   0.0813  -0.0015   0.0000  -0.0635   0.0714    1.031
   143  39.8890 -30.9593   1.7550   3.5005   1.5072   0.2831  -0.0027   0.1058   0.0809  -0.0015   0.0000  -0.0634   0.0712    1.034
   144  40.1478 -31.3779   1.7916   3.3973   1.3917   0.2738  -0.0019   0.1054   0.0806  -0.0015   0.0000  -0.0632   0.0710    1.035
   145  40.3935 -31.7753   1.8263   3.2994   1.2804   0.2652  -0.0010   0.1051   0.0804  -0.0016   0.0000  -0.0628   0.0706    1.032
   146  40.6258 -32.1509   1.8592   3.2068   1.1734   0.2572   0.0003   0.1049   0.0802  -0.0018   0.0000  -0.0620   0.0699    1.024
   147  40.8442 -32.5042   1.8901   3.1197   1.0707   0.2493   0.0017   0.1045   0.0799  -0.0021   0.0000  -0.0606   0.0686    1.009
   148  41.0485 -32.8346   1.9190   3.0383   0.9721   0.2411   0.0033   0.1038   0.0793  -0.0028   0.0000  -0.0582   0.0665    0.984
   149  41.2438 -33.1504   1.9467   2.9604   0.9286   0.2320   0.0052   0.1025   0.0784  -0.0041   0.0000  -0.0541   0.0627    0.940
   150  41.4291 -33.4502   1.9729   2.8866   0.8314   0.2208   0.0066   0.1001   0.0765  -0.0078   0.0000  -0.0463   0.0557    0.855
   151  41.8199 -33.7262   1.9971   2.6622   0.7082   0.2076   0.0070   0.3547   0.0780  -0.0006   0.0000  -0.0225   0.0172    0.539
   152  42.3833 -33.9779   2.0191   2.3104   0.5525   0.1940   0.0094   0.3819   0.0840   0.0004   0.0000  -0.0172   0.0156    0.455
   153  42.8863 -34.2026   2.0388   1.9964   0.4230   0.1786   0.0113   0.4070   0.0895  -0.0001   0.0000  -0.0147   0.0152    0.415
   154  43.3282 -34.4000   2.0560   1.7205   0.3171   0.1614   0.0136   0.4268   0.0938  -0.0005   0.0000  -0.0129   0.0149    0.387
   155  43.7082 -34.5698   2.0709   1.4833   0.2320   0.1423   0.0161   0.4363   0.0959  -0.0009   0.0000  -0.0109   0.0143    0.363
   156  44.0258 -34.7116   2.0833   1.2850   0.1649   0.1209   0.0188   0.4279   0.0941  -0.0013   0.0000  -0.0081   0.0129    0.336
   157  44.2804 -34.8254   2.0932   1.1261   0.1126   0.0971   0.0212   0.3923   0.0862  -0.0017   0.0000  -0.0047   0.0108    0.305
   158  44.4718 -34.9108   2.1007   1.0066   0.0720   0.0711   0.0229   0.3213   0.0706  -0.0019   0.0000  -0.0015   0.0078    0.271
   159  44.5995 -34.9679   2.1057   0.9269   0.0398   0.0434   0.0242   0.2130   0.0468  -0.0018   0.0000   0.0004   0.0046    0.241
   160  44.6634 -34.9964   2.1082   0.8870   0.0127   0.0146   0.0252   0.0749   0.0165  -0.0012   0.0000   0.0003   0.0016    0.233

  Surface # 3     horizontal_stabilizer                   
     # Chordwise = 10   # Spanwise = 80     First strip =161
     Surface area Ssurf =   33.045257     Ave. chord Cave =    3.385457

 Forces referred to Sref, Cref, Bref about Xref, Yref, Zref
 Standard axis orientation,  X fwd, Z down         
     CLsurf  =  -0.00704     Clsurf  =   0.00043
     CYsurf  =   0.00087     Cmsurf  =   0.02408
     CDsurf  =  -0.00014     Cnsurf  =  -0.00036
     CDisurf =  -0.00014     CDvsurf =   0.00000

 Forces referred to Ssurf, Cave 
     CLsurf  =  -0.10532     CDsurf  =  -0.00207

 Strip Forces referred to Strip Area, Chord
    j     Xle      Yle      Zle      Chord    Area     c_cl     ai     cl_norm    cl       cd       cdv    cm_c/4     cm_LE   C.P.x/c
   161  55.3376   0.0009   2.0821   4.5668   0.0172  -0.3145   0.0126  -0.0919  -0.0689   0.1292   0.0000   0.0062   0.0197    0.340
   162  55.3424   0.0084   2.0829   4.5649   0.0516  -0.4511   0.0124  -0.1318  -0.0988   0.0122   0.0000   0.0061   0.0260    0.312
   163  55.3520   0.0234   2.0846   4.5613   0.0858  -0.4619   0.0121  -0.1351  -0.1013   0.0030   0.0000   0.0061   0.0265    0.310
   164  55.3664   0.0458   2.0871   4.5558   0.1198  -0.4650   0.0118  -0.1362  -0.1021   0.0006   0.0000   0.0060   0.0266    0.309
   165  55.3856   0.0757   2.0904   4.5486   0.1535  -0.4663   0.0115  -0.1368  -0.1025  -0.0003   0.0000   0.0059   0.0266    0.307
   166  55.4095   0.1129   2.0945   4.5395   0.1868  -0.4671   0.0112  -0.1373  -0.1029  -0.0007   0.0000   0.0057   0.0265    0.306
   167  55.4381   0.1574   2.0994   4.5286   0.2195  -0.4677   0.0109  -0.1378  -0.1033  -0.0009   0.0000   0.0055   0.0264    0.303
   168  55.4714   0.2092   2.1051   4.5160   0.2516  -0.4682   0.0107  -0.1383  -0.1037  -0.0010   0.0000   0.0052   0.0263    0.300
   169  55.5092   0.2682   2.1116   4.5017   0.2831  -0.4687   0.0106  -0.1389  -0.1041  -0.0011   0.0000   0.0049   0.0261    0.297
   170  55.5516   0.3342   2.1189   4.4856   0.3138  -0.4693   0.0105  -0.1396  -0.1046  -0.0012   0.0000   0.0046   0.0259    0.294
   171  55.5985   0.4072   2.1270   4.4678   0.3437  -0.4700   0.0104  -0.1403  -0.1052  -0.0013   0.0000   0.0043   0.0258    0.291
   172  55.6498   0.4871   2.1358   4.4483   0.3727  -0.4706   0.0104  -0.1412  -0.1058  -0.0014   0.0000   0.0039   0.0256    0.287
   173  55.7054   0.5738   2.1453   4.4272   0.4006  -0.4714   0.0105  -0.1421  -0.1065  -0.0015   0.0000   0.0036   0.0255    0.284
   174  55.7653   0.6670   2.1556   4.4045   0.4275  -0.4721   0.0107  -0.1430  -0.1072  -0.0016   0.0000   0.0033   0.0253    0.280
   175  55.8293   0.7667   2.1666   4.3802   0.4533  -0.4729   0.0109  -0.1441  -0.1080  -0.0017   0.0000   0.0029   0.0252    0.277
   176  55.8974   0.8727   2.1783   4.3544   0.4779  -0.4737   0.0112  -0.1452  -0.1088  -0.0018   0.0000   0.0026   0.0251    0.274
   177  55.9694   0.9848   2.1907   4.3271   0.5013  -0.4745   0.0117  -0.1463  -0.1097  -0.0018   0.0000   0.0023   0.0250    0.271
   178  56.0453   1.1030   2.2037   4.2983   0.5234  -0.4753   0.0122  -0.1475  -0.1106  -0.0019   0.0000   0.0020   0.0250    0.268
   179  56.1250   1.2271   2.2174   4.2681   0.5461  -0.4760   0.0129  -0.1488  -0.1115  -0.0020   0.0000   0.0017   0.0249    0.265
   180  56.2084   1.3570   2.2318   4.2364   0.5656  -0.4766   0.0136  -0.1501  -0.1125  -0.0021   0.0000   0.0014   0.0249    0.263
   181  56.2954   1.4924   2.2467   4.2035   0.5837  -0.4771   0.0145  -0.1514  -0.1135  -0.0022   0.0000   0.0012   0.0249    0.260
   182  56.3856   1.6330   2.2623   4.1692   0.6003  -0.4774   0.0155  -0.1528  -0.1145  -0.0023   0.0000   0.0009   0.0249    0.258
   183  56.4791   1.7786   2.2783   4.1338   0.6155  -0.4776   0.0165  -0.1541  -0.1155  -0.0024   0.0000   0.0007   0.0249    0.256
   184  56.5757   1.9290   2.2949   4.0971   0.6292  -0.4774   0.0177  -0.1555  -0.1165  -0.0024   0.0000   0.0005   0.0250    0.254
   185  56.6751   2.0839   2.3120   4.0594   0.6415  -0.4770   0.0189  -0.1568  -0.1175  -0.0025   0.0000   0.0003   0.0250    0.252
   186  56.7773   2.2430   2.3296   4.0206   0.6523  -0.4762   0.0201  -0.1580  -0.1184  -0.0026   0.0000   0.0001   0.0250    0.251
   187  56.8822   2.4063   2.3476   3.9809   0.6615  -0.4750   0.0212  -0.1592  -0.1193  -0.0027   0.0000  -0.0001   0.0251    0.249
   188  56.9894   2.5733   2.3661   3.9402   0.6693  -0.4733   0.0224  -0.1602  -0.1201  -0.0027   0.0000  -0.0003   0.0251    0.248
   189  57.0990   2.7439   2.3849   3.8986   0.6757  -0.4711   0.0233  -0.1612  -0.1208  -0.0028   0.0000  -0.0004   0.0251    0.247
   190  57.2106   2.9178   2.4041   3.8563   0.6805  -0.4683   0.0242  -0.1620  -0.1214  -0.0029   0.0000  -0.0006   0.0251    0.245
   191  57.3242   3.0947   2.4236   3.8132   0.6840  -0.4649   0.0248  -0.1627  -0.1219  -0.0029   0.0000  -0.0007   0.0251    0.244
   192  57.4395   3.2743   2.4435   3.7695   0.6860  -0.4609   0.0252  -0.1631  -0.1223  -0.0030   0.0000  -0.0008   0.0251    0.243
   193  57.5564   3.4564   2.4636   3.7251   0.6866  -0.4562   0.0253  -0.1634  -0.1225  -0.0030   0.0000  -0.0009   0.0250    0.243
   194  57.6748   3.6407   2.4839   3.6802   0.6859  -0.4508   0.0252  -0.1634  -0.1225  -0.0030   0.0000  -0.0010   0.0250    0.242
   195  57.7943   3.8268   2.5045   3.6349   0.6839  -0.4448   0.0249  -0.1632  -0.1224  -0.0030   0.0000  -0.0011   0.0249    0.241
   196  57.9149   4.0146   2.5252   3.5892   0.6806  -0.4380   0.0243  -0.1628  -0.1220  -0.0030   0.0000  -0.0012   0.0247    0.241
   197  58.0363   4.2037   2.5461   3.5431   0.6760  -0.4307   0.0235  -0.1622  -0.1215  -0.0030   0.0000  -0.0012   0.0246    0.240
   198  58.1584   4.3938   2.5671   3.4968   0.6703  -0.4227   0.0227  -0.1613  -0.1209  -0.0030   0.0000  -0.0013   0.0244    0.240
   199  58.2809   4.5847   2.5881   3.4503   0.6635  -0.4141   0.0217  -0.1601  -0.1200  -0.0029   0.0000  -0.0013   0.0242    0.239
   200  58.4038   4.7760   2.6093   3.4037   0.6555  -0.4051   0.0206  -0.1588  -0.1190  -0.0029   0.0000  -0.0013   0.0240    0.239
   201  58.5267   4.9675   2.6304   3.3571   0.6465  -0.3956   0.0195  -0.1572  -0.1178  -0.0028   0.0000  -0.0013   0.0237    0.239
   202  58.6496   5.1588   2.6515   3.3105   0.6366  -0.3858   0.0184  -0.1555  -0.1165  -0.0028   0.0000  -0.0013   0.0234    0.238
   203  58.7721   5.3497   2.6726   3.2640   0.6257  -0.3756   0.0173  -0.1535  -0.1151  -0.0027   0.0000  -0.0013   0.0231    0.238
   204  58.8942   5.5398   2.6936   3.2177   0.6140  -0.3651   0.0162  -0.1514  -0.1135  -0.0026   0.0000  -0.0014   0.0228    0.238
   205  59.0156   5.7289   2.7145   3.1716   0.6014  -0.3545   0.0152  -0.1491  -0.1118  -0.0025   0.0000  -0.0014   0.0224    0.238
   206  59.1362   5.9167   2.7352   3.1259   0.5881  -0.3438   0.0142  -0.1467  -0.1100  -0.0025   0.0000  -0.0014   0.0220    0.238
   207  59.2558   6.1028   2.7557   3.0806   0.5742  -0.3330   0.0132  -0.1442  -0.1081  -0.0024   0.0000  -0.0014   0.0216    0.237
   208  59.3741   6.2871   2.7761   3.0357   0.5596  -0.3221   0.0123  -0.1416  -0.1061  -0.0023   0.0000  -0.0014   0.0212    0.237
   209  59.4910   6.4692   2.7962   2.9913   0.5444  -0.3113   0.0115  -0.1389  -0.1041  -0.0022   0.0000  -0.0014   0.0207    0.236
   210  59.6063   6.6488   2.8160   2.9476   0.5287  -0.3006   0.0107  -0.1360  -0.1020  -0.0021   0.0000  -0.0014   0.0203    0.236
   211  59.7199   6.8257   2.8355   2.9045   0.5126  -0.2899   0.0100  -0.1332  -0.0998  -0.0021   0.0000  -0.0015   0.0198    0.235
   212  59.8316   6.9996   2.8547   2.8621   0.4960  -0.2793   0.0092  -0.1302  -0.0976  -0.0020   0.0000  -0.0015   0.0193    0.235
   213  59.9411   7.1702   2.8736   2.8206   0.4792  -0.2688   0.0085  -0.1272  -0.0953  -0.0019   0.0000  -0.0016   0.0188    0.234
   214  60.0484   7.3372   2.8920   2.7799   0.4620  -0.2585   0.0079  -0.1240  -0.0930  -0.0018   0.0000  -0.0016   0.0182    0.232
   215  60.1532   7.5005   2.9100   2.7402   0.4445  -0.2482   0.0073  -0.1209  -0.0906  -0.0017   0.0000  -0.0017   0.0176    0.231
   216  60.2554   7.6597   2.9276   2.7014   0.4269  -0.2381   0.0066  -0.1176  -0.0881  -0.0017   0.0000  -0.0018   0.0171    0.229
   217  60.3549   7.8145   2.9447   2.6637   0.4091  -0.2281   0.0061  -0.1142  -0.0856  -0.0016   0.0000  -0.0019   0.0164    0.228
   218  60.4514   7.9649   2.9613   2.6270   0.3912  -0.2181   0.0055  -0.1108  -0.0830  -0.0015   0.0000  -0.0020   0.0158    0.225
   219  60.5449   8.1105   2.9774   2.5916   0.3732  -0.2083   0.0049  -0.1072  -0.0804  -0.0015   0.0000  -0.0022   0.0151    0.223
   220  60.6352   8.2511   2.9929   2.5573   0.3551  -0.1985   0.0044  -0.1035  -0.0776  -0.0014   0.0000  -0.0023   0.0144    0.220
   221  60.7221   8.3865   3.0079   2.5244   0.3370  -0.1887   0.0039  -0.0997  -0.0747  -0.0013   0.0000  -0.0025   0.0137    0.217
   222  60.8055   8.5164   3.0222   2.4927   0.3189  -0.1789   0.0034  -0.0958  -0.0718  -0.0013   0.0000  -0.0027   0.0129    0.213
   223  60.8854   8.6408   3.0359   2.4624   0.3009  -0.1692   0.0030  -0.0917  -0.0687  -0.0012   0.0000  -0.0028   0.0121    0.209
   224  60.9615   8.7593   3.0490   2.4336   0.2829  -0.1594   0.0026  -0.0874  -0.0655  -0.0011   0.0000  -0.0030   0.0113    0.204
   225  61.0337   8.8718   3.0614   2.4061   0.2650  -0.1496   0.0022  -0.0830  -0.0622  -0.0011   0.0000  -0.0032   0.0104    0.199
   226  61.1002   8.9753   3.0729   2.3809   0.2336  -0.1400   0.0018  -0.0784  -0.0588  -0.0010   0.0000  -0.0033   0.0096    0.194
   227  61.1609   9.0698   3.0833   2.3579   0.2169  -0.1306   0.0015  -0.0739  -0.0554  -0.0010   0.0000  -0.0034   0.0088    0.188
   228  61.2176   9.1582   3.0931   2.3364   0.2004  -0.1211   0.0012  -0.0691  -0.0518  -0.0009   0.0000  -0.0035   0.0080    0.183
   229  61.2703   9.2403   3.1021   2.3164   0.1839  -0.1116   0.0009  -0.0643  -0.0482  -0.0008   0.0000  -0.0035   0.0072    0.177
   230  61.3189   9.3160   3.1105   2.2980   0.1676  -0.1021   0.0007  -0.0593  -0.0444  -0.0008   0.0000  -0.0035   0.0064    0.170
   231  61.3634   9.3852   3.1181   2.2811   0.1513  -0.0925   0.0005  -0.0541  -0.0406  -0.0007   0.0000  -0.0035   0.0056    0.164
   232  61.4036   9.4478   3.1250   2.2659   0.1351  -0.0829   0.0003  -0.0488  -0.0366  -0.0007   0.0000  -0.0034   0.0049    0.158
   233  61.4395   9.5037   3.1312   2.2523   0.1190  -0.0732   0.0001  -0.0434  -0.0325  -0.0006   0.0000  -0.0032   0.0042    0.152
   234  61.4710   9.5528   3.1366   2.2403   0.1029  -0.0636  -0.0000  -0.0378  -0.0284  -0.0006   0.0000  -0.0029   0.0035    0.147
   235  61.4981   9.5950   3.1413   2.2301   0.0870  -0.0538  -0.0001  -0.0322  -0.0241  -0.0005   0.0000  -0.0026   0.0029    0.141
   236  61.5207   9.6303   3.1452   2.2215   0.0711  -0.0441  -0.0002  -0.0265  -0.0198  -0.0004   0.0000  -0.0022   0.0023    0.137
   237  61.5389   9.6586   3.1483   2.2146   0.0552  -0.0343  -0.0003  -0.0207  -0.0155  -0.0004   0.0000  -0.0018   0.0017    0.133
   238  61.5526   9.6798   3.1507   2.2094   0.0394  -0.0245  -0.0004  -0.0148  -0.0111  -0.0003   0.0000  -0.0013   0.0012    0.130
   239  61.5617   9.6940   3.1522   2.2059   0.0236  -0.0147  -0.0004  -0.0089  -0.0067  -0.0003   0.0000  -0.0008   0.0007    0.128
   240  61.5662   9.7011   3.1530   2.2042   0.0079  -0.0049  -0.0004  -0.0030  -0.0022  -0.0002   0.0000  -0.0003   0.0002    0.127

  Surface # 4     horizontal_stabilizer (YDUP)            
     # Chordwise = 10   # Spanwise = 80     First strip =241
     Surface area Ssurf =   33.045257     Ave. chord Cave =    3.385457

 Forces referred to Sref, Cref, Bref about Xref, Yref, Zref
 Standard axis orientation,  X fwd, Z down         
     CLsurf  =  -0.00704     Clsurf  =  -0.00043
     CYsurf  =  -0.00087     Cmsurf  =   0.02408
     CDsurf  =  -0.00014     Cnsurf  =   0.00036
     CDisurf =  -0.00014     CDvsurf =   0.00000

 Forces referred to Ssurf, Cave 
     CLsurf  =  -0.10532     CDsurf  =  -0.00207

 Strip Forces referred to Strip Area, Chord
    j     Xle      Yle      Zle      Chord    Area     c_cl     ai     cl_norm    cl       cd       cdv    cm_c/4     cm_LE   C.P.x/c
   241  55.3376  -0.0009   2.0821   4.5668   0.0172  -0.3145   0.0126  -0.0919  -0.0689   0.1292   0.0000   0.0062  -0.0197    0.340
   242  55.3424  -0.0084   2.0829   4.5649   0.0516  -0.4511   0.0124  -0.1318  -0.0988   0.0122   0.0000   0.0061  -0.0260    0.312
   243  55.3520  -0.0234   2.0846   4.5613   0.0858  -0.4619   0.0121  -0.1351  -0.1013   0.0030   0.0000   0.0061  -0.0265    0.310
   244  55.3664  -0.0458   2.0871   4.5558   0.1198  -0.4650   0.0118  -0.1362  -0.1021   0.0006   0.0000   0.0060  -0.0266    0.309
   245  55.3856  -0.0757   2.0904   4.5486   0.1535  -0.4663   0.0115  -0.1368  -0.1025  -0.0003   0.0000   0.0059  -0.0266    0.307
   246  55.4095  -0.1129   2.0945   4.5395   0.1868  -0.4671   0.0112  -0.1373  -0.1029  -0.0007   0.0000   0.0057  -0.0265    0.306
   247  55.4381  -0.1574   2.0994   4.5286   0.2195  -0.4677   0.0109  -0.1378  -0.1033  -0.0009   0.0000   0.0055  -0.0264    0.303
   248  55.4714  -0.2092   2.1051   4.5160   0.2516  -0.4682   0.0107  -0.1383  -0.1037  -0.0010   0.0000   0.0052  -0.0263    0.300
   249  55.5092  -0.2682   2.1116   4.5017   0.2831  -0.4687   0.0106  -0.1389  -0.1041  -0.0011   0.0000   0.0049  -0.0261    0.297
   250  55.5516  -0.3342   2.1189   4.4856   0.3138  -0.4693   0.0105  -0.1396  -0.1046  -0.0012   0.0000   0.0046  -0.0259    0.294
   251  55.5985  -0.4072   2.1270   4.4678   0.3437  -0.4700   0.0104  -0.1403  -0.1052  -0.0013   0.0000   0.0043  -0.0258    0.291
   252  55.6498  -0.4871   2.1358   4.4483   0.3727  -0.4706   0.0104  -0.1412  -0.1058  -0.0014   0.0000   0.0039  -0.0256    0.287
   253  55.7054  -0.5738   2.1453   4.4272   0.4006  -0.4714   0.0105  -0.1421  -0.1065  -0.0015   0.0000   0.0036  -0.0255    0.284
   254  55.7653  -0.6670   2.1556   4.4045   0.4275  -0.4721   0.0107  -0.1430  -0.1072  -0.0016   0.0000   0.0033  -0.0253    0.280
   255  55.8293  -0.7667   2.1666   4.3802   0.4533  -0.4729   0.0109  -0.1441  -0.1080  -0.0017   0.0000   0.0029  -0.0252    0.277
   256  55.8974  -0.8727   2.1783   4.3544   0.4779  -0.4737   0.0112  -0.1452  -0.1088  -0.0018   0.0000   0.0026  -0.0251    0.274
   257  55.9694  -0.9848   2.1907   4.3271   0.5013  -0.4745   0.0117  -0.1463  -0.1097  -0.0018   0.0000   0.0023  -0.0250    0.271
   258  56.0453  -1.1030   2.2037   4.2983   0.5234  -0.4753   0.0122  -0.1475  -0.1106  -0.0019   0.0000   0.0020  -0.0250    0.268
   259  56.1250  -1.2271   2.2174   4.2681   0.5461  -0.4760   0.0129  -0.1488  -0.1115  -0.0020   0.0000   0.0017  -0.0249    0.265
   260  56.2084  -1.3570   2.2318   4.2364   0.5656  -0.4766   0.0136  -0.1501  -0.1125  -0.0021   0.0000   0.0014  -0.0249    0.263
   261  56.2954  -1.4924   2.2467   4.2035   0.5837  -0.4771   0.0145  -0.1514  -0.1135  -0.0022   0.0000   0.0012  -0.0249    0.260
   262  56.3856  -1.6330   2.2623   4.1692   0.6003  -0.4774   0.0155  -0.1528  -0.1145  -0.0023   0.0000   0.0009  -0.0249    0.258
   263  56.4791  -1.7786   2.2783   4.1338   0.6155  -0.4776   0.0165  -0.1541  -0.1155  -0.0024   0.0000   0.0007  -0.0249    0.256
   264  56.5757  -1.9290   2.2949   4.0971   0.6292  -0.4774   0.0177  -0.1555  -0.1165  -0.0024   0.0000   0.0005  -0.0250    0.254
   265  56.6751  -2.0839   2.3120   4.0594   0.6415  -0.4770   0.0189  -0.1568  -0.1175  -0.0025   0.0000   0.0003  -0.0250    0.252
   266  56.7773  -2.2430   2.3296   4.0206   0.6523  -0.4762   0.0201  -0.1580  -0.1184  -0.0026   0.0000   0.0001  -0.0250    0.251
   267  56.8822  -2.4063   2.3476   3.9809   0.6615  -0.4750   0.0212  -0.1592  -0.1193  -0.0027   0.0000  -0.0001  -0.0251    0.249
   268  56.9894  -2.5733   2.3661   3.9402   0.6693  -0.4733   0.0224  -0.1602  -0.1201  -0.0027   0.0000  -0.0003  -0.0251    0.248
   269  57.0990  -2.7439   2.3849   3.8986   0.6757  -0.4711   0.0233  -0.1612  -0.1208  -0.0028   0.0000  -0.0004  -0.0251    0.247
   270  57.2106  -2.9178   2.4041   3.8563   0.6805  -0.4683   0.0242  -0.1620  -0.1214  -0.0029   0.0000  -0.0006  -0.0251    0.245
   271  57.3242  -3.0947   2.4236   3.8132   0.6840  -0.4649   0.0248  -0.1627  -0.1219  -0.0029   0.0000  -0.0007  -0.0251    0.244
   272  57.4395  -3.2743   2.4435   3.7695   0.6860  -0.4609   0.0252  -0.1631  -0.1223  -0.0030   0.0000  -0.0008  -0.0251    0.243
   273  57.5564  -3.4564   2.4636   3.7251   0.6866  -0.4562   0.0253  -0.1634  -0.1225  -0.0030   0.0000  -0.0009  -0.0250    0.243
   274  57.6748  -3.6407   2.4839   3.6802   0.6859  -0.4508   0.0252  -0.1634  -0.1225  -0.0030   0.0000  -0.0010  -0.0250    0.242
   275  57.7943  -3.8268   2.5045   3.6349   0.6839  -0.4448   0.0249  -0.1632  -0.1224  -0.0030   0.0000  -0.0011  -0.0249    0.241
   276  57.9149  -4.0146   2.5252   3.5892   0.6806  -0.4380   0.0243  -0.1628  -0.1220  -0.0030   0.0000  -0.0012  -0.0247    0.241
   277  58.0363  -4.2037   2.5461   3.5431   0.6760  -0.4307   0.0235  -0.1622  -0.1215  -0.0030   0.0000  -0.0012  -0.0246    0.240
   278  58.1584  -4.3938   2.5671   3.4968   0.6703  -0.4227   0.0227  -0.1613  -0.1209  -0.0030   0.0000  -0.0013  -0.0244    0.240
   279  58.2809  -4.5847   2.5881   3.4503   0.6635  -0.4141   0.0217  -0.1601  -0.1200  -0.0029   0.0000  -0.0013  -0.0242    0.239
   280  58.4038  -4.7760   2.6093   3.4037   0.6555  -0.4051   0.0206  -0.1588  -0.1190  -0.0029   0.0000  -0.0013  -0.0240    0.239
   281  58.5267  -4.9675   2.6304   3.3571   0.6465  -0.3956   0.0195  -0.1572  -0.1178  -0.0028   0.0000  -0.0013  -0.0237    0.239
   282  58.6496  -5.1588   2.6515   3.3105   0.6366  -0.3858   0.0184  -0.1555  -0.1165  -0.0028   0.0000  -0.0013  -0.0234    0.238
   283  58.7721  -5.3497   2.6726   3.2640   0.6257  -0.3756   0.0173  -0.1535  -0.1151  -0.0027   0.0000  -0.0013  -0.0231    0.238
   284  58.8942  -5.5398   2.6936   3.2177   0.6140  -0.3651   0.0162  -0.1514  -0.1135  -0.0026   0.0000  -0.0014  -0.0228    0.238
   285  59.0156  -5.7289   2.7145   3.1716   0.6014  -0.3545   0.0152  -0.1491  -0.1118  -0.0025   0.0000  -0.0014  -0.0224    0.238
   286  59.1362  -5.9167   2.7352   3.1259   0.5881  -0.3438   0.0142  -0.1467  -0.1100  -0.0025   0.0000  -0.0014  -0.0220    0.238
   287  59.2558  -6.1028   2.7557   3.0806   0.5742  -0.3330   0.0132  -0.1442  -0.1081  -0.0024   0.0000  -0.0014  -0.0216    0.237
   288  59.3741  -6.2871   2.7761   3.0357   0.5596  -0.3221   0.0123  -0.1416  -0.1061  -0.0023   0.0000  -0.0014  -0.0212    0.237
   289  59.4910  -6.4692   2.7962   2.9913   0.5444  -0.3113   0.0115  -0.1389  -0.1041  -0.0022   0.0000  -0.0014  -0.0207    0.236
   290  59.6063  -6.6488   2.8160   2.9476   0.5287  -0.3006   0.0107  -0.1360  -0.1020  -0.0021   0.0000  -0.0014  -0.0203    0.236
   291  59.7199  -6.8257   2.8355   2.9045   0.5126  -0.2899   0.0100  -0.1332  -0.0998  -0.0021   0.0000  -0.0015  -0.0198    0.235
   292  59.8316  -6.9996   2.8547   2.8621   0.4960  -0.2793   0.0092  -0.1302  -0.0976  -0.0020   0.0000  -0.0015  -0.0193    0.235
   293  59.9411  -7.1702   2.8736   2.8206   0.4792  -0.2688   0.0085  -0.1272  -0.0953  -0.0019   0.0000  -0.0016  -0.0188    0.234
   294  60.0484  -7.3372   2.8920   2.7799   0.4620  -0.2585   0.0079  -0.1240  -0.0930  -0.0018   0.0000  -0.0016  -0.0182    0.232
   295  60.1532  -7.5005   2.9100   2.7402   0.4445  -0.2482   0.0073  -0.1209  -0.0906  -0.0017   0.0000  -0.0017  -0.0176    0.231
   296  60.2554  -7.6597   2.9276   2.7014   0.4269  -0.2381   0.0066  -0.1176  -0.0881  -0.0017   0.0000  -0.0018  -0.0171    0.229
   297  60.3549  -7.8145   2.9447   2.6637   0.4091  -0.2281   0.0061  -0.1142  -0.0856  -0.0016   0.0000  -0.0019  -0.0164    0.228
   298  60.4514  -7.9649   2.9613   2.6270   0.3912  -0.2181   0.0055  -0.1108  -0.0830  -0.0015   0.0000  -0.0020  -0.0158    0.225
   299  60.5449  -8.1105   2.9774   2.5916   0.3732  -0.2083   0.0049  -0.1072  -0.0804  -0.0015   0.0000  -0.0022  -0.0151    0.223
   300  60.6352  -8.2511   2.9929   2.5573   0.3551  -0.1985   0.0044  -0.1035  -0.0776  -0.0014   0.0000  -0.0023  -0.0144    0.220
   301  60.7221  -8.3865   3.0079   2.5244   0.3370  -0.1887   0.0039  -0.0997  -0.0747  -0.0013   0.0000  -0.0025  -0.0137    0.217
   302  60.8055  -8.5164   3.0222   2.4927   0.3189  -0.1789   0.0034  -0.0958  -0.0718  -0.0013   0.0000  -0.0027  -0.0129    0.213
   303  60.8854  -8.6408   3.0359   2.4624   0.3009  -0.1692   0.0030  -0.0917  -0.0687  -0.0012   0.0000  -0.0028  -0.0121    0.209
   304  60.9615  -8.7593   3.0490   2.4336   0.2829  -0.1594   0.0026  -0.0874  -0.0655  -0.0011   0.0000  -0.0030  -0.0113    0.204
   305  61.0337  -8.8718   3.0614   2.4061   0.2650  -0.1496   0.0022  -0.0830  -0.0622  -0.0011   0.0000  -0.0032  -0.0104    0.199
   306  61.1002  -8.9753   3.0729   2.3809   0.2336  -0.1400   0.0018  -0.0784  -0.0588  -0.0010   0.0000  -0.0033  -0.0096    0.194
   307  61.1609  -9.0698   3.0833   2.3579   0.2169  -0.1306   0.0015  -0.0739  -0.0554  -0.0010   0.0000  -0.0034  -0.0088    0.188
   308  61.2176  -9.1582   3.0931   2.3364   0.2004  -0.1211   0.0012  -0.0691  -0.0518  -0.0009   0.0000  -0.0035  -0.0080    0.183
   309  61.2703  -9.2403   3.1021   2.3164   0.1839  -0.1116   0.0009  -0.0643  -0.0482  -0.0008   0.0000  -0.0035  -0.0072    0.177
   310  61.3189  -9.3160   3.1105   2.2980   0.1676  -0.1021   0.0007  -0.0593  -0.0444  -0.0008   0.0000  -0.0035  -0.0064    0.170
   311  61.3634  -9.3852   3.1181   2.2811   0.1513  -0.0925   0.0005  -0.0541  -0.0406  -0.0007   0.0000  -0.0035  -0.0056    0.164
   312  61.4036  -9.4478   3.1250   2.2659   0.1351  -0.0829   0.0003  -0.0488  -0.0366  -0.0007   0.0000  -0.0034  -0.0049    0.158
   313  61.4395  -9.5037   3.1312   2.2523   0.1190  -0.0732   0.0001  -0.0434  -0.0325  -0.0006   0.0000  -0.0032  -0.0042    0.152
   314  61.4710  -9.5528   3.1366   2.2403   0.1029  -0.0636  -0.0000  -0.0378  -0.0284  -0.0006   0.0000  -0.0029  -0.0035    0.147
   315  61.4981  -9.5950   3.1413   2.2301   0.0870  -0.0538  -0.0001  -0.0322  -0.0241  -0.0005   0.0000  -0.0026  -0.0029    0.141
   316  61.5207  -9.6303   3.1452   2.2215   0.0711  -0.0441  -0.0002  -0.0265  -0.0198  -0.0004   0.0000  -0.0022  -0.0023    0.137
   317  61.5389  -9.6586   3.1483   2.2146   0.0552  -0.0343  -0.0003  -0.0207  -0.0155  -0.0004   0.0000  -0.0018  -0.0017    0.133
   318  61.5526  -9.6798   3.1507   2.2094   0.0394  -0.0245  -0.0004  -0.0148  -0.0111  -0.0003   0.0000  -0.0013  -0.0012    0.130
   319  61.5617  -9.6940   3.1522   2.2059   0.0236  -0.0147  -0.0004  -0.0089  -0.0067  -0.0003   0.0000  -0.0008  -0.0007    0.128
   320  61.5662  -9.7011   3.1530   2.2042   0.0079  -0.0049  -0.0004  -0.0030  -0.0022  -0.0002   0.0000  -0.0003  -0.0002    0.127

  Surface # 5     vertical_stabilizer                     
     # Chordwise = 10   # Spanwise = 80     First strip =321
     Surface area Ssurf =   45.713870     Ave. chord Cave =    5.520999

 Forces referred to Sref, Cref, Bref about Xref, Yref, Zref
 Standard axis orientation,  X fwd, Z down         
     CLsurf  =   0.00000     Clsurf  =  -0.00000
     CYsurf  =  -0.00000     Cmsurf  =  -0.00000
     CDsurf  =  -0.00000     Cnsurf  =   0.00000
     CDisurf =  -0.00000     CDvsurf =   0.00000

 Forces referred to Ssurf, Cave 
     CLsurf  =   0.00000     CDsurf  =  -0.00000

 Strip Forces referred to Strip Area, Chord
    j     Xle      Yle      Zle      Chord    Area     c_cl     ai     cl_norm    cl       cd       cdv    cm_c/4     cm_LE   C.P.x/c
   321  52.2087   0.0000   3.5988   7.9308   0.1517   0.0000  -0.0000   0.0000   0.0000   0.0000   0.0000  -0.0000  -0.0000    0.401
   322  52.2304   0.0000   3.6208   7.9180   0.1969   0.0000  -0.0000   0.0000   0.0000  -0.0000   0.0000  -0.0000  -0.0000    0.403
   323  52.2577   0.0000   3.6486   7.9018   0.2416   0.0000  -0.0000   0.0000   0.0000   0.0000   0.0000  -0.0000  -0.0000    0.426
   324  52.2906   0.0000   3.6820   7.8823   0.2859   0.0000  -0.0000   0.0000   0.0000  -0.0000   0.0000  -0.0000  -0.0000    0.430
   325  52.3291   0.0000   3.7211   7.8595   0.3294   0.0000  -0.0000   0.0000   0.0000  -0.0000   0.0000  -0.0000  -0.0000    0.404
   326  52.3732   0.0000   3.7658   7.8334   0.3722   0.0000  -0.0000   0.0000   0.0000  -0.0000   0.0000  -0.0000  -0.0000    0.403
   327  52.4227   0.0000   3.8161   7.8041   0.4141   0.0000  -0.0000   0.0000   0.0000  -0.0000   0.0000  -0.0000  -0.0000    0.415
   328  52.4777   0.0000   3.8719   7.7715   0.4550   0.0000  -0.0000   0.0000   0.0000  -0.0000   0.0000  -0.0000  -0.0000    0.431
   329  52.5380   0.0000   3.9332   7.7358   0.4948   0.0000  -0.0000   0.0000   0.0000  -0.0000   0.0000  -0.0000  -0.0000    0.390
   330  52.6037   0.0000   3.9998   7.6969   0.5334   0.0000  -0.0000   0.0000   0.0000  -0.0000   0.0000  -0.0000  -0.0000    0.386
   331  52.6745   0.0000   4.0718   7.6550   0.5707   0.0000  -0.0000   0.0000   0.0000  -0.0000   0.0000  -0.0000  -0.0000    0.390
   332  52.7505   0.0000   4.1489   7.6100   0.6065   0.0000  -0.0000   0.0000   0.0000  -0.0000   0.0000  -0.0000  -0.0000    0.365
   333  52.8315   0.0000   4.2311   7.5620   0.6408   0.0000  -0.0000   0.0000   0.0000  -0.0000   0.0000  -0.0000  -0.0000    0.364
   334  52.9174   0.0000   4.3184   7.5111   0.6735   0.0000  -0.0000   0.0000   0.0000  -0.0000   0.0000  -0.0000  -0.0000    0.346
   335  53.0081   0.0000   4.4105   7.4574   0.7046   0.0000  -0.0000   0.0000   0.0000  -0.0000   0.0000  -0.0000  -0.0000    0.343
   336  53.1035   0.0000   4.5073   7.4009   0.7339   0.0000  -0.0000   0.0000   0.0000  -0.0000   0.0000  -0.0000  -0.0000    0.348
   337  53.2034   0.0000   4.6088   7.3417   0.7615   0.0000  -0.0000   0.0000   0.0000  -0.0000   0.0000  -0.0000  -0.0000    0.330
   338  53.3078   0.0000   4.7147   7.2799   0.7871   0.0000  -0.0000   0.0000   0.0000  -0.0000   0.0000  -0.0000  -0.0000    0.328
   339  53.4164   0.0000   4.8250   7.2156   0.8109   0.0000  -0.0000   0.0000   0.0000  -0.0000   0.0000  -0.0000  -0.0000    0.318
   340  53.5291   0.0000   4.9394   7.1488   0.8327   0.0000  -0.0000   0.0000   0.0000  -0.0000   0.0000  -0.0000  -0.0000    0.314
   341  53.6458   0.0000   5.0579   7.0797   0.8526   0.0000  -0.0000   0.0000   0.0000  -0.0000   0.0000  -0.0000  -0.0000    0.309
   342  53.7663   0.0000   5.1802   7.0084   0.8704   0.0000  -0.0000   0.0000   0.0000  -0.0000   0.0000  -0.0000  -0.0000    0.276
   343  53.8904   0.0000   5.3063   6.9348   0.8862   0.0000  -0.0000   0.0000   0.0000  -0.0000   0.0000  -0.0000  -0.0000    0.286
   344  54.0180   0.0000   5.4358   6.8593   0.9000   0.0000  -0.0000   0.0000   0.0000  -0.0000   0.0000  -0.0000  -0.0000    0.254
   345  54.1488   0.0000   5.5686   6.7818   0.9118   0.0000   0.0000   0.0000   0.0000   0.0000   0.0000  -0.0000  -0.0000    0.255
   346  54.2828   0.0000   5.7046   6.7025   0.9215   0.0000  -0.0000   0.0000   0.0000  -0.0000   0.0000   0.0000  -0.0000    0.231
   347  54.4196   0.0000   5.8436   6.6214   0.9292   0.0000  -0.0000   0.0000   0.0000  -0.0000   0.0000  -0.0000  -0.0000    0.258
   348  54.5592   0.0000   5.9853   6.5388   0.9349   0.0000  -0.0000   0.0000   0.0000  -0.0000   0.0000  -0.0000  -0.0000    0.281
   349  54.7012   0.0000   6.1295   6.4546   0.9386   0.0000  -0.0000   0.0000   0.0000  -0.0000   0.0000  -0.0000  -0.0000    0.299
   350  54.8456   0.0000   6.2760   6.3691   0.9404   0.0000  -0.0000   0.0000   0.0000  -0.0000   0.0000  -0.0000  -0.0000    0.321
   351  54.9920   0.0000   6.4247   6.2824   0.9403   0.0000  -0.0000   0.0000   0.0000  -0.0000   0.0000  -0.0000  -0.0000    0.285
   352  55.1403   0.0000   6.5753   6.1946   0.9384   0.0000  -0.0000   0.0000   0.0000  -0.0000   0.0000  -0.0000  -0.0000    0.312
   353  55.2903   0.0000   6.7276   6.1057   0.9346   0.0000  -0.0000   0.0000   0.0000  -0.0000   0.0000  -0.0000  -0.0000    0.299
   354  55.4418   0.0000   6.8814   6.0160   0.9291   0.0000  -0.0000   0.0000   0.0000  -0.0000   0.0000  -0.0000  -0.0000    0.287
   355  55.5945   0.0000   7.0365   5.9256   0.9219   0.0000  -0.0000   0.0000   0.0000  -0.0000   0.0000  -0.0000  -0.0000    0.283
   356  55.7482   0.0000   7.1925   5.8345   0.9131   0.0000   0.0000   0.0000   0.0000  -0.0000   0.0000  -0.0000  -0.0000    0.270
   357  55.9027   0.0000   7.3494   5.7430   0.9027   0.0000  -0.0000   0.0000   0.0000  -0.0000   0.0000   0.0000  -0.0000    0.235
   358  56.0578   0.0000   7.5068   5.6512   0.8909   0.0000  -0.0000   0.0000   0.0000  -0.0000   0.0000   0.0000  -0.0000    0.214
   359  56.2132   0.0000   7.6646   5.5591   0.8777   0.0000  -0.0000   0.0000   0.0000  -0.0000   0.0000   0.0000  -0.0000    0.215
   360  56.3688   0.0000   7.8226   5.4670   0.8632   0.0000  -0.0000   0.0000   0.0000  -0.0000   0.0000   0.0000  -0.0000    0.233
   361  56.5242   0.0000   7.9804   5.3750   0.8474   0.0000  -0.0000   0.0000   0.0000  -0.0000   0.0000   0.0000  -0.0000    0.240
   362  56.6793   0.0000   8.1378   5.2831   0.8306   0.0000  -0.0000   0.0000   0.0000  -0.0000   0.0000   0.0000  -0.0000    0.248
   363  56.8338   0.0000   8.2947   5.1916   0.8126   0.0000  -0.0000   0.0000   0.0000  -0.0000   0.0000   0.0000  -0.0000    0.213
   364  56.9876   0.0000   8.4508   5.1005   0.7937   0.0000  -0.0000   0.0000   0.0000  -0.0000   0.0000   0.0000  -0.0000    0.221
   365  57.1403   0.0000   8.6059   5.0101   0.7739   0.0000  -0.0000   0.0000   0.0000  -0.0000   0.0000   0.0000  -0.0000    0.240
   366  57.2918   0.0000   8.7597   4.9203   0.7533   0.0000  -0.0000   0.0000   0.0000  -0.0000   0.0000   0.0000  -0.0000    0.242
   367  57.4418   0.0000   8.9120   4.8315   0.7320   0.0000  -0.0000   0.0000   0.0000  -0.0000   0.0000  -0.0000  -0.0000    0.268
   368  57.5902   0.0000   9.0627   4.7436   0.7101   0.0000   0.0000   0.0000   0.0000  -0.0000   0.0000  -0.0000  -0.0000    0.282
   369  57.7366   0.0000   9.2114   4.6569   0.6876   0.0000  -0.0000   0.0000   0.0000  -0.0000   0.0000  -0.0000  -0.0000    0.259
   370  57.8810   0.0000   9.3579   4.5714   0.6647   0.0000  -0.0000   0.0000   0.0000  -0.0000   0.0000  -0.0000  -0.0000    0.257
   371  58.0230   0.0000   9.5021   4.4873   0.6414   0.0000  -0.0000   0.0000   0.0000  -0.0000   0.0000  -0.0000  -0.0000    0.254
   372  58.1625   0.0000   9.6438   4.4046   0.6178   0.0000  -0.0000   0.0000   0.0000  -0.0000   0.0000   0.0000  -0.0000    0.249
   373  58.2993   0.0000   9.7826   4.3236   0.5940   0.0000  -0.0000   0.0000   0.0000  -0.0000   0.0000   0.0000  -0.0000    0.231
   374  58.4331   0.0000   9.9185   4.2444   0.5701   0.0000   0.0000   0.0000   0.0000  -0.0000   0.0000   0.0000  -0.0000    0.228
   375  58.5638   0.0000  10.0512   4.1670   0.5460   0.0000  -0.0000   0.0000   0.0000   0.0000   0.0000   0.0000  -0.0000    0.203
   376  58.6912   0.0000  10.1805   4.0915   0.5219   0.0000  -0.0000   0.0000   0.0000  -0.0000   0.0000   0.0000  -0.0000    0.196
   377  58.8150   0.0000  10.3063   4.0182   0.4978   0.0000  -0.0000   0.0000   0.0000   0.0000   0.0000   0.0000  -0.0000    0.205
   378  58.9352   0.0000  10.4283   3.9470   0.4738   0.0000  -0.0000   0.0000   0.0000  -0.0000   0.0000   0.0000  -0.0000    0.195
   379  59.0515   0.0000  10.5463   3.8782   0.4500   0.0000  -0.0000   0.0000   0.0000  -0.0000   0.0000   0.0000  -0.0000    0.196
   380  59.1637   0.0000  10.6603   3.8117   0.4263   0.0000   0.0000   0.0000   0.0000  -0.0000   0.0000   0.0000  -0.0000    0.182
   381  59.2717   0.0000  10.7699   3.7477   0.4028   0.0000  -0.0000   0.0000   0.0000  -0.0000   0.0000   0.0000  -0.0000    0.171
   382  59.3754   0.0000  10.8752   3.6863   0.3796   0.0000  -0.0000   0.0000   0.0000  -0.0000   0.0000   0.0000  -0.0000    0.204
   383  59.4745   0.0000  10.9758   3.6276   0.3566   0.0000   0.0000   0.0000   0.0000  -0.0000   0.0000   0.0000  -0.0000    0.216
   384  59.5690   0.0000  11.0717   3.5717   0.3339   0.0000  -0.0000   0.0000   0.0000  -0.0000   0.0000   0.0000  -0.0000    0.200
   385  59.6586   0.0000  11.1628   3.5186   0.3115   0.0000   0.0000   0.0000   0.0000  -0.0000   0.0000   0.0000  -0.0000    0.189
   386  59.7433   0.0000  11.2488   3.4684   0.2894   0.0000  -0.0000   0.0000   0.0000  -0.0000   0.0000   0.0000  -0.0000    0.174
   387  59.8230   0.0000  11.3296   3.4212   0.2677   0.0000  -0.0000   0.0000   0.0000  -0.0000   0.0000   0.0000  -0.0000    0.176
   388  59.8974   0.0000  11.4052   3.3771   0.2463   0.0000  -0.0000   0.0000   0.0000  -0.0000   0.0000   0.0000  -0.0000    0.144
   389  59.9666   0.0000  11.4754   3.3362   0.2252   0.0000   0.0000   0.0000   0.0000  -0.0000   0.0000   0.0000  -0.0000    0.166
   390  60.0304   0.0000  11.5402   3.2984   0.2044   0.0000  -0.0000   0.0000   0.0000  -0.0000   0.0000   0.0000  -0.0000    0.125
   391  60.0886   0.0000  11.5993   3.2639   0.1839   0.0000  -0.0000   0.0000   0.0000  -0.0000   0.0000   0.0000  -0.0000    0.139
   392  60.1413   0.0000  11.6528   3.2327   0.1637   0.0000  -0.0000   0.0000   0.0000  -0.0000   0.0000   0.0000  -0.0000    0.151
   393  60.1884   0.0000  11.7006   3.2048   0.1438   0.0000  -0.0000   0.0000   0.0000  -0.0000   0.0000   0.0000  -0.0000    0.145
   394  60.2297   0.0000  11.7425   3.1804   0.1241   0.0000   0.0000   0.0000   0.0000  -0.0000   0.0000   0.0000  -0.0000    0.157
   395  60.2652   0.0000  11.7786   3.1593   0.1046   0.0000   0.0000   0.0000   0.0000  -0.0000   0.0000   0.0000  -0.0000    0.165
   396  60.2949   0.0000  11.8087   3.1417   0.0853   0.0000  -0.0000   0.0000   0.0000  -0.0000   0.0000   0.0000  -0.0000    0.168
   397  60.3187   0.0000  11.8329   3.1276   0.0662   0.0000  -0.0000   0.0000   0.0000  -0.0000   0.0000   0.0000  -0.0000    0.138
   398  60.3365   0.0000  11.8511   3.1170   0.0472   0.0000   0.0000   0.0000   0.0000  -0.0000   0.0000   0.0000  -0.0000    0.170
   399  60.3485   0.0000  11.8632   3.1100   0.0283   0.0000  -0.0000   0.0000   0.0000  -0.0000   0.0000   0.0000  -0.0000    0.154
   400  60.3545   0.0000  11.8692   3.1064   0.0094   0.0000  -0.0000   0.0000   0.0000  -0.0000   0.0000   0.0000  -0.0000    0.130

  Surface # 6     fuselage_horizontal                     
     # Chordwise = 10   # Spanwise = 10     First strip =401
     Surface area Ssurf =  305.582940     Ave. chord Cave =   52.236400

 Forces referred to Sref, Cref, Bref about Xref, Yref, Zref
 Standard axis orientation,  X fwd, Z down         
     CLsurf  =  -0.00389     Clsurf  =  -0.00000
     CYsurf  =   0.00000     Cmsurf  =  -0.00077
     CDsurf  =   0.00001     Cnsurf  =   0.00000
     CDisurf =   0.00001     CDvsurf =   0.00000

 Forces referred to Ssurf, Cave 
     CLsurf  =  -0.00625     CDsurf  =   0.00002

 Strip Forces referred to Strip Area, Chord
    j     Xle      Yle      Zle      Chord    Area     c_cl     ai     cl_norm    cl       cd       cdv    cm_c/4     cm_LE   C.P.x/c
   401   7.4693  -2.6325   0.0000  39.8265  23.2985  -0.2483   0.0372  -0.0568  -0.0062   0.0001   0.0000   0.0019   0.0005    0.561
   402   4.3582  -2.0475   0.0000  47.8148  27.9717  -0.3325  -0.0071  -0.0139  -0.0070   0.0002   0.0000   0.0020   0.0010    0.531
   403   2.4947  -1.4625   0.0000  53.5537  31.3289  -0.3658  -0.0292  -0.0085  -0.0068   0.0001   0.0000   0.0017   0.0012    0.502
   404   1.1502  -0.8775   0.0000  58.2257  34.0620  -0.3495  -0.0217  -0.0061  -0.0060   0.0000   0.0000   0.0012   0.0012    0.445
   405   0.2954  -0.2925   0.0000  61.7612  36.1303  -0.3367  -0.0188  -0.0057  -0.0055  -0.0002   0.0000   0.0009   0.0016    0.413
   406   0.2954   0.2925   0.0000  61.7612  36.1303  -0.3367  -0.0188  -0.0057  -0.0055  -0.0002   0.0000   0.0009   0.0016    0.413
   407   1.1502   0.8775   0.0000  58.2257  34.0620  -0.3495  -0.0217  -0.0061  -0.0060   0.0000   0.0000   0.0012   0.0012    0.445
   408   2.4947   1.4625   0.0000  53.5538  31.3289  -0.3658  -0.0292  -0.0085  -0.0068   0.0001   0.0000   0.0017   0.0012    0.502
   409   4.3582   2.0475   0.0000  47.8148  27.9717  -0.3325  -0.0071  -0.0139  -0.0070   0.0002   0.0000   0.0020   0.0010    0.531
   410   7.4692   2.6325   0.0000  39.8266  23.2985  -0.2483   0.0372  -0.0568  -0.0062   0.0001   0.0000   0.0019   0.0005    0.561

  Surface # 7     fuselage_vertical                       
     # Chordwise = 10   # Spanwise = 10     First strip =411
     Surface area Ssurf =  302.292047     Ave. chord Cave =   52.236400

 Forces referred to Sref, Cref, Bref about Xref, Yref, Zref
 Standard axis orientation,  X fwd, Z down         
     CLsurf  =  -0.00000     Clsurf  =  -0.00000
     CYsurf  =  -0.00000     Cmsurf  =   0.00000
     CDsurf  =  -0.00000     Cnsurf  =  -0.00000
     CDisurf =  -0.00000     CDvsurf =   0.00000

 Forces referred to Ssurf, Cave 
     CLsurf  =   0.00000     CDsurf  =  -0.00000

 Strip Forces referred to Strip Area, Chord
    j     Xle      Yle      Zle      Chord    Area     c_cl     ai     cl_norm    cl       cd       cdv    cm_c/4     cm_LE   C.P.x/c
   411   7.4693   0.0000  -2.6041  39.8265  23.0476  -0.0000   0.0000  -0.0000  -0.0000  -0.0000   0.0000   0.0000   0.0000    0.857
   412   4.3582   0.0000  -2.0255  47.8148  27.6705  -0.0000   0.0000  -0.0000  -0.0000   0.0000   0.0000   0.0000   0.0000    0.923
   413   2.4947   0.0000  -1.4467  53.5537  30.9916   0.0000   0.0000   0.0000   0.0000   0.0000   0.0000  -0.0000  -0.0000    0.393
   414   1.1502   0.0000  -0.8680  58.2257  33.6952   0.0000  -0.0000   0.0000   0.0000   0.0000   0.0000  -0.0000  -0.0000    0.331
   415   0.2954   0.0000  -0.2894  61.7612  35.7412   0.0000   0.0000   0.0000   0.0000  -0.0000   0.0000   0.0000  -0.0000    0.185
   416   0.2954   0.0000   0.2894  61.7612  35.7412   0.0000  -0.0000   0.0000   0.0000  -0.0000   0.0000  -0.0000  -0.0000    0.362
   417   1.1502   0.0000   0.8680  58.2257  33.6952   0.0000  -0.0000   0.0000   0.0000  -0.0000   0.0000  -0.0000  -0.0000    0.484
   418   2.4947   0.0000   1.4467  53.5537  30.9916   0.0000   0.0000   0.0000   0.0000   0.0000   0.0000  -0.0000  -0.0000    0.495
   419   4.3582   0.0000   2.0255  47.8148  27.6705   0.0000  -0.0000   0.0000   0.0000  -0.0000   0.0000  -0.0000  -0.0000    0.609
   420   7.4693   0.0000   2.6041  39.8265  23.0476   0.0000  -0.0000   0.0000   0.0000  -0.0000   0.0000  -0.0000  -0.0000    0.598
 ---------------------------------------------------------------
