 ---------------------------------------------------------------
 Surface and Strip Forces by surface

  Sref =  124.86       Cref =  4.4875       Bref =  34.320    
  Xref =  19.176       Yref =  0.0000       Zref =-0.30757E-02

  Surface # 1     main_wing                               
     # Chordwise = 10   # Spanwise = 30     First strip =  1
     Surface area Ssurf =   63.968838     Ave. chord Cave =    3.715026

 Forces referred to Sref, Cref, Bref about Xref, Yref, Zref
 Standard axis orientation,  X fwd, Z down         
     CLsurf  =   0.38355     Clsurf  =  -0.07418
     CYsurf  =  -0.02080     Cmsurf  =   0.00801
     CDsurf  =   0.01286     Cnsurf  =  -0.00940
     CDisurf =   0.01286     CDvsurf =   0.00000

 Forces referred to Ssurf, Cave 
     CLsurf  =   0.74968     CDsurf  =   0.02511

 Strip Forces referred to Strip Area, Chord
    j     Xle      Yle      Zle      Chord    Area     c_cl     ai     cl_norm    cl       cd       cdv    cm_c/4     cm_LE   C.P.x/c
     1  13.6181   0.0114  -0.9295   7.7520   0.3539   4.9490   0.1744   0.7347   0.5690   0.6030   0.0000  -0.0355  -0.1602    0.312
     2  13.6830   0.1025  -0.9255   7.6885   1.0492   4.5378   0.1740   0.7488   0.5800   0.1194   0.0000  -0.0355  -0.1504    0.311
     3  13.8120   0.2837  -0.9176   7.5620   1.7073   4.5021   0.1726   0.7603   0.5889   0.0891   0.0000  -0.0332  -0.1496    0.306
     4  14.0037   0.5530  -0.9059   7.3741   2.3052   4.4796   0.1696   0.7776   0.6023   0.0791   0.0000  -0.0296  -0.1492    0.299
     5  14.2560   0.9075  -0.8904   7.1267   2.8223   4.4448   0.1637   0.8000   0.6197   0.0708   0.0000  -0.0257  -0.1494    0.291
     6  14.5662   1.3432  -0.8714   6.8226   3.2414   4.3878   0.1510   0.8267   0.6403   0.0625   0.0000  -0.0221  -0.1505    0.285
     7  14.9309   1.8554  -0.8490   6.4651   3.5491   4.3013   0.1257   0.8569   0.6637   0.0541   0.0000  -0.0193  -0.1527    0.279
     8  15.3460   2.4386  -0.8236   6.0582   3.7368   4.1798   0.1005   0.8903   0.6896   0.0452   0.0000  -0.0174  -0.1563    0.275
     9  15.8070   3.0862  -0.7953   5.6062   3.8005   4.0207   0.0870   0.9273   0.7182   0.0353   0.0000  -0.0165  -0.1612    0.273
    10  16.2877   3.7613  -0.7658   5.1351   3.4440   3.8336   0.0754   0.9671   0.7490   0.0258   0.0000  -0.0163  -0.1671    0.272
    11  16.7803   4.4532  -0.7356   4.6522   3.3149   3.6271   0.0616   1.0116   0.7835   0.0165   0.0000  -0.0163  -0.1739    0.271
    12  17.2999   5.1831  -0.7037   4.1429   3.0930   3.4018   0.0402   1.0677   0.8269   0.0031   0.0000  -0.0159  -0.1820    0.269
    13  17.8026   6.0123  -0.6437   3.7903   3.4706   3.1693   0.0259   1.0343   0.8427  -0.0020   0.0000  -0.0114  -0.1992    0.264
    14  18.2809   6.9353  -0.5549   3.6075   3.3775   2.9879   0.0243   1.0243   0.8346  -0.0008   0.0000  -0.0117  -0.1977    0.264
    15  18.7672   7.8737  -0.4645   3.4215   3.2389   2.8212   0.0207   1.0198   0.8309  -0.0010   0.0000  -0.0123  -0.1974    0.265
    16  19.2562   8.8172  -0.3736   3.2345   3.0619   2.6613   0.0181   1.0177   0.8292  -0.0016   0.0000  -0.0130  -0.1976    0.266
    17  19.7425   9.7556  -0.2833   3.0486   2.8543   2.5047   0.0173   1.0163   0.8280  -0.0023   0.0000  -0.0140  -0.1982    0.267
    18  20.2208  10.6786  -0.1944   2.8657   2.6239   2.3496   0.0174   1.0143   0.8264  -0.0027   0.0000  -0.0154  -0.1991    0.269
    19  20.6858  11.5760  -0.1080   2.6879   2.3787   2.1962   0.0178   1.0106   0.8234  -0.0013   0.0000  -0.0186  -0.2013    0.273
    20  21.1299  12.4328  -0.0255   2.5181   2.1010   2.0477   0.0194   1.0071   0.8205  -0.0102   0.0000  -0.0346  -0.2145    0.292
    21  21.5482  13.2400   0.0523   2.3582   1.8520   1.9047   0.0230   0.9998   0.8146  -0.0069   0.0000  -0.0357  -0.2142    0.294
    22  21.9390  13.9941   0.1249   2.2087   1.6074   1.7634   0.0284   0.9882   0.8051  -0.0060   0.0000  -0.0348  -0.2114    0.293
    23  22.2979  14.6868   0.1916   2.0715   1.3716   1.6191   0.0360   0.9673   0.7881  -0.0052   0.0000  -0.0328  -0.2058    0.292
    24  22.6211  15.3105   0.2516   1.9479   1.1479   1.4650   0.0459   0.9307   0.7583  -0.0043   0.0000  -0.0295  -0.1962    0.289
    25  22.9051  15.8583   0.3044   1.8393   0.9381   1.2920   0.0574   0.8690   0.7080  -0.0026   0.0000  -0.0252  -0.1812    0.286
    26  23.1466  16.3244   0.3493   1.7470   0.7427   1.0918   0.0692   0.7726   0.6294   0.0017   0.0000  -0.0234  -0.1620    0.287
    27  23.5299  16.6722   0.3828   1.4928   0.4131   0.8714   0.0806   1.9710   0.5900  -0.0147   0.0000  -0.0110  -0.0779    0.269
    28  23.9809  16.9098   0.4056   1.1466   0.2292   0.6455   0.0950   1.9141   0.5730  -0.0461   0.0000   0.0135  -0.0642    0.226
    29  24.2843  17.0696   0.4210   0.9138   0.1104   0.3985   0.1064   1.4965   0.4480  -0.0684   0.0000   0.0357  -0.0382    0.170
    30  24.4368  17.1499   0.4287   0.7967   0.0322   0.1349   0.1128   0.5916   0.1771  -0.0517   0.0000   0.0233  -0.0105    0.118

  Surface # 2     main_wing (YDUP)                        
     # Chordwise = 10   # Spanwise = 30     First strip = 31
     Surface area Ssurf =   63.968838     Ave. chord Cave =    3.715026

 Forces referred to Sref, Cref, Bref about Xref, Yref, Zref
 Standard axis orientation,  X fwd, Z down         
     CLsurf  =   0.38355     Clsurf  =   0.07418
     CYsurf  =   0.02080     Cmsurf  =   0.00801
     CDsurf  =   0.01286     Cnsurf  =   0.00940
     CDisurf =   0.01286     CDvsurf =   0.00000

 Forces referred to Ssurf, Cave 
     CLsurf  =   0.74968     CDsurf  =   0.02511

 Strip Forces referred to Strip Area, Chord
    j     Xle      Yle      Zle      Chord    Area     c_cl     ai     cl_norm    cl       cd       cdv    cm_c/4     cm_LE   C.P.x/c
    31  13.6181  -0.0114  -0.9295   7.7520   0.3539   4.9490   0.1744   0.7347   0.5690   0.6030   0.0000  -0.0355   0.1602    0.312
    32  13.6830  -0.1025  -0.9255   7.6885   1.0492   4.5378   0.1740   0.7488   0.5800   0.1194   0.0000  -0.0355   0.1504    0.311
    33  13.8120  -0.2837  -0.9176   7.5620   1.7073   4.5021   0.1726   0.7603   0.5889   0.0891   0.0000  -0.0332   0.1496    0.306
    34  14.0037  -0.5530  -0.9059   7.3741   2.3052   4.4796   0.1696   0.7776   0.6023   0.0791   0.0000  -0.0296   0.1492    0.299
    35  14.2560  -0.9075  -0.8904   7.1267   2.8223   4.4448   0.1637   0.8000   0.6197   0.0708   0.0000  -0.0257   0.1494    0.291
    36  14.5662  -1.3432  -0.8714   6.8226   3.2414   4.3878   0.1510   0.8267   0.6403   0.0625   0.0000  -0.0221   0.1505    0.285
    37  14.9309  -1.8554  -0.8490   6.4651   3.5491   4.3013   0.1257   0.8569   0.6637   0.0541   0.0000  -0.0193   0.1527    0.279
    38  15.3460  -2.4386  -0.8236   6.0582   3.7368   4.1798   0.1005   0.8903   0.6896   0.0452   0.0000  -0.0174   0.1563    0.275
    39  15.8070  -3.0862  -0.7953   5.6062   3.8005   4.0207   0.0870   0.9273   0.7182   0.0353   0.0000  -0.0165   0.1612    0.273
    40  16.2877  -3.7613  -0.7658   5.1351   3.4440   3.8336   0.0754   0.9671   0.7490   0.0258   0.0000  -0.0163   0.1671    0.272
    41  16.7803  -4.4532  -0.7356   4.6522   3.3149   3.6271   0.0616   1.0116   0.7835   0.0165   0.0000  -0.0163   0.1739    0.271
    42  17.2999  -5.1831  -0.7037   4.1429   3.0930   3.4018   0.0402   1.0677   0.8269   0.0031   0.0000  -0.0159   0.1820    0.269
    43  17.8026  -6.0123  -0.6437   3.7903   3.4706   3.1693   0.0259   1.0343   0.8427  -0.0020   0.0000  -0.0114   0.1992    0.264
    44  18.2809  -6.9353  -0.5549   3.6075   3.3775   2.9879   0.0243   1.0243   0.8346  -0.0008   0.0000  -0.0117   0.1977    0.264
    45  18.7672  -7.8737  -0.4645   3.4215   3.2389   2.8212   0.0207   1.0198   0.8309  -0.0010   0.0000  -0.0123   0.1974    0.265
    46  19.2562  -8.8172  -0.3736   3.2345   3.0619   2.6613   0.0181   1.0177   0.8292  -0.0016   0.0000  -0.0130   0.1976    0.266
    47  19.7425  -9.7556  -0.2833   3.0486   2.8543   2.5047   0.0173   1.0163   0.8280  -0.0023   0.0000  -0.0140   0.1982    0.267
    48  20.2208 -10.6786  -0.1944   2.8657   2.6239   2.3496   0.0174   1.0143   0.8264  -0.0027   0.0000  -0.0154   0.1991    0.269
    49  20.6858 -11.5760  -0.1080   2.6879   2.3787   2.1962   0.0178   1.0106   0.8234  -0.0013   0.0000  -0.0186   0.2013    0.273
    50  21.1299 -12.4328  -0.0255   2.5181   2.1010   2.0477   0.0194   1.0071   0.8205  -0.0102   0.0000  -0.0346   0.2145    0.292
    51  21.5482 -13.2400   0.0523   2.3582   1.8520   1.9047   0.0230   0.9998   0.8146  -0.0069   0.0000  -0.0357   0.2142    0.294
    52  21.9390 -13.9941   0.1249   2.2087   1.6074   1.7634   0.0284   0.9882   0.8051  -0.0060   0.0000  -0.0348   0.2114    0.293
    53  22.2979 -14.6868   0.1916   2.0715   1.3716   1.6191   0.0360   0.9673   0.7881  -0.0052   0.0000  -0.0328   0.2058    0.292
    54  22.6211 -15.3105   0.2516   1.9479   1.1479   1.4650   0.0459   0.9307   0.7583  -0.0043   0.0000  -0.0295   0.1962    0.289
    55  22.9051 -15.8583   0.3044   1.8393   0.9381   1.2920   0.0574   0.8690   0.7080  -0.0026   0.0000  -0.0252   0.1812    0.286
    56  23.1466 -16.3244   0.3493   1.7470   0.7427   1.0918   0.0692   0.7726   0.6294   0.0017   0.0000  -0.0234   0.1620    0.287
    57  23.5299 -16.6722   0.3828   1.4928   0.4131   0.8714   0.0806   1.9710   0.5900  -0.0147   0.0000  -0.0110   0.0779    0.269
    58  23.9809 -16.9098   0.4056   1.1466   0.2292   0.6455   0.0950   1.9141   0.5730  -0.0461   0.0000   0.0135   0.0642    0.226
    59  24.2843 -17.0696   0.4210   0.9138   0.1104   0.3985   0.1064   1.4965   0.4480  -0.0684   0.0000   0.0357   0.0382    0.170
    60  24.4368 -17.1499   0.4287   0.7967   0.0322   0.1349   0.1128   0.5916   0.1771  -0.0517   0.0000   0.0233   0.0105    0.118

  Surface # 3     horizontal_stabilizer                   
     # Chordwise = 10   # Spanwise = 30     First strip = 61
     Surface area Ssurf =   20.744605     Ave. chord Cave =    2.848571

 Forces referred to Sref, Cref, Bref about Xref, Yref, Zref
 Standard axis orientation,  X fwd, Z down         
     CLsurf  =   0.04142     Clsurf  =  -0.00424
     CYsurf  =  -0.00657     Cmsurf  =  -0.15537
     CDsurf  =   0.00315     Cnsurf  =   0.00289
     CDisurf =   0.00315     CDvsurf =   0.00000

 Forces referred to Ssurf, Cave 
     CLsurf  =   0.25244     CDsurf  =   0.01894

 Strip Forces referred to Strip Area, Chord
    j     Xle      Yle      Zle      Chord    Area     c_cl     ai     cl_norm    cl       cd       cdv    cm_c/4     cm_LE   C.P.x/c
    61  33.0230   0.0046   1.4667   4.2713   0.0803   0.9648   0.1223   0.2816   0.2149   0.1029   0.0000  -0.0114  -0.0586    0.303
    62  33.0469   0.0418   1.4723   4.2566   0.2392   0.8463   0.1227   0.2582   0.1971   0.0262   0.0000  -0.0113  -0.0528    0.307
    63  33.0943   0.1156   1.4835   4.2274   0.3930   0.8374   0.1228   0.2581   0.1970   0.0212   0.0000  -0.0107  -0.0522    0.304
    64  33.1649   0.2254   1.5002   4.1839   0.5386   0.8354   0.1223   0.2603   0.1987   0.0202   0.0000  -0.0096  -0.0516    0.299
    65  33.2578   0.3698   1.5221   4.1268   0.6730   0.8345   0.1211   0.2637   0.2013   0.0197   0.0000  -0.0084  -0.0511    0.292
    66  33.3719   0.5474   1.5490   4.0565   0.7936   0.8336   0.1191   0.2681   0.2046   0.0194   0.0000  -0.0070  -0.0507    0.284
    67  33.5097   0.7617   1.5816   3.9717   0.9441   0.8321   0.1159   0.2735   0.2087   0.0191   0.0000  -0.0057  -0.0505    0.278
    68  33.6704   1.0116   1.6195   3.8728   1.0344   0.8299   0.1114   0.2798   0.2135   0.0190   0.0000  -0.0046  -0.0506    0.271
    69  33.8488   1.2891   1.6616   3.7630   1.1046   0.8268   0.1058   0.2870   0.2190   0.0189   0.0000  -0.0036  -0.0510    0.266
    70  34.0430   1.5912   1.7075   3.6435   1.1542   0.8228   0.0995   0.2950   0.2252   0.0190   0.0000  -0.0028  -0.0516    0.262
    71  34.2510   1.9146   1.7565   3.5155   1.1831   0.8180   0.0931   0.3041   0.2321   0.0190   0.0000  -0.0021  -0.0525    0.259
    72  34.4703   2.2558   1.8083   3.3805   1.1921   0.8124   0.0875   0.3141   0.2398   0.0192   0.0000  -0.0015  -0.0537    0.256
    73  34.6987   2.6109   1.8622   3.2400   1.1821   0.8060   0.0830   0.3253   0.2482   0.0193   0.0000  -0.0010  -0.0551    0.254
    74  34.9335   2.9762   1.9177   3.0955   1.1548   0.7985   0.0796   0.3374   0.2575   0.0195   0.0000  -0.0005  -0.0567    0.252
    75  35.1723   3.3476   1.9740   2.9485   1.1122   0.7896   0.0772   0.3503   0.2674   0.0196   0.0000   0.0000  -0.0584    0.250
    76  35.4124   3.7210   2.0307   2.8008   1.0564   0.7788   0.0755   0.3639   0.2777   0.0197   0.0000   0.0006  -0.0602    0.248
    77  35.6512   4.0924   2.0871   2.6538   0.9900   0.7654   0.0745   0.3775   0.2881   0.0197   0.0000   0.0012  -0.0620    0.246
    78  35.8861   4.4577   2.1425   2.5093   0.9155   0.7489   0.0740   0.3908   0.2983   0.0196   0.0000   0.0019  -0.0635    0.244
    79  36.1144   4.8128   2.1964   2.3687   0.8353   0.7285   0.0742   0.4029   0.3075   0.0194   0.0000   0.0028  -0.0648    0.241
    80  36.3338   5.1540   2.2482   2.2338   0.7518   0.7037   0.0750   0.4128   0.3150   0.0190   0.0000   0.0040  -0.0654    0.237
    81  36.5417   5.4774   2.2973   2.1058   0.6671   0.6737   0.0764   0.4193   0.3200   0.0184   0.0000   0.0054  -0.0653    0.233
    82  36.7359   5.7795   2.3431   1.9862   0.5830   0.6378   0.0785   0.4211   0.3213   0.0176   0.0000   0.0072  -0.0641    0.228
    83  36.9144   6.0570   2.3852   1.8764   0.5012   0.5956   0.0811   0.4164   0.3178   0.0165   0.0000   0.0095  -0.0614    0.220
    84  37.0750   6.3069   2.4232   1.7776   0.4225   0.5465   0.0841   0.4034   0.3079   0.0151   0.0000   0.0121  -0.0570    0.211
    85  37.2162   6.5264   2.4565   1.6907   0.3478   0.4901   0.0873   0.3805   0.2904   0.0133   0.0000   0.0150  -0.0508    0.199
    86  37.3480   6.7314   2.4876   1.6096   0.3326   0.4231   0.0905   0.3452   0.2635   0.0112   0.0000   0.0176  -0.0427    0.183
    87  37.4657   6.9144   2.5154   1.5372   0.2507   0.3416   0.0935   0.2920   0.2228   0.0083   0.0000   0.0192  -0.0325    0.164
    88  37.5551   7.0535   2.5365   1.4822   0.1746   0.2509   0.0960   0.2226   0.1699   0.0052   0.0000   0.0181  -0.0219    0.144
    89  37.6153   7.1471   2.5508   1.4451   0.1029   0.1534   0.0977   0.1398   0.1067   0.0023   0.0000   0.0133  -0.0121    0.126
    90  37.6455   7.1941   2.5579   1.4265   0.0340   0.0516   0.0986   0.0479   0.0365  -0.0008   0.0000   0.0049  -0.0038    0.116

  Surface # 4     horizontal_stabilizer (YDUP)            
     # Chordwise = 10   # Spanwise = 30     First strip = 91
     Surface area Ssurf =   20.744605     Ave. chord Cave =    2.848571

 Forces referred to Sref, Cref, Bref about Xref, Yref, Zref
 Standard axis orientation,  X fwd, Z down         
     CLsurf  =   0.04142     Clsurf  =   0.00424
     CYsurf  =   0.00657     Cmsurf  =  -0.15537
     CDsurf  =   0.00315     Cnsurf  =  -0.00289
     CDisurf =   0.00315     CDvsurf =   0.00000

 Forces referred to Ssurf, Cave 
     CLsurf  =   0.25244     CDsurf  =   0.01894

 Strip Forces referred to Strip Area, Chord
    j     Xle      Yle      Zle      Chord    Area     c_cl     ai     cl_norm    cl       cd       cdv    cm_c/4     cm_LE   C.P.x/c
    91  33.0230  -0.0046   1.4667   4.2713   0.0803   0.9648   0.1223   0.2816   0.2149   0.1029   0.0000  -0.0114   0.0586    0.303
    92  33.0469  -0.0418   1.4723   4.2566   0.2392   0.8463   0.1227   0.2582   0.1971   0.0262   0.0000  -0.0113   0.0528    0.307
    93  33.0943  -0.1156   1.4835   4.2274   0.3930   0.8374   0.1228   0.2581   0.1970   0.0212   0.0000  -0.0107   0.0522    0.304
    94  33.1649  -0.2254   1.5002   4.1839   0.5386   0.8354   0.1223   0.2603   0.1987   0.0202   0.0000  -0.0096   0.0516    0.299
    95  33.2578  -0.3698   1.5221   4.1268   0.6730   0.8345   0.1211   0.2637   0.2013   0.0197   0.0000  -0.0084   0.0511    0.292
    96  33.3719  -0.5474   1.5490   4.0565   0.7936   0.8336   0.1191   0.2681   0.2046   0.0194   0.0000  -0.0070   0.0507    0.284
    97  33.5097  -0.7617   1.5816   3.9717   0.9441   0.8321   0.1159   0.2735   0.2087   0.0191   0.0000  -0.0057   0.0505    0.278
    98  33.6704  -1.0116   1.6195   3.8728   1.0344   0.8299   0.1114   0.2798   0.2135   0.0190   0.0000  -0.0046   0.0506    0.271
    99  33.8488  -1.2891   1.6616   3.7630   1.1046   0.8268   0.1058   0.2870   0.2190   0.0189   0.0000  -0.0036   0.0510    0.266
   100  34.0430  -1.5912   1.7075   3.6435   1.1542   0.8228   0.0995   0.2950   0.2252   0.0190   0.0000  -0.0028   0.0516    0.262
   101  34.2510  -1.9146   1.7565   3.5155   1.1831   0.8180   0.0931   0.3041   0.2321   0.0190   0.0000  -0.0021   0.0525    0.259
   102  34.4703  -2.2558   1.8083   3.3805   1.1921   0.8124   0.0875   0.3141   0.2398   0.0192   0.0000  -0.0015   0.0537    0.256
   103  34.6987  -2.6109   1.8622   3.2400   1.1821   0.8060   0.0830   0.3253   0.2482   0.0193   0.0000  -0.0010   0.0551    0.254
   104  34.9335  -2.9762   1.9177   3.0955   1.1548   0.7985   0.0796   0.3374   0.2575   0.0195   0.0000  -0.0005   0.0567    0.252
   105  35.1723  -3.3476   1.9740   2.9485   1.1122   0.7896   0.0772   0.3503   0.2674   0.0196   0.0000   0.0000   0.0584    0.250
   106  35.4124  -3.7210   2.0307   2.8008   1.0564   0.7788   0.0755   0.3639   0.2777   0.0197   0.0000   0.0006   0.0602    0.248
   107  35.6512  -4.0924   2.0871   2.6538   0.9900   0.7654   0.0745   0.3775   0.2881   0.0197   0.0000   0.0012   0.0620    0.246
   108  35.8861  -4.4577   2.1425   2.5093   0.9155   0.7489   0.0740   0.3908   0.2983   0.0196   0.0000   0.0019   0.0635    0.244
   109  36.1144  -4.8128   2.1964   2.3687   0.8353   0.7285   0.0742   0.4029   0.3075   0.0194   0.0000   0.0028   0.0648    0.241
   110  36.3338  -5.1540   2.2482   2.2338   0.7518   0.7037   0.0750   0.4128   0.3150   0.0190   0.0000   0.0040   0.0654    0.237
   111  36.5417  -5.4774   2.2973   2.1058   0.6671   0.6737   0.0764   0.4193   0.3200   0.0184   0.0000   0.0054   0.0653    0.233
   112  36.7359  -5.7795   2.3431   1.9862   0.5830   0.6378   0.0785   0.4211   0.3213   0.0176   0.0000   0.0072   0.0641    0.228
   113  36.9144  -6.0570   2.3852   1.8764   0.5012   0.5956   0.0811   0.4164   0.3178   0.0165   0.0000   0.0095   0.0614    0.220
   114  37.0750  -6.3069   2.4232   1.7776   0.4225   0.5465   0.0841   0.4034   0.3079   0.0151   0.0000   0.0121   0.0570    0.211
   115  37.2162  -6.5264   2.4565   1.6907   0.3478   0.4901   0.0873   0.3805   0.2904   0.0133   0.0000   0.0150   0.0508    0.199
   116  37.3480  -6.7314   2.4876   1.6096   0.3326   0.4231   0.0905   0.3452   0.2635   0.0112   0.0000   0.0176   0.0427    0.183
   117  37.4657  -6.9144   2.5154   1.5372   0.2507   0.3416   0.0935   0.2920   0.2228   0.0083   0.0000   0.0192   0.0325    0.164
   118  37.5551  -7.0535   2.5365   1.4822   0.1746   0.2509   0.0960   0.2226   0.1699   0.0052   0.0000   0.0181   0.0219    0.144
   119  37.6153  -7.1471   2.5508   1.4451   0.1029   0.1534   0.0977   0.1398   0.1067   0.0023   0.0000   0.0133   0.0121    0.126
   120  37.6455  -7.1941   2.5579   1.4265   0.0340   0.0516   0.0986   0.0479   0.0365  -0.0008   0.0000   0.0049   0.0038    0.116

  Surface # 5     vertical_stabilizer                     
     # Chordwise = 10   # Spanwise = 30     First strip =121
     Surface area Ssurf =   34.910363     Ave. chord Cave =    4.190920

 Forces referred to Sref, Cref, Bref about Xref, Yref, Zref
 Standard axis orientation,  X fwd, Z down         
     CLsurf  =  -0.00000     Clsurf  =   0.00000
     CYsurf  =  -0.00000     Cmsurf  =   0.00000
     CDsurf  =   0.00000     Cnsurf  =   0.00000
     CDisurf =   0.00000     CDvsurf =   0.00000

 Forces referred to Ssurf, Cave 
     CLsurf  =   0.00000     CDsurf  =   0.00000

 Strip Forces referred to Strip Area, Chord
    j     Xle      Yle      Zle      Chord    Area     c_cl     ai     cl_norm    cl       cd       cdv    cm_c/4     cm_LE   C.P.x/c
   121  27.0137   0.0000   1.5690  10.0347   0.6931  -0.0000  -0.0000  -0.0000  -0.0000   0.0000   0.0000   0.0000   0.0000    0.538
   122  27.2327   0.0000   1.6601   9.8296   1.1101  -0.0000   0.0000  -0.0000  -0.0000  -0.0000   0.0000  -0.0000  -0.0000   -0.340
   123  27.5561   0.0000   1.7947   9.5266   1.4857   0.0000  -0.0000   0.0000   0.0000   0.0000   0.0000  -0.0000  -0.0000  999.000
   124  27.9815   0.0000   1.9717   9.1281   1.8040   0.0000   0.0000   0.0000   0.0000  -0.0000   0.0000  -0.0000  -0.0000  999.000
   125  28.5051   0.0000   2.1895   8.6377   2.0517   0.0000  -0.0000   0.0000   0.0000  -0.0000   0.0000  -0.0000  -0.0000  999.000
   126  29.1220   0.0000   2.4462   8.0598   2.2181   0.0000  -0.0000   0.0000   0.0000   0.0000   0.0000  -0.0000  -0.0000    1.475
   127  29.8264   0.0000   2.7392   7.4000   2.2957   0.0000  -0.0000   0.0000   0.0000   0.0000   0.0000  -0.0000  -0.0000    1.501
   128  30.6115   0.0000   3.0659   6.6646   2.2808   0.0000   0.0000   0.0000   0.0000  -0.0000   0.0000  -0.0000  -0.0000    1.085
   129  31.4694   0.0000   3.4228   5.8609   2.1733   0.0000  -0.0000   0.0000   0.0000  -0.0000   0.0000  -0.0000  -0.0000    1.911
   130  32.3918   0.0000   3.8066   4.9969   1.9773   0.0000   0.0000   0.0000   0.0000  -0.0000   0.0000  -0.0000  -0.0000  999.000
   131  33.0131   0.0000   4.1929   4.4389   1.6667  -0.0000  -0.0000  -0.0000  -0.0000   0.0000   0.0000   0.0000   0.0000    0.367
   132  33.3001   0.0000   4.5764   4.2198   1.6478  -0.0000   0.0000  -0.0000  -0.0000  -0.0000   0.0000  -0.0000  -0.0000  999.000
   133  33.5969   0.0000   4.9729   3.9932   1.6033  -0.0000  -0.0000  -0.0000  -0.0000   0.0000   0.0000  -0.0000  -0.0000   -0.426
   134  33.9004   0.0000   5.3784   3.7615   1.5362   0.0000   0.0000   0.0000   0.0000   0.0000   0.0000  -0.0000  -0.0000  999.000
   135  34.2075   0.0000   5.7886   3.5271   1.4499  -0.0000   0.0000  -0.0000  -0.0000  -0.0000   0.0000  -0.0000  -0.0000   -0.884
   136  34.5150   0.0000   6.1995   3.2923   1.3482  -0.0000   0.0000  -0.0000  -0.0000  -0.0000   0.0000   0.0000   0.0000    0.986
   137  34.8197   0.0000   6.6066   3.0597   1.2352  -0.0000  -0.0000  -0.0000  -0.0000  -0.0000   0.0000   0.0000   0.0000    0.979
   138  35.1185   0.0000   7.0058   2.8315   1.1147  -0.0000   0.0000  -0.0000  -0.0000  -0.0000   0.0000   0.0000   0.0000    0.481
   139  35.4083   0.0000   7.3929   2.6103   0.9908  -0.0000   0.0000  -0.0000  -0.0000  -0.0000   0.0000   0.0000   0.0000    0.538
   140  35.6860   0.0000   7.7640   2.3983   0.8670   0.0000   0.0000   0.0000   0.0000   0.0000   0.0000  -0.0000  -0.0000  999.000
   141  35.9487   0.0000   8.1150   2.1977   0.7464   0.0000   0.0000   0.0000   0.0000   0.0000   0.0000  -0.0000  -0.0000  999.000
   142  36.1937   0.0000   8.4424   2.0106   0.6318  -0.0000   0.0000  -0.0000  -0.0000   0.0000   0.0000  -0.0000  -0.0000  999.000
   143  36.4185   0.0000   8.7426   1.8390   0.5251  -0.0000  -0.0000  -0.0000  -0.0000  -0.0000   0.0000   0.0000   0.0000    0.892
   144  36.6206   0.0000   9.0127   1.6847   0.4276  -0.0000   0.0000  -0.0000  -0.0000  -0.0000   0.0000  -0.0000   0.0000    0.229
   145  36.7980   0.0000   9.2496   1.5493   0.3400  -0.0000  -0.0000  -0.0000  -0.0000  -0.0000   0.0000   0.0000   0.0000    0.489
   146  36.9487   0.0000   9.4510   1.4342   0.2622  -0.0000   0.0000  -0.0000  -0.0000  -0.0000   0.0000   0.0000   0.0000    0.609
   147  37.0713   0.0000   9.6148   1.3407   0.1933  -0.0000  -0.0000  -0.0000  -0.0000  -0.0000   0.0000   0.0000   0.0000    0.804
   148  37.1643   0.0000   9.7391   1.2696   0.1322  -0.0000   0.0000  -0.0000  -0.0000  -0.0000   0.0000   0.0000   0.0000    0.422
   149  37.2269   0.0000   9.8227   1.2218   0.0769  -0.0000  -0.0000  -0.0000  -0.0000   0.0000   0.0000   0.0000   0.0000    0.500
   150  37.2584   0.0000   9.8647   1.1978   0.0252  -0.0000   0.0000  -0.0000  -0.0000  -0.0000   0.0000  -0.0000   0.0000    0.034

  Surface # 6     fuselage_horizontal                     
     # Chordwise = 10   # Spanwise = 10     First strip =151
     Surface area Ssurf =  123.841199     Ave. chord Cave =   33.112620

 Forces referred to Sref, Cref, Bref about Xref, Yref, Zref
 Standard axis orientation,  X fwd, Z down         
     CLsurf  =   0.01080     Clsurf  =   0.00000
     CYsurf  =   0.00000     Cmsurf  =   0.07219
     CDsurf  =  -0.00024     Cnsurf  =  -0.00000
     CDisurf =  -0.00024     CDvsurf =   0.00000

 Forces referred to Ssurf, Cave 
     CLsurf  =   0.01089     CDsurf  =  -0.00024

 Strip Forces referred to Strip Area, Chord
    j     Xle      Yle      Zle      Chord    Area     c_cl     ai     cl_norm    cl       cd       cdv    cm_c/4     cm_LE   C.P.x/c
   151   5.0231  -1.6830   0.0000  26.5957   9.9468   0.2453   0.1792   0.1040   0.0097  -0.0031   0.0000   0.0048   0.0003   -0.242
   152   2.9203  -1.3090   0.0000  31.2096  11.6724   0.3474   0.1924   0.0424   0.0113  -0.0010   0.0000   0.0059   0.0008   -0.272
   153   1.6676  -0.9350   0.0000  34.0626  12.7394   0.3813   0.1780   0.0270   0.0113  -0.0002   0.0000   0.0071   0.0014   -0.375
   154   0.7666  -0.5610   0.0000  36.1620  13.5246   0.4000   0.1732   0.0184   0.0111   0.0005   0.0000   0.0076   0.0022   -0.437
   155   0.1963  -0.1870   0.0000  37.5333  14.0374   0.4107   0.1733   0.0125   0.0108   0.0016   0.0000   0.0077   0.0035   -0.465
   156   0.1963   0.1870   0.0000  37.5333  14.0374   0.4107   0.1733   0.0125   0.0108   0.0016   0.0000   0.0077   0.0035   -0.465
   157   0.7666   0.5610   0.0000  36.1620  13.5246   0.4000   0.1732   0.0184   0.0111   0.0005   0.0000   0.0076   0.0022   -0.437
   158   1.6676   0.9350   0.0000  34.0626  12.7394   0.3813   0.1780   0.0270   0.0113  -0.0002   0.0000   0.0071   0.0014   -0.375
   159   2.9202   1.3090   0.0000  31.2096  11.6724   0.3474   0.1924   0.0424   0.0113  -0.0010   0.0000   0.0059   0.0008   -0.272
   160   5.0231   1.6830   0.0000  26.5957   9.9468   0.2453   0.1792   0.1040   0.0097  -0.0031   0.0000   0.0048   0.0003   -0.242

  Surface # 7     fuselage_vertical                       
     # Chordwise = 10   # Spanwise = 10     First strip =161
     Surface area Ssurf =  123.841199     Ave. chord Cave =   33.112620

 Forces referred to Sref, Cref, Bref about Xref, Yref, Zref
 Standard axis orientation,  X fwd, Z down         
     CLsurf  =  -0.00000     Clsurf  =  -0.00000
     CYsurf  =   0.00000     Cmsurf  =   0.00000
     CDsurf  =  -0.00000     Cnsurf  =  -0.00000
     CDisurf =  -0.00000     CDvsurf =   0.00000

 Forces referred to Ssurf, Cave 
     CLsurf  =  -0.00000     CDsurf  =  -0.00000

 Strip Forces referred to Strip Area, Chord
    j     Xle      Yle      Zle      Chord    Area     c_cl     ai     cl_norm    cl       cd       cdv    cm_c/4     cm_LE   C.P.x/c
   161   5.0231   0.0000  -1.6830  26.5957   9.9468  -0.0000  -0.0000  -0.0000  -0.0000   0.0000   0.0000  -0.0000  -0.0000  999.000
   162   2.9203   0.0000  -1.3090  31.2096  11.6724  -0.0000  -0.0000  -0.0000  -0.0000  -0.0000   0.0000   0.0000   0.0000    0.734
   163   1.6676   0.0000  -0.9350  34.0626  12.7394  -0.0000  -0.0000  -0.0000  -0.0000   0.0000   0.0000   0.0000   0.0000    0.628
   164   0.7666   0.0000  -0.5610  36.1620  13.5246  -0.0000   0.0000  -0.0000  -0.0000   0.0000   0.0000   0.0000   0.0000    0.613
   165   0.1963   0.0000  -0.1870  37.5333  14.0374  -0.0000  -0.0000  -0.0000  -0.0000   0.0000   0.0000  -0.0000  -0.0000   -0.093
   166   0.1963   0.0000   0.1870  37.5333  14.0374  -0.0000   0.0000  -0.0000  -0.0000  -0.0000   0.0000   0.0000   0.0000    0.965
   167   0.7666   0.0000   0.5610  36.1620  13.5246  -0.0000  -0.0000  -0.0000  -0.0000  -0.0000   0.0000   0.0000   0.0000    0.441
   168   1.6676   0.0000   0.9350  34.0626  12.7394  -0.0000   0.0000  -0.0000  -0.0000   0.0000   0.0000  -0.0000   0.0000   -0.167
   169   2.9202   0.0000   1.3090  31.2096  11.6724  -0.0000  -0.0000  -0.0000  -0.0000  -0.0000   0.0000   0.0000   0.0000    0.979
   170   5.0231   0.0000   1.6830  26.5957   9.9468  -0.0000   0.0000  -0.0000  -0.0000  -0.0000   0.0000   0.0000   0.0000    1.191
 ---------------------------------------------------------------
