 ---------------------------------------------------------------
 Surface and Strip Forces by surface

  Sref =  490.60       Cref =  8.4083       Bref =  70.000    
  Xref =  29.948       Yref =  0.0000       Zref =-0.24644    

  Surface # 1     main_wing                               
     # Chordwise = 10   # Spanwise = 80     First strip =  1
     Surface area Ssurf =  250.220919     Ave. chord Cave =    7.118898

 Forces referred to Sref, Cref, Bref about Xref, Yref, Zref
 Standard axis orientation,  X fwd, Z down         
     CLsurf  =   0.49437     Clsurf  =  -0.09589
     CYsurf  =  -0.01896     Cmsurf  =  -0.11454
     CDsurf  =   0.01739     Cnsurf  =  -0.01808
     CDisurf =   0.01739     CDvsurf =   0.00000

 Forces referred to Ssurf, Cave 
     CLsurf  =   0.96898     CDsurf  =   0.03410

 Strip Forces referred to Strip Area, Chord
    j     Xle      Yle      Zle      Chord    Area     c_cl     ai     cl_norm    cl       cd       cdv    cm_c/4     cm_LE   C.P.x/c
     1  22.4080   0.0036  -0.9570  12.4590   0.1808  10.2638   0.1325   0.8221   0.8221   0.0816   0.0000  -0.0462  -0.2522    0.306
     2  22.4080   0.0327  -0.9570  12.4590   0.5422  10.2638   0.1325   0.8222   0.8222   0.0814   0.0000  -0.0462  -0.2522    0.306
     3  22.4080   0.0907  -0.9570  12.4590   0.9028  10.2642   0.1325   0.8222   0.8222   0.0811   0.0000  -0.0463  -0.2522    0.306
     4  22.4080   0.1775  -0.9570  12.4590   1.2619  10.2653   0.1325   0.8224   0.8224   0.0808   0.0000  -0.0464  -0.2523    0.306
     5  22.4080   0.2932  -0.9570  12.4590   1.6191  10.2679   0.1325   0.8227   0.8227   0.0805   0.0000  -0.0466  -0.2526    0.307
     6  22.4080   0.4374  -0.9570  12.4590   1.9739  10.2732   0.1326   0.8231   0.8231   0.0804   0.0000  -0.0470  -0.2531    0.307
     7  22.4080   0.6100  -0.9570  12.4590   2.3255  10.2823   0.1327   0.8238   0.8238   0.0804   0.0000  -0.0477  -0.2540    0.308
     8  22.4080   0.8106  -0.9570  12.4590   2.6736  10.2972   0.1327   0.8250   0.8250   0.0808   0.0000  -0.0488  -0.2554    0.309
     9  22.4080   1.0391  -0.9570  12.4590   3.0176  10.3203   0.1323   0.8267   0.8267   0.0816   0.0000  -0.0504  -0.2575    0.311
    10  22.4080   1.2949  -0.9570  12.4590   3.3569  10.3553   0.1307   0.8293   0.8293   0.0831   0.0000  -0.0528  -0.2606    0.314
    11  22.4080   1.5778  -0.9570  12.4590   3.6910  10.4080   0.1265   0.8332   0.8332   0.0854   0.0000  -0.0563  -0.2652    0.318
    12  22.4080   1.8873  -0.9570  12.4590   4.0195  10.4889   0.1183   0.8391   0.8391   0.0891   0.0000  -0.0613  -0.2717    0.323
    13  22.4080   2.2230  -0.9570  12.4590   4.3417  10.6221   0.1045   0.8488   0.8488   0.0962   0.0000  -0.0685  -0.2816    0.331
    14  22.4080   2.5842  -0.9570  12.4590   4.6573  10.9273   0.0842   0.8683   0.8683   0.1263   0.0000  -0.0802  -0.2994    0.342
    15  22.4974   2.9170  -0.9395  12.3826   3.6189  11.5055   0.4833   1.1420   0.9087   0.1965   0.0000  -0.1019  -0.2904    0.362
    16  22.6846   3.2159  -0.9028  12.2227   3.7885  11.5044   0.4674   1.1640   0.9263   0.1666   0.0000  -0.1074  -0.2977    0.366
    17  22.8826   3.5322  -0.8639  12.0536   3.9437  11.4583   0.4574   1.1777   0.9372   0.1588   0.0000  -0.1065  -0.2991    0.364
    18  23.0912   3.8653  -0.8230  11.8754   4.0839  11.2293   0.4554   1.1740   0.9342   0.1469   0.0000  -0.0980  -0.2909    0.355
    19  23.3498   4.2783  -0.7723  11.6545   5.7066  10.5211   0.0466   1.1347   0.9029   0.0773   0.0000  -0.0700  -0.2579    0.327
    20  23.6607   4.7750  -0.7113  11.3888   5.8186  10.1603   0.0516   1.1228   0.8935   0.0697   0.0000  -0.0565  -0.2443    0.313
    21  23.9847   5.2923  -0.6478  11.1120   5.9047   9.8928   0.0562   1.1219   0.8927   0.0632   0.0000  -0.0473  -0.2362    0.303
    22  24.3210   5.8296  -0.5818  10.8247   5.9646   9.6692   0.0595   1.1270   0.8968   0.0575   0.0000  -0.0405  -0.2312    0.295
    23  24.6694   6.3859  -0.5135  10.5270   5.9985   9.4697   0.0612   1.1361   0.9041   0.0524   0.0000  -0.0353  -0.2282    0.289
    24  25.0291   6.9605  -0.4430  10.2197   6.0065   9.2839   0.0612   1.1485   0.9139   0.0476   0.0000  -0.0313  -0.2268    0.284
    25  25.3998   7.5524  -0.3703   9.9031   5.9889   9.1055   0.0593   1.1636   0.9259   0.0432   0.0000  -0.0282  -0.2266    0.280
    26  25.7806   8.1608  -0.2956   9.5777   5.9462   8.9307   0.0552   1.1811   0.9399   0.0389   0.0000  -0.0259  -0.2276    0.278
    27  26.1712   8.7846  -0.2190   9.2440   5.8788   8.7572   0.0486   1.2010   0.9557   0.0348   0.0000  -0.0243  -0.2295    0.275
    28  26.5709   9.4230  -0.1406   8.9025   5.7875   8.5827   0.0386   1.2232   0.9734   0.0310   0.0000  -0.0234  -0.2325    0.274
    29  26.9647  10.0557  -0.0738   8.6530   5.3824   8.4016   0.0306   1.2929   0.9811   0.0275   0.0000  -0.0187  -0.2283    0.269
    30  27.3514  10.6811  -0.0191   8.4988   5.3831   8.2773   0.0307   1.2976   0.9847   0.0245   0.0000  -0.0165  -0.2271    0.267
    31  27.7448  11.3174   0.0366   8.3420   5.3704   8.1543   0.0303   1.3030   0.9888   0.0217   0.0000  -0.0148  -0.2265    0.265
    32  28.1443  11.9635   0.0931   8.1827   5.3448   8.0319   0.0304   1.3090   0.9934   0.0192   0.0000  -0.0136  -0.2263    0.264
    33  28.5492  12.6185   0.1504   8.0213   5.3066   7.9086   0.0310   1.3154   0.9982   0.0169   0.0000  -0.0127  -0.2266    0.263
    34  28.9591  13.2814   0.2084   7.8579   5.2564   7.7837   0.0319   1.3221   1.0033   0.0148   0.0000  -0.0121  -0.2270    0.262
    35  29.3731  13.9510   0.2670   7.6928   5.1948   7.6566   0.0328   1.3289   1.0084   0.0129   0.0000  -0.0116  -0.2277    0.262
    36  29.7907  14.6265   0.3261   7.5263   5.1222   7.5270   0.0337   1.3357   1.0136   0.0111   0.0000  -0.0113  -0.2285    0.261
    37  30.2113  15.3067   0.3856   7.3587   5.0393   7.3947   0.0345   1.3426   1.0188   0.0093   0.0000  -0.0112  -0.2294    0.261
    38  30.6342  15.9907   0.4454   7.1901   4.9468   7.2593   0.0351   1.3493   1.0239   0.0077   0.0000  -0.0111  -0.2304    0.261
    39  31.0587  16.6772   0.5055   7.0209   4.8453   7.1209   0.0354   1.3558   1.0289   0.0062   0.0000  -0.0111  -0.2314    0.261
    40  31.4842  17.3654   0.5657   6.8512   4.7356   6.9792   0.0356   1.3621   1.0337   0.0047   0.0000  -0.0113  -0.2325    0.261
    41  31.9100  18.0541   0.6259   6.6815   4.6182   6.8344   0.0356   1.3681   1.0382   0.0033   0.0000  -0.0115  -0.2336    0.261
    42  32.3355  18.7423   0.6861   6.5119   4.4941   6.6864   0.0353   1.3736   1.0424   0.0020   0.0000  -0.0119  -0.2348    0.261
    43  32.7600  19.4289   0.7462   6.3426   4.3638   6.5355   0.0348   1.3787   1.0462   0.0010   0.0000  -0.0126  -0.2362    0.262
    44  33.1829  20.1128   0.8060   6.1740   4.2281   6.3820   0.0341   1.3832   1.0497   0.0003   0.0000  -0.0137  -0.2379    0.263
    45  33.6034  20.7930   0.8655   6.0064   4.0877   6.2266   0.0332   1.3872   1.0527   0.0004   0.0000  -0.0157  -0.2401    0.265
    46  34.0211  21.4685   0.9246   5.8399   3.9435   6.0702   0.0322   1.3904   1.0551   0.0027   0.0000  -0.0190  -0.2436    0.268
    47  34.4351  22.1382   0.9832   5.6748   3.7961   5.9145   0.0313   1.3917   1.0561   0.0131   0.0000  -0.0256  -0.2497    0.274
    48  34.7955  22.7210   1.0342   5.5312   2.7734   5.7731   0.0306   1.4080   1.0685  -0.0486   0.0000  -0.0454  -0.2668    0.293
    49  35.1476  23.2905   1.0840   5.3908   3.4568   5.6336   0.0302   1.4048   1.0660  -0.0271   0.0000  -0.0516  -0.2722    0.298
    50  35.5398  23.9248   1.1395   5.2344   3.3083   5.4830   0.0298   1.4066   1.0674  -0.0206   0.0000  -0.0542  -0.2750    0.301
    51  35.9260  24.5495   1.1942   5.0805   3.1592   5.3328   0.0297   1.4089   1.0692  -0.0183   0.0000  -0.0555  -0.2765    0.302
    52  36.3056  25.1635   1.2479   4.9291   3.0101   5.1837   0.0298   1.4114   1.0711  -0.0175   0.0000  -0.0561  -0.2775    0.302
    53  36.6781  25.7659   1.3006   4.7806   2.8615   5.0359   0.0301   1.4137   1.0728  -0.0174   0.0000  -0.0563  -0.2781    0.302
    54  37.0428  26.3559   1.3522   4.6352   2.7141   4.8894   0.0306   1.4157   1.0743  -0.0176   0.0000  -0.0563  -0.2784    0.302
    55  37.3992  26.9323   1.4027   4.4931   2.5684   4.7441   0.0314   1.4171   1.0754  -0.0179   0.0000  -0.0562  -0.2785    0.302
    56  37.7468  27.4945   1.4518   4.3545   2.4247   4.5999   0.0325   1.4179   1.0760  -0.0184   0.0000  -0.0559  -0.2784    0.302
    57  38.0850  28.0415   1.4997   4.2197   2.2835   4.4566   0.0338   1.4177   1.0759  -0.0188   0.0000  -0.0555  -0.2780    0.302
    58  38.4133  28.5725   1.5461   4.0888   2.1452   4.3138   0.0355   1.4163   1.0748  -0.0193   0.0000  -0.0549  -0.2773    0.301
    59  38.7312  29.0866   1.5911   3.9621   2.0101   4.1712   0.0375   1.4134   1.0726  -0.0198   0.0000  -0.0542  -0.2762    0.301
    60  39.0382  29.5831   1.6346   3.8397   1.8786   4.0283   0.0399   1.4086   1.0690  -0.0202   0.0000  -0.0533  -0.2746    0.300
    61  39.3338  30.0612   1.6764   3.7219   1.7508   3.8845   0.0428   1.4015   1.0635  -0.0206   0.0000  -0.0522  -0.2725    0.299
    62  39.6175  30.5202   1.7165   3.6087   1.6269   3.7389   0.0460   1.3913   1.0558  -0.0209   0.0000  -0.0508  -0.2697    0.298
    63  39.8890  30.9593   1.7550   3.5005   1.5072   3.5906   0.0497   1.3776   1.0454  -0.0210   0.0000  -0.0492  -0.2660    0.297
    64  40.1478  31.3779   1.7916   3.3973   1.3917   3.4386   0.0535   1.3593   1.0316  -0.0210   0.0000  -0.0472  -0.2614    0.296
    65  40.3935  31.7753   1.8263   3.2994   1.2804   3.2814   0.0574   1.3358   1.0137  -0.0208   0.0000  -0.0451  -0.2558    0.295
    66  40.6258  32.1509   1.8592   3.2068   1.1734   3.1180   0.0610   1.3058   0.9910  -0.0201   0.0000  -0.0430  -0.2491    0.293
    67  40.8442  32.5042   1.8901   3.1197   1.0707   2.9474   0.0638   1.2686   0.9627  -0.0187   0.0000  -0.0413  -0.2417    0.293
    68  41.0485  32.8346   1.9190   3.0383   0.9721   2.7688   0.0653   1.2232   0.9283  -0.0159   0.0000  -0.0409  -0.2340    0.294
    69  41.2438  33.1504   1.9467   2.9604   0.9286   2.5790   0.0652   1.1683   0.8866  -0.0108   0.0000  -0.0431  -0.2270    0.299
    70  41.4291  33.4502   1.9729   2.8866   0.8314   2.3770   0.0605   1.1031   0.8371  -0.0048   0.0000  -0.0501  -0.2226    0.310
    71  41.8199  33.7262   1.9971   2.6622   0.7082   2.1588   0.0544   3.5672   0.8238  -0.0001   0.0000  -0.0345  -0.1051    0.292
    72  42.3833  33.9779   2.0191   2.3104   0.5525   1.9649   0.0660   3.7843   0.8740  -0.0550   0.0000  -0.0222  -0.1047    0.275
    73  42.8863  34.2026   2.0388   1.9964   0.4230   1.7700   0.0792   3.9718   0.9173  -0.0913   0.0000  -0.0123  -0.1049    0.263
    74  43.3282  34.4000   2.0560   1.7205   0.3171   1.5700   0.0959   4.1125   0.9498  -0.1253   0.0000  -0.0007  -0.1032    0.251
    75  43.7082  34.5698   2.0709   1.4833   0.2320   1.3605   0.1143   4.1609   0.9609  -0.1605   0.0000   0.0160  -0.0972    0.233
    76  44.0258  34.7116   2.0833   1.2850   0.1649   1.1380   0.1309   4.0505   0.9354  -0.1972   0.0000   0.0387  -0.0847    0.209
    77  44.2804  34.8254   2.0932   1.1261   0.1126   0.9015   0.1433   3.7040   0.8554  -0.2321   0.0000   0.0630  -0.0655    0.176
    78  44.4718  34.9108   2.1007   1.0066   0.0720   0.6529   0.1513   3.0537   0.7052  -0.2555   0.0000   0.0774  -0.0426    0.140
    79  44.5995  34.9679   2.1057   0.9269   0.0398   0.3953   0.1562   2.0689   0.4778  -0.2452   0.0000   0.0675  -0.0215    0.109
    80  44.6634  34.9964   2.1082   0.8870   0.0127   0.1324   0.1589   0.7806   0.1803  -0.1577   0.0000   0.0273  -0.0061    0.099

  Surface # 2     main_wing (YDUP)                        
     # Chordwise = 10   # Spanwise = 80     First strip = 81
     Surface area Ssurf =  250.220919     Ave. chord Cave =    7.118898

 Forces referred to Sref, Cref, Bref about Xref, Yref, Zref
 Standard axis orientation,  X fwd, Z down         
     CLsurf  =   0.49437     Clsurf  =   0.09589
     CYsurf  =   0.01896     Cmsurf  =  -0.11454
     CDsurf  =   0.01739     Cnsurf  =   0.01808
     CDisurf =   0.01739     CDvsurf =   0.00000

 Forces referred to Ssurf, Cave 
     CLsurf  =   0.96898     CDsurf  =   0.03410

 Strip Forces referred to Strip Area, Chord
    j     Xle      Yle      Zle      Chord    Area     c_cl     ai     cl_norm    cl       cd       cdv    cm_c/4     cm_LE   C.P.x/c
    81  22.4080  -0.0036  -0.9570  12.4590   0.1808  10.2638   0.1325   0.8221   0.8221   0.0816   0.0000  -0.0462   0.2522    0.306
    82  22.4080  -0.0327  -0.9570  12.4590   0.5422  10.2638   0.1325   0.8222   0.8222   0.0814   0.0000  -0.0462   0.2522    0.306
    83  22.4080  -0.0907  -0.9570  12.4590   0.9028  10.2642   0.1325   0.8222   0.8222   0.0811   0.0000  -0.0463   0.2522    0.306
    84  22.4080  -0.1775  -0.9570  12.4590   1.2619  10.2653   0.1325   0.8224   0.8224   0.0808   0.0000  -0.0464   0.2523    0.306
    85  22.4080  -0.2932  -0.9570  12.4590   1.6191  10.2679   0.1325   0.8227   0.8227   0.0805   0.0000  -0.0466   0.2526    0.307
    86  22.4080  -0.4374  -0.9570  12.4590   1.9739  10.2732   0.1326   0.8231   0.8231   0.0804   0.0000  -0.0470   0.2531    0.307
    87  22.4080  -0.6100  -0.9570  12.4590   2.3255  10.2823   0.1327   0.8238   0.8238   0.0804   0.0000  -0.0477   0.2540    0.308
    88  22.4080  -0.8106  -0.9570  12.4590   2.6736  10.2972   0.1327   0.8250   0.8250   0.0808   0.0000  -0.0488   0.2554    0.309
    89  22.4080  -1.0391  -0.9570  12.4590   3.0176  10.3203   0.1323   0.8267   0.8267   0.0816   0.0000  -0.0504   0.2575    0.311
    90  22.4080  -1.2949  -0.9570  12.4590   3.3569  10.3553   0.1307   0.8293   0.8293   0.0831   0.0000  -0.0528   0.2606    0.314
    91  22.4080  -1.5778  -0.9570  12.4590   3.6910  10.4080   0.1265   0.8332   0.8332   0.0854   0.0000  -0.0563   0.2652    0.318
    92  22.4080  -1.8873  -0.9570  12.4590   4.0195  10.4889   0.1183   0.8391   0.8391   0.0891   0.0000  -0.0613   0.2717    0.323
    93  22.4080  -2.2230  -0.9570  12.4590   4.3417  10.6221   0.1045   0.8488   0.8488   0.0962   0.0000  -0.0685   0.2816    0.331
    94  22.4080  -2.5842  -0.9570  12.4590   4.6573  10.9273   0.0842   0.8683   0.8683   0.1263   0.0000  -0.0802   0.2994    0.342
    95  22.4974  -2.9170  -0.9395  12.3826   3.6189  11.5055   0.4833   1.1420   0.9087   0.1965   0.0000  -0.1019   0.2904    0.362
    96  22.6846  -3.2159  -0.9028  12.2227   3.7885  11.5044   0.4674   1.1640   0.9263   0.1666   0.0000  -0.1074   0.2977    0.366
    97  22.8826  -3.5322  -0.8639  12.0536   3.9437  11.4583   0.4574   1.1777   0.9372   0.1588   0.0000  -0.1065   0.2991    0.364
    98  23.0912  -3.8653  -0.8230  11.8754   4.0839  11.2293   0.4554   1.1740   0.9342   0.1469   0.0000  -0.0980   0.2909    0.355
    99  23.3498  -4.2783  -0.7723  11.6545   5.7066  10.5211   0.0466   1.1347   0.9029   0.0773   0.0000  -0.0700   0.2579    0.327
   100  23.6607  -4.7750  -0.7113  11.3888   5.8186  10.1603   0.0516   1.1228   0.8935   0.0697   0.0000  -0.0565   0.2443    0.313
   101  23.9847  -5.2923  -0.6478  11.1120   5.9047   9.8928   0.0562   1.1219   0.8927   0.0632   0.0000  -0.0473   0.2362    0.303
   102  24.3210  -5.8296  -0.5818  10.8247   5.9646   9.6692   0.0595   1.1270   0.8968   0.0575   0.0000  -0.0405   0.2312    0.295
   103  24.6694  -6.3859  -0.5135  10.5270   5.9985   9.4697   0.0612   1.1361   0.9041   0.0524   0.0000  -0.0353   0.2282    0.289
   104  25.0291  -6.9605  -0.4430  10.2197   6.0065   9.2839   0.0612   1.1485   0.9139   0.0476   0.0000  -0.0313   0.2268    0.284
   105  25.3998  -7.5524  -0.3703   9.9031   5.9889   9.1055   0.0593   1.1636   0.9259   0.0432   0.0000  -0.0282   0.2266    0.280
   106  25.7806  -8.1608  -0.2956   9.5777   5.9462   8.9307   0.0552   1.1811   0.9399   0.0389   0.0000  -0.0259   0.2276    0.278
   107  26.1712  -8.7846  -0.2190   9.2440   5.8788   8.7572   0.0486   1.2010   0.9557   0.0348   0.0000  -0.0243   0.2295    0.275
   108  26.5709  -9.4230  -0.1406   8.9025   5.7875   8.5827   0.0386   1.2232   0.9734   0.0310   0.0000  -0.0234   0.2325    0.274
   109  26.9647 -10.0557  -0.0738   8.6530   5.3824   8.4016   0.0306   1.2929   0.9811   0.0275   0.0000  -0.0187   0.2283    0.269
   110  27.3514 -10.6811  -0.0191   8.4988   5.3831   8.2773   0.0307   1.2976   0.9847   0.0245   0.0000  -0.0165   0.2271    0.267
   111  27.7448 -11.3174   0.0366   8.3420   5.3704   8.1543   0.0303   1.3030   0.9888   0.0217   0.0000  -0.0148   0.2265    0.265
   112  28.1443 -11.9635   0.0931   8.1827   5.3448   8.0319   0.0304   1.3090   0.9934   0.0192   0.0000  -0.0136   0.2263    0.264
   113  28.5492 -12.6185   0.1504   8.0213   5.3066   7.9086   0.0310   1.3154   0.9982   0.0169   0.0000  -0.0127   0.2266    0.263
   114  28.9591 -13.2814   0.2084   7.8579   5.2564   7.7837   0.0319   1.3221   1.0033   0.0148   0.0000  -0.0121   0.2270    0.262
   115  29.3731 -13.9510   0.2670   7.6928   5.1948   7.6566   0.0328   1.3289   1.0084   0.0129   0.0000  -0.0116   0.2277    0.262
   116  29.7907 -14.6265   0.3261   7.5263   5.1222   7.5270   0.0337   1.3357   1.0136   0.0111   0.0000  -0.0113   0.2285    0.261
   117  30.2113 -15.3067   0.3856   7.3587   5.0393   7.3947   0.0345   1.3426   1.0188   0.0093   0.0000  -0.0112   0.2294    0.261
   118  30.6342 -15.9907   0.4454   7.1901   4.9468   7.2593   0.0351   1.3493   1.0239   0.0077   0.0000  -0.0111   0.2304    0.261
   119  31.0587 -16.6772   0.5055   7.0209   4.8453   7.1209   0.0354   1.3558   1.0289   0.0062   0.0000  -0.0111   0.2314    0.261
   120  31.4842 -17.3654   0.5657   6.8512   4.7356   6.9792   0.0356   1.3621   1.0337   0.0047   0.0000  -0.0113   0.2325    0.261
   121  31.9100 -18.0541   0.6259   6.6815   4.6182   6.8344   0.0356   1.3681   1.0382   0.0033   0.0000  -0.0115   0.2336    0.261
   122  32.3355 -18.7423   0.6861   6.5119   4.4941   6.6864   0.0353   1.3736   1.0424   0.0020   0.0000  -0.0119   0.2348    0.261
   123  32.7600 -19.4289   0.7462   6.3426   4.3638   6.5355   0.0348   1.3787   1.0462   0.0010   0.0000  -0.0126   0.2362    0.262
   124  33.1829 -20.1128   0.8060   6.1740   4.2281   6.3820   0.0341   1.3832   1.0497   0.0003   0.0000  -0.0137   0.2379    0.263
   125  33.6034 -20.7930   0.8655   6.0064   4.0877   6.2266   0.0332   1.3872   1.0527   0.0004   0.0000  -0.0157   0.2401    0.265
   126  34.0211 -21.4685   0.9246   5.8399   3.9435   6.0702   0.0322   1.3904   1.0551   0.0027   0.0000  -0.0190   0.2436    0.268
   127  34.4351 -22.1382   0.9832   5.6748   3.7961   5.9145   0.0313   1.3917   1.0561   0.0131   0.0000  -0.0256   0.2497    0.274
   128  34.7955 -22.7210   1.0342   5.5312   2.7734   5.7731   0.0306   1.4080   1.0685  -0.0486   0.0000  -0.0454   0.2668    0.293
   129  35.1476 -23.2905   1.0840   5.3908   3.4568   5.6336   0.0302   1.4048   1.0660  -0.0271   0.0000  -0.0516   0.2722    0.298
   130  35.5398 -23.9248   1.1395   5.2344   3.3083   5.4830   0.0298   1.4066   1.0674  -0.0206   0.0000  -0.0542   0.2750    0.301
   131  35.9260 -24.5495   1.1942   5.0805   3.1592   5.3328   0.0297   1.4089   1.0692  -0.0183   0.0000  -0.0555   0.2765    0.302
   132  36.3056 -25.1635   1.2479   4.9291   3.0101   5.1837   0.0298   1.4114   1.0711  -0.0175   0.0000  -0.0561   0.2775    0.302
   133  36.6781 -25.7659   1.3006   4.7806   2.8615   5.0359   0.0301   1.4137   1.0728  -0.0174   0.0000  -0.0563   0.2781    0.302
   134  37.0428 -26.3559   1.3522   4.6352   2.7141   4.8894   0.0306   1.4157   1.0743  -0.0176   0.0000  -0.0563   0.2784    0.302
   135  37.3992 -26.9323   1.4027   4.4931   2.5684   4.7441   0.0314   1.4171   1.0754  -0.0179   0.0000  -0.0562   0.2785    0.302
   136  37.7468 -27.4945   1.4518   4.3545   2.4247   4.5999   0.0325   1.4179   1.0760  -0.0184   0.0000  -0.0559   0.2784    0.302
   137  38.0850 -28.0415   1.4997   4.2197   2.2835   4.4566   0.0338   1.4177   1.0759  -0.0188   0.0000  -0.0555   0.2780    0.302
   138  38.4133 -28.5725   1.5461   4.0888   2.1452   4.3138   0.0355   1.4163   1.0748  -0.0193   0.0000  -0.0549   0.2773    0.301
   139  38.7312 -29.0866   1.5911   3.9621   2.0101   4.1712   0.0375   1.4134   1.0726  -0.0198   0.0000  -0.0542   0.2762    0.301
   140  39.0382 -29.5831   1.6346   3.8397   1.8786   4.0283   0.0399   1.4086   1.0690  -0.0202   0.0000  -0.0533   0.2746    0.300
   141  39.3338 -30.0612   1.6764   3.7219   1.7508   3.8845   0.0428   1.4015   1.0635  -0.0206   0.0000  -0.0522   0.2725    0.299
   142  39.6175 -30.5202   1.7165   3.6087   1.6269   3.7389   0.0460   1.3913   1.0558  -0.0209   0.0000  -0.0508   0.2697    0.298
   143  39.8890 -30.9593   1.7550   3.5005   1.5072   3.5906   0.0497   1.3776   1.0454  -0.0210   0.0000  -0.0492   0.2660    0.297
   144  40.1478 -31.3779   1.7916   3.3973   1.3917   3.4386   0.0535   1.3593   1.0316  -0.0210   0.0000  -0.0472   0.2614    0.296
   145  40.3935 -31.7753   1.8263   3.2994   1.2804   3.2814   0.0574   1.3358   1.0137  -0.0208   0.0000  -0.0451   0.2558    0.295
   146  40.6258 -32.1509   1.8592   3.2068   1.1734   3.1180   0.0610   1.3058   0.9910  -0.0201   0.0000  -0.0430   0.2491    0.293
   147  40.8442 -32.5042   1.8901   3.1197   1.0707   2.9474   0.0638   1.2686   0.9627  -0.0187   0.0000  -0.0413   0.2417    0.293
   148  41.0485 -32.8346   1.9190   3.0383   0.9721   2.7688   0.0653   1.2232   0.9283  -0.0159   0.0000  -0.0409   0.2340    0.294
   149  41.2438 -33.1504   1.9467   2.9604   0.9286   2.5790   0.0652   1.1683   0.8866  -0.0108   0.0000  -0.0431   0.2270    0.299
   150  41.4291 -33.4502   1.9729   2.8866   0.8314   2.3770   0.0605   1.1031   0.8371  -0.0048   0.0000  -0.0501   0.2226    0.310
   151  41.8199 -33.7262   1.9971   2.6622   0.7082   2.1588   0.0544   3.5672   0.8238  -0.0001   0.0000  -0.0345   0.1051    0.292
   152  42.3833 -33.9779   2.0191   2.3104   0.5525   1.9649   0.0660   3.7843   0.8740  -0.0550   0.0000  -0.0222   0.1047    0.275
   153  42.8863 -34.2026   2.0388   1.9964   0.4230   1.7700   0.0792   3.9718   0.9173  -0.0913   0.0000  -0.0123   0.1049    0.263
   154  43.3282 -34.4000   2.0560   1.7205   0.3171   1.5700   0.0959   4.1125   0.9498  -0.1253   0.0000  -0.0007   0.1032    0.251
   155  43.7082 -34.5698   2.0709   1.4833   0.2320   1.3605   0.1143   4.1609   0.9609  -0.1605   0.0000   0.0160   0.0972    0.233
   156  44.0258 -34.7116   2.0833   1.2850   0.1649   1.1380   0.1309   4.0505   0.9354  -0.1972   0.0000   0.0387   0.0847    0.209
   157  44.2804 -34.8254   2.0932   1.1261   0.1126   0.9015   0.1433   3.7040   0.8554  -0.2321   0.0000   0.0630   0.0655    0.176
   158  44.4718 -34.9108   2.1007   1.0066   0.0720   0.6529   0.1513   3.0537   0.7052  -0.2555   0.0000   0.0774   0.0426    0.140
   159  44.5995 -34.9679   2.1057   0.9269   0.0398   0.3953   0.1562   2.0689   0.4778  -0.2452   0.0000   0.0675   0.0215    0.109
   160  44.6634 -34.9964   2.1082   0.8870   0.0127   0.1324   0.1589   0.7806   0.1803  -0.1577   0.0000   0.0273   0.0061    0.099

  Surface # 3     horizontal_stabilizer                   
     # Chordwise = 10   # Spanwise = 80     First strip =161
     Surface area Ssurf =   33.045257     Ave. chord Cave =    3.385457

 Forces referred to Sref, Cref, Bref about Xref, Yref, Zref
 Standard axis orientation,  X fwd, Z down         
     CLsurf  =   0.02425     Clsurf  =  -0.00159
     CYsurf  =  -0.00241     Cmsurf  =  -0.08473
     CDsurf  =   0.00259     Cnsurf  =   0.00082
     CDisurf =   0.00259     CDvsurf =   0.00000

 Forces referred to Ssurf, Cave 
     CLsurf  =   0.36178     CDsurf  =   0.03853

 Strip Forces referred to Strip Area, Chord
    j     Xle      Yle      Zle      Chord    Area     c_cl     ai     cl_norm    cl       cd       cdv    cm_c/4     cm_LE   C.P.x/c
   161  55.3376   0.0009   2.0821   4.5668   0.0172   2.8449   0.1497   0.5471   0.4051   1.2833   0.0000  -0.0202  -0.1505    0.300
   162  55.3424   0.0084   2.0829   4.5649   0.0516   1.5669   0.1503   0.4298   0.3183   0.1709   0.0000  -0.0188  -0.0904    0.309
   163  55.3520   0.0234   2.0846   4.5613   0.0858   1.4656   0.1513   0.4206   0.3115   0.0834   0.0000  -0.0186  -0.0856    0.310
   164  55.3664   0.0458   2.0871   4.5558   0.1198   1.4382   0.1524   0.4184   0.3098   0.0605   0.0000  -0.0184  -0.0842    0.309
   165  55.3856   0.0757   2.0904   4.5486   0.1535   1.4275   0.1534   0.4179   0.3095   0.0521   0.0000  -0.0180  -0.0835    0.308
   166  55.4095   0.1129   2.0945   4.5395   0.1868   1.4225   0.1544   0.4181   0.3097   0.0483   0.0000  -0.0175  -0.0830    0.306
   167  55.4381   0.1574   2.0994   4.5286   0.2195   1.4202   0.1553   0.4189   0.3102   0.0465   0.0000  -0.0168  -0.0825    0.304
   168  55.4714   0.2092   2.1051   4.5160   0.2516   1.4191   0.1561   0.4200   0.3111   0.0454   0.0000  -0.0160  -0.0820    0.301
   169  55.5092   0.2682   2.1116   4.5017   0.2831   1.4188   0.1568   0.4215   0.3121   0.0446   0.0000  -0.0151  -0.0814    0.298
   170  55.5516   0.3342   2.1189   4.4856   0.3138   1.4190   0.1575   0.4232   0.3134   0.0440   0.0000  -0.0141  -0.0809    0.295
   171  55.5985   0.4072   2.1270   4.4678   0.3437   1.4194   0.1581   0.4252   0.3149   0.0435   0.0000  -0.0131  -0.0803    0.292
   172  55.6498   0.4871   2.1358   4.4483   0.3727   1.4199   0.1586   0.4274   0.3165   0.0430   0.0000  -0.0121  -0.0798    0.288
   173  55.7054   0.5738   2.1453   4.4272   0.4006   1.4206   0.1590   0.4298   0.3183   0.0425   0.0000  -0.0111  -0.0793    0.285
   174  55.7653   0.6670   2.1556   4.4045   0.4275   1.4212   0.1593   0.4324   0.3202   0.0421   0.0000  -0.0101  -0.0789    0.281
   175  55.8293   0.7667   2.1666   4.3802   0.4533   1.4218   0.1595   0.4351   0.3222   0.0417   0.0000  -0.0091  -0.0785    0.278
   176  55.8974   0.8727   2.1783   4.3544   0.4779   1.4222   0.1595   0.4380   0.3243   0.0414   0.0000  -0.0082  -0.0781    0.275
   177  55.9694   0.9848   2.1907   4.3271   0.5013   1.4225   0.1594   0.4410   0.3266   0.0411   0.0000  -0.0073  -0.0779    0.272
   178  56.0453   1.1030   2.2037   4.2983   0.5234   1.4226   0.1592   0.4441   0.3289   0.0408   0.0000  -0.0064  -0.0777    0.270
   179  56.1250   1.2271   2.2174   4.2681   0.5461   1.4224   0.1587   0.4473   0.3313   0.0405   0.0000  -0.0057  -0.0775    0.267
   180  56.2084   1.3570   2.2318   4.2364   0.5656   1.4220   0.1581   0.4506   0.3337   0.0403   0.0000  -0.0049  -0.0774    0.265
   181  56.2954   1.4924   2.2467   4.2035   0.5837   1.4212   0.1573   0.4540   0.3362   0.0401   0.0000  -0.0043  -0.0774    0.263
   182  56.3856   1.6330   2.2623   4.1692   0.6003   1.4201   0.1562   0.4575   0.3388   0.0399   0.0000  -0.0037  -0.0775    0.261
   183  56.4791   1.7786   2.2783   4.1338   0.6155   1.4185   0.1550   0.4610   0.3414   0.0398   0.0000  -0.0031  -0.0775    0.259
   184  56.5757   1.9290   2.2949   4.0971   0.6292   1.4166   0.1535   0.4646   0.3441   0.0396   0.0000  -0.0026  -0.0777    0.258
   185  56.6751   2.0839   2.3120   4.0594   0.6415   1.4143   0.1517   0.4683   0.3468   0.0395   0.0000  -0.0021  -0.0779    0.256
   186  56.7773   2.2430   2.3296   4.0206   0.6523   1.4116   0.1498   0.4720   0.3495   0.0395   0.0000  -0.0017  -0.0781    0.255
   187  56.8822   2.4063   2.3476   3.9809   0.6615   1.4085   0.1476   0.4757   0.3523   0.0394   0.0000  -0.0013  -0.0784    0.254
   188  56.9894   2.5733   2.3661   3.9402   0.6693   1.4050   0.1453   0.4796   0.3551   0.0393   0.0000  -0.0010  -0.0787    0.253
   189  57.0990   2.7439   2.3849   3.8986   0.6757   1.4012   0.1429   0.4834   0.3580   0.0393   0.0000  -0.0007  -0.0791    0.252
   190  57.2106   2.9178   2.4041   3.8563   0.6805   1.3970   0.1404   0.4873   0.3609   0.0393   0.0000  -0.0004  -0.0795    0.251
   191  57.3242   3.0947   2.4236   3.8132   0.6840   1.3924   0.1379   0.4913   0.3638   0.0393   0.0000  -0.0001  -0.0799    0.250
   192  57.4395   3.2743   2.4435   3.7695   0.6860   1.3875   0.1354   0.4953   0.3668   0.0393   0.0000   0.0001  -0.0803    0.250
   193  57.5564   3.4564   2.4636   3.7251   0.6866   1.3822   0.1329   0.4994   0.3698   0.0393   0.0000   0.0004  -0.0808    0.249
   194  57.6748   3.6407   2.4839   3.6802   0.6859   1.3766   0.1305   0.5035   0.3729   0.0393   0.0000   0.0006  -0.0812    0.248
   195  57.7943   3.8268   2.5045   3.6349   0.6839   1.3707   0.1281   0.5077   0.3760   0.0393   0.0000   0.0008  -0.0817    0.248
   196  57.9149   4.0146   2.5252   3.5892   0.6806   1.3645   0.1259   0.5119   0.3791   0.0393   0.0000   0.0010  -0.0822    0.247
   197  58.0363   4.2037   2.5461   3.5431   0.6760   1.3579   0.1238   0.5161   0.3822   0.0393   0.0000   0.0013  -0.0827    0.247
   198  58.1584   4.3938   2.5671   3.4968   0.6703   1.3509   0.1218   0.5203   0.3853   0.0393   0.0000   0.0015  -0.0832    0.246
   199  58.2809   4.5847   2.5881   3.4503   0.6635   1.3435   0.1200   0.5245   0.3885   0.0393   0.0000   0.0017  -0.0836    0.246
   200  58.4038   4.7760   2.6093   3.4037   0.6555   1.3357   0.1184   0.5287   0.3915   0.0393   0.0000   0.0020  -0.0841    0.245
   201  58.5267   4.9675   2.6304   3.3571   0.6465   1.3273   0.1169   0.5328   0.3946   0.0392   0.0000   0.0022  -0.0845    0.244
   202  58.6496   5.1588   2.6515   3.3105   0.6366   1.3184   0.1155   0.5367   0.3975   0.0392   0.0000   0.0025  -0.0849    0.244
   203  58.7721   5.3497   2.6726   3.2640   0.6257   1.3090   0.1144   0.5405   0.4003   0.0391   0.0000   0.0028  -0.0853    0.243
   204  58.8942   5.5398   2.6936   3.2177   0.6140   1.2988   0.1134   0.5442   0.4030   0.0390   0.0000   0.0031  -0.0856    0.242
   205  59.0156   5.7289   2.7145   3.1716   0.6014   1.2880   0.1126   0.5475   0.4055   0.0389   0.0000   0.0034  -0.0858    0.242
   206  59.1362   5.9167   2.7352   3.1259   0.5881   1.2763   0.1120   0.5506   0.4078   0.0387   0.0000   0.0038  -0.0860    0.241
   207  59.2558   6.1028   2.7557   3.0806   0.5742   1.2639   0.1115   0.5534   0.4098   0.0385   0.0000   0.0042  -0.0861    0.240
   208  59.3741   6.2871   2.7761   3.0357   0.5596   1.2505   0.1112   0.5557   0.4115   0.0383   0.0000   0.0047  -0.0861    0.239
   209  59.4910   6.4692   2.7962   2.9913   0.5444   1.2362   0.1112   0.5576   0.4129   0.0381   0.0000   0.0051  -0.0860    0.238
   210  59.6063   6.6488   2.8160   2.9476   0.5287   1.2209   0.1112   0.5589   0.4139   0.0378   0.0000   0.0057  -0.0858    0.236
   211  59.7199   6.8257   2.8355   2.9045   0.5126   1.2045   0.1115   0.5597   0.4145   0.0375   0.0000   0.0062  -0.0854    0.235
   212  59.8316   6.9996   2.8547   2.8621   0.4960   1.1868   0.1119   0.5597   0.4145   0.0371   0.0000   0.0069  -0.0849    0.233
   213  59.9411   7.1702   2.8736   2.8206   0.4792   1.1679   0.1125   0.5590   0.4140   0.0367   0.0000   0.0076  -0.0841    0.232
   214  60.0484   7.3372   2.8920   2.7799   0.4620   1.1477   0.1132   0.5574   0.4128   0.0362   0.0000   0.0084  -0.0832    0.230
   215  60.1532   7.5005   2.9100   2.7402   0.4445   1.1260   0.1141   0.5549   0.4110   0.0357   0.0000   0.0092  -0.0821    0.228
   216  60.2554   7.6597   2.9276   2.7014   0.4269   1.1027   0.1152   0.5513   0.4083   0.0351   0.0000   0.0101  -0.0807    0.225
   217  60.3549   7.8145   2.9447   2.6637   0.4091   1.0778   0.1164   0.5466   0.4048   0.0344   0.0000   0.0112  -0.0791    0.222
   218  60.4514   7.9649   2.9613   2.6270   0.3912   1.0511   0.1177   0.5406   0.4004   0.0336   0.0000   0.0123  -0.0772    0.219
   219  60.5449   8.1105   2.9774   2.5916   0.3732   1.0226   0.1191   0.5333   0.3949   0.0327   0.0000   0.0134  -0.0750    0.216
   220  60.6352   8.2511   2.9929   2.5573   0.3551   0.9922   0.1205   0.5244   0.3884   0.0317   0.0000   0.0147  -0.0725    0.212
   221  60.7221   8.3865   3.0079   2.5244   0.3370   0.9597   0.1220   0.5140   0.3806   0.0306   0.0000   0.0160  -0.0697    0.208
   222  60.8055   8.5164   3.0222   2.4927   0.3189   0.9251   0.1236   0.5018   0.3716   0.0294   0.0000   0.0173  -0.0666    0.203
   223  60.8854   8.6408   3.0359   2.4624   0.3009   0.8883   0.1251   0.4879   0.3613   0.0281   0.0000   0.0187  -0.0633    0.198
   224  60.9615   8.7593   3.0490   2.4336   0.2829   0.8493   0.1267   0.4722   0.3497   0.0267   0.0000   0.0200  -0.0596    0.193
   225  61.0337   8.8718   3.0614   2.4061   0.2650   0.8082   0.1281   0.4546   0.3366   0.0251   0.0000   0.0212  -0.0557    0.187
   226  61.1002   8.9753   3.0729   2.3809   0.2336   0.7657   0.1295   0.4354   0.3224   0.0234   0.0000   0.0223  -0.0517    0.181
   227  61.1609   9.0698   3.0833   2.3579   0.2169   0.7222   0.1308   0.4148   0.3072   0.0217   0.0000   0.0231  -0.0477    0.175
   228  61.2176   9.1582   3.0931   2.3364   0.2004   0.6769   0.1320   0.3925   0.2907   0.0199   0.0000   0.0237  -0.0435    0.168
   229  61.2703   9.2403   3.1021   2.3164   0.1839   0.6300   0.1331   0.3686   0.2730   0.0180   0.0000   0.0241  -0.0394    0.162
   230  61.3189   9.3160   3.1105   2.2980   0.1676   0.5813   0.1341   0.3430   0.2540   0.0160   0.0000   0.0241  -0.0352    0.155
   231  61.3634   9.3852   3.1181   2.2811   0.1513   0.5310   0.1351   0.3159   0.2339   0.0140   0.0000   0.0237  -0.0311    0.149
   232  61.4036   9.4478   3.1250   2.2659   0.1351   0.4793   0.1359   0.2872   0.2127   0.0119   0.0000   0.0230  -0.0271    0.142
   233  61.4395   9.5037   3.1312   2.2523   0.1190   0.4262   0.1367   0.2572   0.1904   0.0098   0.0000   0.0218  -0.0232    0.136
   234  61.4710   9.5528   3.1366   2.2403   0.1029   0.3719   0.1373   0.2258   0.1672   0.0077   0.0000   0.0201  -0.0195    0.130
   235  61.4981   9.5950   3.1413   2.2301   0.0870   0.3166   0.1379   0.1933   0.1432   0.0056   0.0000   0.0180  -0.0161    0.125
   236  61.5207   9.6303   3.1452   2.2215   0.0711   0.2603   0.1384   0.1598   0.1184   0.0036   0.0000   0.0154  -0.0128    0.120
   237  61.5389   9.6586   3.1483   2.2146   0.0552   0.2033   0.1388   0.1255   0.0929   0.0015   0.0000   0.0124  -0.0097    0.116
   238  61.5526   9.6798   3.1507   2.2094   0.0394   0.1456   0.1391   0.0906   0.0671  -0.0010   0.0000   0.0091  -0.0068    0.114
   239  61.5617   9.6940   3.1522   2.2059   0.0236   0.0875   0.1393   0.0552   0.0409  -0.0034   0.0000   0.0056  -0.0040    0.113
   240  61.5662   9.7011   3.1530   2.2042   0.0079   0.0292   0.1394   0.0192   0.0142  -0.0041   0.0000   0.0019  -0.0013    0.118

  Surface # 4     horizontal_stabilizer (YDUP)            
     # Chordwise = 10   # Spanwise = 80     First strip =241
     Surface area Ssurf =   33.045257     Ave. chord Cave =    3.385457

 Forces referred to Sref, Cref, Bref about Xref, Yref, Zref
 Standard axis orientation,  X fwd, Z down         
     CLsurf  =   0.02425     Clsurf  =   0.00159
     CYsurf  =   0.00241     Cmsurf  =  -0.08473
     CDsurf  =   0.00259     Cnsurf  =  -0.00082
     CDisurf =   0.00259     CDvsurf =   0.00000

 Forces referred to Ssurf, Cave 
     CLsurf  =   0.36178     CDsurf  =   0.03853

 Strip Forces referred to Strip Area, Chord
    j     Xle      Yle      Zle      Chord    Area     c_cl     ai     cl_norm    cl       cd       cdv    cm_c/4     cm_LE   C.P.x/c
   241  55.3376  -0.0009   2.0821   4.5668   0.0172   2.8449   0.1497   0.5471   0.4051   1.2833   0.0000  -0.0202   0.1505    0.300
   242  55.3424  -0.0084   2.0829   4.5649   0.0516   1.5669   0.1503   0.4298   0.3183   0.1709   0.0000  -0.0188   0.0904    0.309
   243  55.3520  -0.0234   2.0846   4.5613   0.0858   1.4656   0.1513   0.4206   0.3115   0.0834   0.0000  -0.0186   0.0856    0.310
   244  55.3664  -0.0458   2.0871   4.5558   0.1198   1.4382   0.1524   0.4184   0.3098   0.0605   0.0000  -0.0184   0.0842    0.309
   245  55.3856  -0.0757   2.0904   4.5486   0.1535   1.4275   0.1534   0.4179   0.3095   0.0521   0.0000  -0.0180   0.0835    0.308
   246  55.4095  -0.1129   2.0945   4.5395   0.1868   1.4225   0.1544   0.4181   0.3097   0.0483   0.0000  -0.0175   0.0830    0.306
   247  55.4381  -0.1574   2.0994   4.5286   0.2195   1.4202   0.1553   0.4189   0.3102   0.0465   0.0000  -0.0168   0.0825    0.304
   248  55.4714  -0.2092   2.1051   4.5160   0.2516   1.4191   0.1561   0.4200   0.3111   0.0454   0.0000  -0.0160   0.0820    0.301
   249  55.5092  -0.2682   2.1116   4.5017   0.2831   1.4188   0.1568   0.4215   0.3121   0.0446   0.0000  -0.0151   0.0814    0.298
   250  55.5516  -0.3342   2.1189   4.4856   0.3138   1.4190   0.1575   0.4232   0.3134   0.0440   0.0000  -0.0141   0.0809    0.295
   251  55.5985  -0.4072   2.1270   4.4678   0.3437   1.4194   0.1581   0.4252   0.3149   0.0435   0.0000  -0.0131   0.0803    0.292
   252  55.6498  -0.4871   2.1358   4.4483   0.3727   1.4199   0.1586   0.4274   0.3165   0.0430   0.0000  -0.0121   0.0798    0.288
   253  55.7054  -0.5738   2.1453   4.4272   0.4006   1.4206   0.1590   0.4298   0.3183   0.0425   0.0000  -0.0111   0.0793    0.285
   254  55.7653  -0.6670   2.1556   4.4045   0.4275   1.4212   0.1593   0.4324   0.3202   0.0421   0.0000  -0.0101   0.0789    0.281
   255  55.8293  -0.7667   2.1666   4.3802   0.4533   1.4218   0.1595   0.4351   0.3222   0.0417   0.0000  -0.0091   0.0785    0.278
   256  55.8974  -0.8727   2.1783   4.3544   0.4779   1.4222   0.1595   0.4380   0.3243   0.0414   0.0000  -0.0082   0.0781    0.275
   257  55.9694  -0.9848   2.1907   4.3271   0.5013   1.4225   0.1594   0.4410   0.3266   0.0411   0.0000  -0.0073   0.0779    0.272
   258  56.0453  -1.1030   2.2037   4.2983   0.5234   1.4226   0.1592   0.4441   0.3289   0.0408   0.0000  -0.0064   0.0777    0.270
   259  56.1250  -1.2271   2.2174   4.2681   0.5461   1.4224   0.1587   0.4473   0.3313   0.0405   0.0000  -0.0057   0.0775    0.267
   260  56.2084  -1.3570   2.2318   4.2364   0.5656   1.4220   0.1581   0.4506   0.3337   0.0403   0.0000  -0.0049   0.0774    0.265
   261  56.2954  -1.4924   2.2467   4.2035   0.5837   1.4212   0.1573   0.4540   0.3362   0.0401   0.0000  -0.0043   0.0774    0.263
   262  56.3856  -1.6330   2.2623   4.1692   0.6003   1.4201   0.1562   0.4575   0.3388   0.0399   0.0000  -0.0037   0.0775    0.261
   263  56.4791  -1.7786   2.2783   4.1338   0.6155   1.4185   0.1550   0.4610   0.3414   0.0398   0.0000  -0.0031   0.0775    0.259
   264  56.5757  -1.9290   2.2949   4.0971   0.6292   1.4166   0.1535   0.4646   0.3441   0.0396   0.0000  -0.0026   0.0777    0.258
   265  56.6751  -2.0839   2.3120   4.0594   0.6415   1.4143   0.1517   0.4683   0.3468   0.0395   0.0000  -0.0021   0.0779    0.256
   266  56.7773  -2.2430   2.3296   4.0206   0.6523   1.4116   0.1498   0.4720   0.3495   0.0395   0.0000  -0.0017   0.0781    0.255
   267  56.8822  -2.4063   2.3476   3.9809   0.6615   1.4085   0.1476   0.4757   0.3523   0.0394   0.0000  -0.0013   0.0784    0.254
   268  56.9894  -2.5733   2.3661   3.9402   0.6693   1.4050   0.1453   0.4796   0.3551   0.0393   0.0000  -0.0010   0.0787    0.253
   269  57.0990  -2.7439   2.3849   3.8986   0.6757   1.4012   0.1429   0.4834   0.3580   0.0393   0.0000  -0.0007   0.0791    0.252
   270  57.2106  -2.9178   2.4041   3.8563   0.6805   1.3970   0.1404   0.4873   0.3609   0.0393   0.0000  -0.0004   0.0795    0.251
   271  57.3242  -3.0947   2.4236   3.8132   0.6840   1.3924   0.1379   0.4913   0.3638   0.0393   0.0000  -0.0001   0.0799    0.250
   272  57.4395  -3.2743   2.4435   3.7695   0.6860   1.3875   0.1354   0.4953   0.3668   0.0393   0.0000   0.0001   0.0803    0.250
   273  57.5564  -3.4564   2.4636   3.7251   0.6866   1.3822   0.1329   0.4994   0.3698   0.0393   0.0000   0.0004   0.0808    0.249
   274  57.6748  -3.6407   2.4839   3.6802   0.6859   1.3766   0.1305   0.5035   0.3729   0.0393   0.0000   0.0006   0.0812    0.248
   275  57.7943  -3.8268   2.5045   3.6349   0.6839   1.3707   0.1281   0.5077   0.3760   0.0393   0.0000   0.0008   0.0817    0.248
   276  57.9149  -4.0146   2.5252   3.5892   0.6806   1.3645   0.1259   0.5119   0.3791   0.0393   0.0000   0.0010   0.0822    0.247
   277  58.0363  -4.2037   2.5461   3.5431   0.6760   1.3579   0.1238   0.5161   0.3822   0.0393   0.0000   0.0013   0.0827    0.247
   278  58.1584  -4.3938   2.5671   3.4968   0.6703   1.3509   0.1218   0.5203   0.3853   0.0393   0.0000   0.0015   0.0832    0.246
   279  58.2809  -4.5847   2.5881   3.4503   0.6635   1.3435   0.1200   0.5245   0.3885   0.0393   0.0000   0.0017   0.0836    0.246
   280  58.4038  -4.7760   2.6093   3.4037   0.6555   1.3357   0.1184   0.5287   0.3915   0.0393   0.0000   0.0020   0.0841    0.245
   281  58.5267  -4.9675   2.6304   3.3571   0.6465   1.3273   0.1169   0.5328   0.3946   0.0392   0.0000   0.0022   0.0845    0.244
   282  58.6496  -5.1588   2.6515   3.3105   0.6366   1.3184   0.1155   0.5367   0.3975   0.0392   0.0000   0.0025   0.0849    0.244
   283  58.7721  -5.3497   2.6726   3.2640   0.6257   1.3090   0.1144   0.5405   0.4003   0.0391   0.0000   0.0028   0.0853    0.243
   284  58.8942  -5.5398   2.6936   3.2177   0.6140   1.2988   0.1134   0.5442   0.4030   0.0390   0.0000   0.0031   0.0856    0.242
   285  59.0156  -5.7289   2.7145   3.1716   0.6014   1.2880   0.1126   0.5475   0.4055   0.0389   0.0000   0.0034   0.0858    0.242
   286  59.1362  -5.9167   2.7352   3.1259   0.5881   1.2763   0.1120   0.5506   0.4078   0.0387   0.0000   0.0038   0.0860    0.241
   287  59.2558  -6.1028   2.7557   3.0806   0.5742   1.2639   0.1115   0.5534   0.4098   0.0385   0.0000   0.0042   0.0861    0.240
   288  59.3741  -6.2871   2.7761   3.0357   0.5596   1.2505   0.1112   0.5557   0.4115   0.0383   0.0000   0.0047   0.0861    0.239
   289  59.4910  -6.4692   2.7962   2.9913   0.5444   1.2362   0.1112   0.5576   0.4129   0.0381   0.0000   0.0051   0.0860    0.238
   290  59.6063  -6.6488   2.8160   2.9476   0.5287   1.2209   0.1112   0.5589   0.4139   0.0378   0.0000   0.0057   0.0858    0.236
   291  59.7199  -6.8257   2.8355   2.9045   0.5126   1.2045   0.1115   0.5597   0.4145   0.0375   0.0000   0.0062   0.0854    0.235
   292  59.8316  -6.9996   2.8547   2.8621   0.4960   1.1868   0.1119   0.5597   0.4145   0.0371   0.0000   0.0069   0.0849    0.233
   293  59.9411  -7.1702   2.8736   2.8206   0.4792   1.1679   0.1125   0.5590   0.4140   0.0367   0.0000   0.0076   0.0841    0.232
   294  60.0484  -7.3372   2.8920   2.7799   0.4620   1.1477   0.1132   0.5574   0.4128   0.0362   0.0000   0.0084   0.0832    0.230
   295  60.1532  -7.5005   2.9100   2.7402   0.4445   1.1260   0.1141   0.5549   0.4110   0.0357   0.0000   0.0092   0.0821    0.228
   296  60.2554  -7.6597   2.9276   2.7014   0.4269   1.1027   0.1152   0.5513   0.4083   0.0351   0.0000   0.0101   0.0807    0.225
   297  60.3549  -7.8145   2.9447   2.6637   0.4091   1.0778   0.1164   0.5466   0.4048   0.0344   0.0000   0.0112   0.0791    0.222
   298  60.4514  -7.9649   2.9613   2.6270   0.3912   1.0511   0.1177   0.5406   0.4004   0.0336   0.0000   0.0123   0.0772    0.219
   299  60.5449  -8.1105   2.9774   2.5916   0.3732   1.0226   0.1191   0.5333   0.3949   0.0327   0.0000   0.0134   0.0750    0.216
   300  60.6352  -8.2511   2.9929   2.5573   0.3551   0.9922   0.1205   0.5244   0.3884   0.0317   0.0000   0.0147   0.0725    0.212
   301  60.7221  -8.3865   3.0079   2.5244   0.3370   0.9597   0.1220   0.5140   0.3806   0.0306   0.0000   0.0160   0.0697    0.208
   302  60.8055  -8.5164   3.0222   2.4927   0.3189   0.9251   0.1236   0.5018   0.3716   0.0294   0.0000   0.0173   0.0666    0.203
   303  60.8854  -8.6408   3.0359   2.4624   0.3009   0.8883   0.1251   0.4879   0.3613   0.0281   0.0000   0.0187   0.0633    0.198
   304  60.9615  -8.7593   3.0490   2.4336   0.2829   0.8493   0.1267   0.4722   0.3497   0.0267   0.0000   0.0200   0.0596    0.193
   305  61.0337  -8.8718   3.0614   2.4061   0.2650   0.8082   0.1281   0.4546   0.3366   0.0251   0.0000   0.0212   0.0557    0.187
   306  61.1002  -8.9753   3.0729   2.3809   0.2336   0.7657   0.1295   0.4354   0.3224   0.0234   0.0000   0.0223   0.0517    0.181
   307  61.1609  -9.0698   3.0833   2.3579   0.2169   0.7222   0.1308   0.4148   0.3072   0.0217   0.0000   0.0231   0.0477    0.175
   308  61.2176  -9.1582   3.0931   2.3364   0.2004   0.6769   0.1320   0.3925   0.2907   0.0199   0.0000   0.0237   0.0435    0.168
   309  61.2703  -9.2403   3.1021   2.3164   0.1839   0.6300   0.1331   0.3686   0.2730   0.0180   0.0000   0.0241   0.0394    0.162
   310  61.3189  -9.3160   3.1105   2.2980   0.1676   0.5813   0.1341   0.3430   0.2540   0.0160   0.0000   0.0241   0.0352    0.155
   311  61.3634  -9.3852   3.1181   2.2811   0.1513   0.5310   0.1351   0.3159   0.2339   0.0140   0.0000   0.0237   0.0311    0.149
   312  61.4036  -9.4478   3.1250   2.2659   0.1351   0.4793   0.1359   0.2872   0.2127   0.0119   0.0000   0.0230   0.0271    0.142
   313  61.4395  -9.5037   3.1312   2.2523   0.1190   0.4262   0.1367   0.2572   0.1904   0.0098   0.0000   0.0218   0.0232    0.136
   314  61.4710  -9.5528   3.1366   2.2403   0.1029   0.3719   0.1373   0.2258   0.1672   0.0077   0.0000   0.0201   0.0195    0.130
   315  61.4981  -9.5950   3.1413   2.2301   0.0870   0.3166   0.1379   0.1933   0.1432   0.0056   0.0000   0.0180   0.0161    0.125
   316  61.5207  -9.6303   3.1452   2.2215   0.0711   0.2603   0.1384   0.1598   0.1184   0.0036   0.0000   0.0154   0.0128    0.120
   317  61.5389  -9.6586   3.1483   2.2146   0.0552   0.2033   0.1388   0.1255   0.0929   0.0015   0.0000   0.0124   0.0097    0.116
   318  61.5526  -9.6798   3.1507   2.2094   0.0394   0.1456   0.1391   0.0906   0.0671  -0.0010   0.0000   0.0091   0.0068    0.114
   319  61.5617  -9.6940   3.1522   2.2059   0.0236   0.0875   0.1393   0.0552   0.0409  -0.0034   0.0000   0.0056   0.0040    0.113
   320  61.5662  -9.7011   3.1530   2.2042   0.0079   0.0292   0.1394   0.0192   0.0142  -0.0041   0.0000   0.0019   0.0013    0.118

  Surface # 5     vertical_stabilizer                     
     # Chordwise = 10   # Spanwise = 80     First strip =321
     Surface area Ssurf =   45.713870     Ave. chord Cave =    5.520999

 Forces referred to Sref, Cref, Bref about Xref, Yref, Zref
 Standard axis orientation,  X fwd, Z down         
     CLsurf  =   0.00000     Clsurf  =  -0.00000
     CYsurf  =  -0.00000     Cmsurf  =  -0.00000
     CDsurf  =  -0.00000     Cnsurf  =   0.00000
     CDisurf =  -0.00000     CDvsurf =   0.00000

 Forces referred to Ssurf, Cave 
     CLsurf  =   0.00000     CDsurf  =  -0.00000

 Strip Forces referred to Strip Area, Chord
    j     Xle      Yle      Zle      Chord    Area     c_cl     ai     cl_norm    cl       cd       cdv    cm_c/4     cm_LE   C.P.x/c
   321  52.2087   0.0000   3.5988   7.9308   0.1517   0.0000  -0.0000   0.0000   0.0000   0.0000   0.0000   0.0000   0.0000   -0.280
   322  52.2304   0.0000   3.6208   7.9180   0.1969   0.0000   0.0000   0.0000   0.0000  -0.0000   0.0000   0.0000  -0.0000   -0.174
   323  52.2577   0.0000   3.6486   7.9018   0.2416   0.0000   0.0000   0.0000   0.0000  -0.0000   0.0000   0.0000  -0.0000   -0.127
   324  52.2906   0.0000   3.6820   7.8823   0.2859   0.0000  -0.0000   0.0000   0.0000   0.0000   0.0000   0.0000   0.0000   -0.230
   325  52.3291   0.0000   3.7211   7.8595   0.3294   0.0000  -0.0000   0.0000   0.0000  -0.0000   0.0000   0.0000   0.0000   -0.406
   326  52.3732   0.0000   3.7658   7.8334   0.3722   0.0000  -0.0000   0.0000   0.0000   0.0000   0.0000   0.0000   0.0000   -0.512
   327  52.4227   0.0000   3.8161   7.8041   0.4141   0.0000  -0.0000   0.0000   0.0000   0.0000   0.0000   0.0000   0.0000   -0.512
   328  52.4777   0.0000   3.8719   7.7715   0.4550   0.0000  -0.0000   0.0000   0.0000   0.0000   0.0000   0.0000   0.0000   -0.593
   329  52.5380   0.0000   3.9332   7.7358   0.4948   0.0000  -0.0000   0.0000   0.0000   0.0000   0.0000   0.0000   0.0000   -0.529
   330  52.6037   0.0000   3.9998   7.6969   0.5334   0.0000   0.0000   0.0000   0.0000   0.0000   0.0000   0.0000   0.0000   -0.312
   331  52.6745   0.0000   4.0718   7.6550   0.5707   0.0000  -0.0000   0.0000   0.0000  -0.0000   0.0000   0.0000   0.0000   -0.484
   332  52.7505   0.0000   4.1489   7.6100   0.6065   0.0000   0.0000   0.0000   0.0000  -0.0000   0.0000   0.0000   0.0000   -0.360
   333  52.8315   0.0000   4.2311   7.5620   0.6408   0.0000  -0.0000   0.0000   0.0000   0.0000   0.0000   0.0000   0.0000   -0.270
   334  52.9174   0.0000   4.3184   7.5111   0.6735   0.0000  -0.0000   0.0000   0.0000  -0.0000   0.0000   0.0000   0.0000   -0.234
   335  53.0081   0.0000   4.4105   7.4574   0.7046   0.0000   0.0000   0.0000   0.0000  -0.0000   0.0000   0.0000   0.0000   -0.314
   336  53.1035   0.0000   4.5073   7.4009   0.7339   0.0000  -0.0000   0.0000   0.0000  -0.0000   0.0000   0.0000   0.0000   -0.349
   337  53.2034   0.0000   4.6088   7.3417   0.7615   0.0000   0.0000   0.0000   0.0000   0.0000   0.0000   0.0000   0.0000   -0.525
   338  53.3078   0.0000   4.7147   7.2799   0.7871   0.0000  -0.0000   0.0000   0.0000  -0.0000   0.0000   0.0000   0.0000   -0.574
   339  53.4164   0.0000   4.8250   7.2156   0.8109   0.0000  -0.0000   0.0000   0.0000  -0.0000   0.0000   0.0000   0.0000   -0.563
   340  53.5291   0.0000   4.9394   7.1488   0.8327   0.0000  -0.0000   0.0000   0.0000   0.0000   0.0000   0.0000   0.0000   -0.406
   341  53.6458   0.0000   5.0579   7.0797   0.8526   0.0000  -0.0000   0.0000   0.0000  -0.0000   0.0000   0.0000   0.0000   -0.260
   342  53.7663   0.0000   5.1802   7.0084   0.8704   0.0000   0.0000   0.0000   0.0000  -0.0000   0.0000   0.0000   0.0000   -0.268
   343  53.8904   0.0000   5.3063   6.9348   0.8862   0.0000   0.0000   0.0000   0.0000  -0.0000   0.0000   0.0000   0.0000   -0.259
   344  54.0180   0.0000   5.4358   6.8593   0.9000   0.0000  -0.0000   0.0000   0.0000  -0.0000   0.0000   0.0000   0.0000   -0.284
   345  54.1488   0.0000   5.5686   6.7818   0.9118   0.0000   0.0000   0.0000   0.0000  -0.0000   0.0000   0.0000  -0.0000   -0.175
   346  54.2828   0.0000   5.7046   6.7025   0.9215   0.0000  -0.0000   0.0000   0.0000  -0.0000   0.0000   0.0000  -0.0000   -0.179
   347  54.4196   0.0000   5.8436   6.6214   0.9292   0.0000  -0.0000   0.0000   0.0000  -0.0000   0.0000   0.0000  -0.0000   -0.070
   348  54.5592   0.0000   5.9853   6.5388   0.9349   0.0000   0.0000   0.0000   0.0000  -0.0000   0.0000   0.0000  -0.0000    0.007
   349  54.7012   0.0000   6.1295   6.4546   0.9386   0.0000  -0.0000   0.0000   0.0000  -0.0000   0.0000   0.0000  -0.0000   -0.062
   350  54.8456   0.0000   6.2760   6.3691   0.9404   0.0000   0.0000   0.0000   0.0000  -0.0000   0.0000   0.0000  -0.0000    0.064
   351  54.9920   0.0000   6.4247   6.2824   0.9403   0.0000  -0.0000   0.0000   0.0000  -0.0000   0.0000   0.0000  -0.0000   -0.119
   352  55.1403   0.0000   6.5753   6.1946   0.9384   0.0000   0.0000   0.0000   0.0000  -0.0000   0.0000   0.0000  -0.0000    0.097
   353  55.2903   0.0000   6.7276   6.1057   0.9346   0.0000   0.0000   0.0000   0.0000  -0.0000   0.0000   0.0000  -0.0000    0.053
   354  55.4418   0.0000   6.8814   6.0160   0.9291   0.0000  -0.0000   0.0000   0.0000   0.0000   0.0000   0.0000  -0.0000    0.067
   355  55.5945   0.0000   7.0365   5.9256   0.9219   0.0000  -0.0000   0.0000   0.0000   0.0000   0.0000   0.0000  -0.0000    0.125
   356  55.7482   0.0000   7.1925   5.8345   0.9131   0.0000  -0.0000   0.0000   0.0000  -0.0000   0.0000   0.0000  -0.0000    0.148
   357  55.9027   0.0000   7.3494   5.7430   0.9027   0.0000   0.0000   0.0000   0.0000  -0.0000   0.0000   0.0000  -0.0000    0.080
   358  56.0578   0.0000   7.5068   5.6512   0.8909   0.0000  -0.0000   0.0000   0.0000  -0.0000   0.0000   0.0000  -0.0000    0.018
   359  56.2132   0.0000   7.6646   5.5591   0.8777   0.0000   0.0000   0.0000   0.0000   0.0000   0.0000   0.0000  -0.0000    0.049
   360  56.3688   0.0000   7.8226   5.4670   0.8632   0.0000  -0.0000   0.0000   0.0000   0.0000   0.0000   0.0000  -0.0000    0.041
   361  56.5242   0.0000   7.9804   5.3750   0.8474   0.0000  -0.0000   0.0000   0.0000  -0.0000   0.0000   0.0000  -0.0000    0.108
   362  56.6793   0.0000   8.1378   5.2831   0.8306   0.0000   0.0000   0.0000   0.0000  -0.0000   0.0000   0.0000  -0.0000    0.130
   363  56.8338   0.0000   8.2947   5.1916   0.8126   0.0000   0.0000   0.0000   0.0000  -0.0000   0.0000   0.0000  -0.0000    0.122
   364  56.9876   0.0000   8.4508   5.1005   0.7937   0.0000  -0.0000   0.0000   0.0000  -0.0000   0.0000   0.0000  -0.0000    0.067
   365  57.1403   0.0000   8.6059   5.0101   0.7739   0.0000   0.0000   0.0000   0.0000  -0.0000   0.0000   0.0000  -0.0000    0.201
   366  57.2918   0.0000   8.7597   4.9203   0.7533   0.0000  -0.0000   0.0000   0.0000   0.0000   0.0000   0.0000  -0.0000    0.171
   367  57.4418   0.0000   8.9120   4.8315   0.7320   0.0000   0.0000   0.0000   0.0000   0.0000   0.0000   0.0000  -0.0000    0.164
   368  57.5902   0.0000   9.0627   4.7436   0.7101   0.0000  -0.0000   0.0000   0.0000  -0.0000   0.0000   0.0000  -0.0000    0.113
   369  57.7366   0.0000   9.2114   4.6569   0.6876   0.0000   0.0000   0.0000   0.0000  -0.0000   0.0000   0.0000  -0.0000    0.152
   370  57.8810   0.0000   9.3579   4.5714   0.6647   0.0000  -0.0000   0.0000   0.0000  -0.0000   0.0000   0.0000  -0.0000    0.090
   371  58.0230   0.0000   9.5021   4.4873   0.6414   0.0000  -0.0000   0.0000   0.0000  -0.0000   0.0000   0.0000  -0.0000    0.100
   372  58.1625   0.0000   9.6438   4.4046   0.6178   0.0000   0.0000   0.0000   0.0000   0.0000   0.0000   0.0000  -0.0000    0.194
   373  58.2993   0.0000   9.7826   4.3236   0.5940   0.0000   0.0000   0.0000   0.0000  -0.0000   0.0000  -0.0000  -0.0000    0.273
   374  58.4331   0.0000   9.9185   4.2444   0.5701   0.0000   0.0000   0.0000   0.0000  -0.0000   0.0000  -0.0000  -0.0000    0.260
   375  58.5638   0.0000  10.0512   4.1670   0.5460   0.0000  -0.0000   0.0000   0.0000  -0.0000   0.0000   0.0000  -0.0000    0.201
   376  58.6912   0.0000  10.1805   4.0915   0.5219   0.0000   0.0000   0.0000   0.0000   0.0000   0.0000  -0.0000  -0.0000    0.338
   377  58.8150   0.0000  10.3063   4.0182   0.4978   0.0000   0.0000   0.0000   0.0000  -0.0000   0.0000  -0.0000  -0.0000    0.328
   378  58.9352   0.0000  10.4283   3.9470   0.4738   0.0000  -0.0000   0.0000   0.0000   0.0000   0.0000  -0.0000  -0.0000    0.305
   379  59.0515   0.0000  10.5463   3.8782   0.4500   0.0000   0.0000   0.0000   0.0000  -0.0000   0.0000  -0.0000  -0.0000    0.256
   380  59.1637   0.0000  10.6603   3.8117   0.4263   0.0000  -0.0000   0.0000   0.0000   0.0000   0.0000   0.0000  -0.0000    0.152
   381  59.2717   0.0000  10.7699   3.7477   0.4028   0.0000  -0.0000   0.0000   0.0000   0.0000   0.0000   0.0000  -0.0000    0.128
   382  59.3754   0.0000  10.8752   3.6863   0.3796   0.0000   0.0000   0.0000   0.0000   0.0000   0.0000   0.0000  -0.0000    0.158
   383  59.4745   0.0000  10.9758   3.6276   0.3566   0.0000   0.0000   0.0000   0.0000   0.0000   0.0000   0.0000  -0.0000    0.145
   384  59.5690   0.0000  11.0717   3.5717   0.3339   0.0000   0.0000   0.0000   0.0000  -0.0000   0.0000   0.0000  -0.0000    0.152
   385  59.6586   0.0000  11.1628   3.5186   0.3115   0.0000   0.0000   0.0000   0.0000   0.0000   0.0000   0.0000  -0.0000    0.177
   386  59.7433   0.0000  11.2488   3.4684   0.2894   0.0000  -0.0000   0.0000   0.0000  -0.0000   0.0000   0.0000  -0.0000    0.227
   387  59.8230   0.0000  11.3296   3.4212   0.2677   0.0000  -0.0000   0.0000   0.0000  -0.0000   0.0000   0.0000  -0.0000    0.154
   388  59.8974   0.0000  11.4052   3.3771   0.2463   0.0000  -0.0000   0.0000   0.0000   0.0000   0.0000   0.0000  -0.0000    0.138
   389  59.9666   0.0000  11.4754   3.3362   0.2252   0.0000   0.0000   0.0000   0.0000  -0.0000   0.0000   0.0000  -0.0000    0.227
   390  60.0304   0.0000  11.5402   3.2984   0.2044   0.0000   0.0000   0.0000   0.0000  -0.0000   0.0000   0.0000  -0.0000    0.159
   391  60.0886   0.0000  11.5993   3.2639   0.1839   0.0000  -0.0000   0.0000   0.0000   0.0000   0.0000   0.0000  -0.0000    0.040
   392  60.1413   0.0000  11.6528   3.2327   0.1637   0.0000  -0.0000   0.0000   0.0000  -0.0000   0.0000   0.0000  -0.0000   -0.068
   393  60.1884   0.0000  11.7006   3.2048   0.1438   0.0000  -0.0000   0.0000   0.0000   0.0000   0.0000   0.0000  -0.0000   -0.045
   394  60.2297   0.0000  11.7425   3.1804   0.1241   0.0000   0.0000   0.0000   0.0000  -0.0000   0.0000   0.0000  -0.0000    0.135
   395  60.2652   0.0000  11.7786   3.1593   0.1046   0.0000   0.0000   0.0000   0.0000  -0.0000   0.0000   0.0000  -0.0000    0.062
   396  60.2949   0.0000  11.8087   3.1417   0.0853   0.0000   0.0000   0.0000   0.0000   0.0000   0.0000   0.0000  -0.0000    0.103
   397  60.3187   0.0000  11.8329   3.1276   0.0662   0.0000  -0.0000   0.0000   0.0000  -0.0000   0.0000   0.0000  -0.0000   -0.012
   398  60.3365   0.0000  11.8511   3.1170   0.0472   0.0000   0.0000   0.0000   0.0000  -0.0000   0.0000   0.0000  -0.0000    0.087
   399  60.3485   0.0000  11.8632   3.1100   0.0283   0.0000   0.0000   0.0000   0.0000  -0.0000   0.0000   0.0000  -0.0000    0.132
   400  60.3545   0.0000  11.8692   3.1064   0.0094   0.0000   0.0000   0.0000   0.0000  -0.0000   0.0000   0.0000  -0.0000    0.201

  Surface # 6     fuselage_horizontal                     
     # Chordwise = 10   # Spanwise = 10     First strip =401
     Surface area Ssurf =  305.582940     Ave. chord Cave =   52.236400

 Forces referred to Sref, Cref, Bref about Xref, Yref, Zref
 Standard axis orientation,  X fwd, Z down         
     CLsurf  =   0.00977     Clsurf  =   0.00000
     CYsurf  =   0.00000     Cmsurf  =   0.05575
     CDsurf  =  -0.00036     Cnsurf  =  -0.00000
     CDisurf =  -0.00036     CDvsurf =   0.00000

 Forces referred to Ssurf, Cave 
     CLsurf  =   0.01568     CDsurf  =  -0.00058

 Strip Forces referred to Strip Area, Chord
    j     Xle      Yle      Zle      Chord    Area     c_cl     ai     cl_norm    cl       cd       cdv    cm_c/4     cm_LE   C.P.x/c
   401   7.4693  -2.6325   0.0000  39.8265  23.2985   0.4932   0.2503   0.0978   0.0134  -0.0045   0.0000   0.0090   0.0008   -0.423
   402   4.3582  -2.0475   0.0000  47.8148  27.9717   0.7682   0.2381   0.0316   0.0163   0.0002   0.0000   0.0095   0.0014   -0.331
   403   2.4947  -1.4625   0.0000  53.5537  31.3289   0.9165   0.2340   0.0213   0.0172   0.0008   0.0000   0.0097   0.0019   -0.313
   404   1.1502  -0.8775   0.0000  58.2257  34.0620   0.9161   0.1855   0.0161   0.0159   0.0006   0.0000   0.0107   0.0031   -0.423
   405   0.2954  -0.2925   0.0000  61.7612  36.1303   0.9129   0.1701   0.0159   0.0152  -0.0009   0.0000   0.0108   0.0050   -0.463
   406   0.2954   0.2925   0.0000  61.7612  36.1303   0.9129   0.1701   0.0159   0.0152  -0.0009   0.0000   0.0108   0.0050   -0.463
   407   1.1502   0.8775   0.0000  58.2257  34.0620   0.9161   0.1855   0.0161   0.0159   0.0006   0.0000   0.0107   0.0031   -0.423
   408   2.4947   1.4625   0.0000  53.5538  31.3289   0.9165   0.2340   0.0213   0.0172   0.0008   0.0000   0.0097   0.0019   -0.313
   409   4.3582   2.0475   0.0000  47.8148  27.9717   0.7682   0.2381   0.0316   0.0163   0.0002   0.0000   0.0095   0.0014   -0.331
   410   7.4692   2.6325   0.0000  39.8266  23.2985   0.4932   0.2503   0.0978   0.0134  -0.0045   0.0000   0.0090   0.0008   -0.423

  Surface # 7     fuselage_vertical                       
     # Chordwise = 10   # Spanwise = 10     First strip =411
     Surface area Ssurf =  302.292047     Ave. chord Cave =   52.236400

 Forces referred to Sref, Cref, Bref about Xref, Yref, Zref
 Standard axis orientation,  X fwd, Z down         
     CLsurf  =  -0.00000     Clsurf  =   0.00000
     CYsurf  =  -0.00000     Cmsurf  =   0.00000
     CDsurf  =  -0.00000     Cnsurf  =   0.00000
     CDisurf =  -0.00000     CDvsurf =   0.00000

 Forces referred to Ssurf, Cave 
     CLsurf  =   0.00000     CDsurf  =  -0.00000

 Strip Forces referred to Strip Area, Chord
    j     Xle      Yle      Zle      Chord    Area     c_cl     ai     cl_norm    cl       cd       cdv    cm_c/4     cm_LE   C.P.x/c
   411   7.4693   0.0000  -2.6041  39.8265  23.0476   0.0000   0.0000   0.0000   0.0000  -0.0000   0.0000  -0.0000  -0.0000    1.516
   412   4.3582   0.0000  -2.0255  47.8148  27.6705   0.0000  -0.0000   0.0000   0.0000   0.0000   0.0000   0.0000   0.0000    0.214
   413   2.4947   0.0000  -1.4467  53.5537  30.9916   0.0000   0.0000   0.0000   0.0000   0.0000   0.0000   0.0000   0.0000  999.000
   414   1.1502   0.0000  -0.8680  58.2257  33.6952   0.0000   0.0000   0.0000   0.0000   0.0000   0.0000   0.0000   0.0000   -0.320
   415   0.2954   0.0000  -0.2894  61.7612  35.7412   0.0000  -0.0000   0.0000   0.0000  -0.0000   0.0000   0.0000  -0.0000    0.187
   416   0.2954   0.0000   0.2894  61.7612  35.7412   0.0000  -0.0000   0.0000   0.0000  -0.0000   0.0000  -0.0000  -0.0000    0.788
   417   1.1502   0.0000   0.8680  58.2257  33.6952   0.0000   0.0000   0.0000   0.0000  -0.0000   0.0000  -0.0000  -0.0000    0.815
   418   2.4947   0.0000   1.4467  53.5537  30.9916   0.0000  -0.0000   0.0000   0.0000   0.0000   0.0000  -0.0000  -0.0000    0.802
   419   4.3582   0.0000   2.0255  47.8148  27.6705   0.0000   0.0000   0.0000   0.0000  -0.0000   0.0000  -0.0000  -0.0000    0.804
   420   7.4693   0.0000   2.6041  39.8265  23.0476   0.0000  -0.0000   0.0000   0.0000  -0.0000   0.0000  -0.0000  -0.0000    0.817
 ---------------------------------------------------------------
