 ---------------------------------------------------------------
 Surface and Strip Forces by surface

  Sref =  490.60       Cref =  8.4083       Bref =  70.000    
  Xref =  29.948       Yref =  0.0000       Zref =-0.24644    

  Surface # 1     main_wing                               
     # Chordwise = 10   # Spanwise = 80     First strip =  1
     Surface area Ssurf =  250.220919     Ave. chord Cave =    7.118898

 Forces referred to Sref, Cref, Bref about Xref, Yref, Zref
 Standard axis orientation,  X fwd, Z down         
     CLsurf  =   0.48748     Clsurf  =  -0.09444
     CYsurf  =  -0.01867     Cmsurf  =  -0.11220
     CDsurf  =   0.01695     Cnsurf  =  -0.01779
     CDisurf =   0.01695     CDvsurf =   0.00000

 Forces referred to Ssurf, Cave 
     CLsurf  =   0.95547     CDsurf  =   0.03324

 Strip Forces referred to Strip Area, Chord
    j     Xle      Yle      Zle      Chord    Area     c_cl     ai     cl_norm    cl       cd       cdv    cm_c/4     cm_LE   C.P.x/c
     1  22.4080   0.0036  -0.9570  12.4590   0.1808  10.1384   0.1317   0.8123   0.8123   0.0794   0.0000  -0.0448  -0.2482    0.305
     2  22.4080   0.0327  -0.9570  12.4590   0.5422  10.1385   0.1318   0.8123   0.8123   0.0792   0.0000  -0.0448  -0.2482    0.305
     3  22.4080   0.0907  -0.9570  12.4590   0.9028  10.1388   0.1318   0.8124   0.8124   0.0789   0.0000  -0.0448  -0.2482    0.305
     4  22.4080   0.1775  -0.9570  12.4590   1.2619  10.1399   0.1318   0.8126   0.8126   0.0786   0.0000  -0.0449  -0.2484    0.305
     5  22.4080   0.2932  -0.9570  12.4590   1.6191  10.1426   0.1318   0.8128   0.8128   0.0783   0.0000  -0.0451  -0.2486    0.305
     6  22.4080   0.4374  -0.9570  12.4590   1.9739  10.1478   0.1319   0.8133   0.8133   0.0782   0.0000  -0.0455  -0.2491    0.306
     7  22.4080   0.6100  -0.9570  12.4590   2.3255  10.1569   0.1320   0.8140   0.8140   0.0783   0.0000  -0.0462  -0.2500    0.307
     8  22.4080   0.8106  -0.9570  12.4590   2.6736  10.1717   0.1319   0.8151   0.8151   0.0787   0.0000  -0.0473  -0.2514    0.308
     9  22.4080   1.0391  -0.9570  12.4590   3.0176  10.1948   0.1315   0.8169   0.8169   0.0795   0.0000  -0.0489  -0.2535    0.310
    10  22.4080   1.2949  -0.9570  12.4590   3.3569  10.2296   0.1298   0.8195   0.8195   0.0809   0.0000  -0.0513  -0.2566    0.313
    11  22.4080   1.5778  -0.9570  12.4590   3.6910  10.2821   0.1256   0.8233   0.8233   0.0832   0.0000  -0.0548  -0.2611    0.317
    12  22.4080   1.8873  -0.9570  12.4590   4.0195  10.3627   0.1172   0.8292   0.8292   0.0869   0.0000  -0.0597  -0.2676    0.322
    13  22.4080   2.2230  -0.9570  12.4590   4.3417  10.4952   0.1034   0.8388   0.8388   0.0938   0.0000  -0.0669  -0.2775    0.330
    14  22.4080   2.5842  -0.9570  12.4590   4.6573  10.7958   0.0830   0.8582   0.8582   0.1228   0.0000  -0.0785  -0.2951    0.341
    15  22.4974   2.9170  -0.9395  12.3826   3.6189  11.3719   0.4820   1.1292   0.8985   0.1922   0.0000  -0.1002  -0.2866    0.362
    16  22.6846   3.2159  -0.9028  12.2227   3.7885  11.3770   0.4661   1.1514   0.9162   0.1637   0.0000  -0.1057  -0.2941    0.365
    17  22.8826   3.5322  -0.8639  12.0536   3.9437  11.3321   0.4560   1.1650   0.9270   0.1561   0.0000  -0.1049  -0.2954    0.363
    18  23.0912   3.8653  -0.8230  11.8754   4.0839  11.1039   0.4540   1.1611   0.9239   0.1443   0.0000  -0.0964  -0.2872    0.354
    19  23.3498   4.2783  -0.7723  11.6545   5.7066  10.3964   0.0452   1.1214   0.8924   0.0755   0.0000  -0.0685  -0.2543    0.327
    20  23.6607   4.7750  -0.7113  11.3888   5.8186  10.0365   0.0504   1.1093   0.8828   0.0679   0.0000  -0.0551  -0.2407    0.312
    21  23.9847   5.2923  -0.6478  11.1120   5.9047   9.7700   0.0550   1.1082   0.8818   0.0615   0.0000  -0.0460  -0.2326    0.302
    22  24.3210   5.8296  -0.5818  10.8247   5.9646   9.5475   0.0584   1.1130   0.8857   0.0558   0.0000  -0.0393  -0.2276    0.294
    23  24.6694   6.3859  -0.5135  10.5270   5.9985   9.3492   0.0602   1.1219   0.8927   0.0507   0.0000  -0.0341  -0.2247    0.288
    24  25.0291   6.9605  -0.4430  10.2197   6.0065   9.1644   0.0603   1.1339   0.9023   0.0461   0.0000  -0.0302  -0.2233    0.283
    25  25.3998   7.5524  -0.3703   9.9031   5.9889   8.9871   0.0584   1.1487   0.9140   0.0417   0.0000  -0.0272  -0.2232    0.280
    26  25.7806   8.1608  -0.2956   9.5777   5.9462   8.8135   0.0544   1.1658   0.9277   0.0375   0.0000  -0.0249  -0.2241    0.277
    27  26.1712   8.7846  -0.2190   9.2440   5.8788   8.6412   0.0478   1.1853   0.9432   0.0335   0.0000  -0.0234  -0.2260    0.275
    28  26.5709   9.4230  -0.1406   8.9025   5.7875   8.4680   0.0379   1.2070   0.9605   0.0298   0.0000  -0.0226  -0.2290    0.274
    29  26.9647  10.0557  -0.0738   8.6530   5.3824   8.2884   0.0299   1.2756   0.9680   0.0264   0.0000  -0.0180  -0.2248    0.269
    30  27.3514  10.6811  -0.0191   8.4988   5.3831   8.1649   0.0300   1.2801   0.9715   0.0234   0.0000  -0.0159  -0.2237    0.266
    31  27.7448  11.3174   0.0366   8.3420   5.3704   8.0427   0.0296   1.2853   0.9754   0.0208   0.0000  -0.0143  -0.2231    0.265
    32  28.1443  11.9635   0.0931   8.1827   5.3448   7.9211   0.0297   1.2911   0.9798   0.0184   0.0000  -0.0131  -0.2230    0.263
    33  28.5492  12.6185   0.1504   8.0213   5.3066   7.7986   0.0303   1.2973   0.9845   0.0162   0.0000  -0.0123  -0.2232    0.262
    34  28.9591  13.2814   0.2084   7.8579   5.2564   7.6746   0.0312   1.3037   0.9893   0.0142   0.0000  -0.0117  -0.2236    0.262
    35  29.3731  13.9510   0.2670   7.6928   5.1948   7.5484   0.0321   1.3102   0.9943   0.0123   0.0000  -0.0113  -0.2243    0.261
    36  29.7907  14.6265   0.3261   7.5263   5.1222   7.4198   0.0330   1.3168   0.9993   0.0106   0.0000  -0.0110  -0.2251    0.261
    37  30.2113  15.3067   0.3856   7.3587   5.0393   7.2885   0.0337   1.3234   1.0042   0.0089   0.0000  -0.0109  -0.2260    0.261
    38  30.6342  15.9907   0.4454   7.1901   4.9468   7.1543   0.0343   1.3298   1.0091   0.0074   0.0000  -0.0108  -0.2269    0.261
    39  31.0587  16.6772   0.5055   7.0209   4.8453   7.0170   0.0347   1.3361   1.0139   0.0059   0.0000  -0.0109  -0.2279    0.261
    40  31.4842  17.3654   0.5657   6.8512   4.7356   6.8766   0.0349   1.3421   1.0185   0.0045   0.0000  -0.0110  -0.2290    0.261
    41  31.9100  18.0541   0.6259   6.6815   4.6182   6.7331   0.0348   1.3478   1.0228   0.0031   0.0000  -0.0112  -0.2301    0.261
    42  32.3355  18.7423   0.6861   6.5119   4.4941   6.5865   0.0346   1.3531   1.0268   0.0019   0.0000  -0.0116  -0.2312    0.261
    43  32.7600  19.4289   0.7462   6.3426   4.3638   6.4369   0.0341   1.3579   1.0305   0.0009   0.0000  -0.0123  -0.2325    0.262
    44  33.1829  20.1128   0.8060   6.1740   4.2281   6.2849   0.0334   1.3622   1.0337   0.0003   0.0000  -0.0134  -0.2341    0.263
    45  33.6034  20.7930   0.8655   6.0064   4.0877   6.1309   0.0325   1.3658   1.0365   0.0004   0.0000  -0.0153  -0.2363    0.265
    46  34.0211  21.4685   0.9246   5.8399   3.9435   5.9759   0.0315   1.3687   1.0387   0.0026   0.0000  -0.0186  -0.2397    0.268
    47  34.4351  22.1382   0.9832   5.6748   3.7961   5.8216   0.0305   1.3698   1.0395   0.0129   0.0000  -0.0250  -0.2457    0.274
    48  34.7955  22.7210   1.0342   5.5312   2.7734   5.6815   0.0298   1.3856   1.0515  -0.0474   0.0000  -0.0447  -0.2626    0.293
    49  35.1476  23.2905   1.0840   5.3908   3.4568   5.5434   0.0293   1.3822   1.0489  -0.0263   0.0000  -0.0508  -0.2679    0.298
    50  35.5398  23.9248   1.1395   5.2344   3.3083   5.3944   0.0290   1.3838   1.0501  -0.0200   0.0000  -0.0534  -0.2706    0.301
    51  35.9260  24.5495   1.1942   5.0805   3.1592   5.2458   0.0288   1.3859   1.0517  -0.0177   0.0000  -0.0546  -0.2721    0.302
    52  36.3056  25.1635   1.2479   4.9291   3.0101   5.0985   0.0289   1.3881   1.0534  -0.0169   0.0000  -0.0552  -0.2730    0.302
    53  36.6781  25.7659   1.3006   4.7806   2.8615   4.9525   0.0292   1.3902   1.0550  -0.0168   0.0000  -0.0555  -0.2736    0.303
    54  37.0428  26.3559   1.3522   4.6352   2.7141   4.8079   0.0297   1.3920   1.0563  -0.0169   0.0000  -0.0555  -0.2739    0.303
    55  37.3992  26.9323   1.4027   4.4931   2.5684   4.6646   0.0305   1.3933   1.0573  -0.0172   0.0000  -0.0554  -0.2739    0.302
    56  37.7468  27.4945   1.4518   4.3545   2.4247   4.5224   0.0315   1.3939   1.0578  -0.0177   0.0000  -0.0551  -0.2738    0.302
    57  38.0850  28.0415   1.4997   4.2197   2.2835   4.3812   0.0328   1.3936   1.0576  -0.0181   0.0000  -0.0547  -0.2734    0.302
    58  38.4133  28.5725   1.5461   4.0888   2.1452   4.2406   0.0344   1.3922   1.0565  -0.0185   0.0000  -0.0542  -0.2727    0.301
    59  38.7312  29.0866   1.5911   3.9621   2.0101   4.1002   0.0364   1.3893   1.0543  -0.0190   0.0000  -0.0535  -0.2716    0.301
    60  39.0382  29.5831   1.6346   3.8397   1.8786   3.9597   0.0388   1.3845   1.0507  -0.0193   0.0000  -0.0526  -0.2701    0.300
    61  39.3338  30.0612   1.6764   3.7219   1.7508   3.8184   0.0416   1.3775   1.0453  -0.0196   0.0000  -0.0516  -0.2681    0.299
    62  39.6175  30.5202   1.7165   3.6087   1.6269   3.6755   0.0448   1.3676   1.0378  -0.0199   0.0000  -0.0503  -0.2654    0.298
    63  39.8890  30.9593   1.7550   3.5005   1.5072   3.5300   0.0485   1.3541   1.0276  -0.0200   0.0000  -0.0487  -0.2618    0.297
    64  40.1478  31.3779   1.7916   3.3973   1.3917   3.3809   0.0523   1.3364   1.0141  -0.0199   0.0000  -0.0469  -0.2574    0.296
    65  40.3935  31.7753   1.8263   3.2994   1.2804   3.2269   0.0562   1.3134   0.9967  -0.0196   0.0000  -0.0448  -0.2519    0.295
    66  40.6258  32.1509   1.8592   3.2068   1.1734   3.0668   0.0598   1.2842   0.9745  -0.0189   0.0000  -0.0428  -0.2454    0.294
    67  40.8442  32.5042   1.8901   3.1197   1.0707   2.8995   0.0627   1.2478   0.9469  -0.0175   0.0000  -0.0412  -0.2382    0.293
    68  41.0485  32.8346   1.9190   3.0383   0.9721   2.7244   0.0644   1.2034   0.9132  -0.0147   0.0000  -0.0407  -0.2306    0.295
    69  41.2438  33.1504   1.9467   2.9604   0.9286   2.5381   0.0643   1.1496   0.8724  -0.0098   0.0000  -0.0427  -0.2237    0.299
    70  41.4291  33.4502   1.9729   2.8866   0.8314   2.3398   0.0598   1.0856   0.8238  -0.0039   0.0000  -0.0495  -0.2192    0.310
    71  41.8199  33.7262   1.9971   2.6622   0.7082   2.1252   0.0538   3.5107   0.8108   0.0012   0.0000  -0.0339  -0.1035    0.292
    72  42.3833  33.9779   2.0191   2.3104   0.5525   1.9346   0.0652   3.7243   0.8601  -0.0521   0.0000  -0.0218  -0.1031    0.275
    73  42.8863  34.2026   2.0388   1.9964   0.4230   1.7428   0.0781   3.9089   0.9027  -0.0874   0.0000  -0.0121  -0.1033    0.263
    74  43.3282  34.4000   2.0560   1.7205   0.3171   1.5461   0.0945   4.0476   0.9348  -0.1203   0.0000  -0.0008  -0.1017    0.251
    75  43.7082  34.5698   2.0709   1.4833   0.2320   1.3402   0.1129   4.0958   0.9459  -0.1543   0.0000   0.0154  -0.0959    0.234
    76  44.0258  34.7116   2.0833   1.2850   0.1649   1.1214   0.1296   3.9877   0.9209  -0.1898   0.0000   0.0375  -0.0837    0.209
    77  44.2804  34.8254   2.0932   1.1261   0.1126   0.8886   0.1423   3.6470   0.8422  -0.2235   0.0000   0.0613  -0.0649    0.177
    78  44.4718  34.9108   2.1007   1.0066   0.0720   0.6437   0.1506   3.0064   0.6943  -0.2460   0.0000   0.0756  -0.0423    0.141
    79  44.5995  34.9679   2.1057   0.9269   0.0398   0.3899   0.1556   2.0357   0.4701  -0.2359   0.0000   0.0661  -0.0214    0.109
    80  44.6634  34.9964   2.1082   0.8870   0.0127   0.1306   0.1583   0.7667   0.1771  -0.1514   0.0000   0.0267  -0.0061    0.099

  Surface # 2     main_wing (YDUP)                        
     # Chordwise = 10   # Spanwise = 80     First strip = 81
     Surface area Ssurf =  250.220919     Ave. chord Cave =    7.118898

 Forces referred to Sref, Cref, Bref about Xref, Yref, Zref
 Standard axis orientation,  X fwd, Z down         
     CLsurf  =   0.48748     Clsurf  =   0.09444
     CYsurf  =   0.01867     Cmsurf  =  -0.11220
     CDsurf  =   0.01695     Cnsurf  =   0.01779
     CDisurf =   0.01695     CDvsurf =   0.00000

 Forces referred to Ssurf, Cave 
     CLsurf  =   0.95547     CDsurf  =   0.03324

 Strip Forces referred to Strip Area, Chord
    j     Xle      Yle      Zle      Chord    Area     c_cl     ai     cl_norm    cl       cd       cdv    cm_c/4     cm_LE   C.P.x/c
    81  22.4080  -0.0036  -0.9570  12.4590   0.1808  10.1384   0.1317   0.8123   0.8123   0.0794   0.0000  -0.0448   0.2482    0.305
    82  22.4080  -0.0327  -0.9570  12.4590   0.5422  10.1385   0.1318   0.8123   0.8123   0.0792   0.0000  -0.0448   0.2482    0.305
    83  22.4080  -0.0907  -0.9570  12.4590   0.9028  10.1388   0.1318   0.8124   0.8124   0.0789   0.0000  -0.0448   0.2482    0.305
    84  22.4080  -0.1775  -0.9570  12.4590   1.2619  10.1399   0.1318   0.8126   0.8126   0.0786   0.0000  -0.0449   0.2484    0.305
    85  22.4080  -0.2932  -0.9570  12.4590   1.6191  10.1426   0.1318   0.8128   0.8128   0.0783   0.0000  -0.0451   0.2486    0.305
    86  22.4080  -0.4374  -0.9570  12.4590   1.9739  10.1478   0.1319   0.8133   0.8133   0.0782   0.0000  -0.0455   0.2491    0.306
    87  22.4080  -0.6100  -0.9570  12.4590   2.3255  10.1569   0.1320   0.8140   0.8140   0.0783   0.0000  -0.0462   0.2500    0.307
    88  22.4080  -0.8106  -0.9570  12.4590   2.6736  10.1717   0.1319   0.8151   0.8151   0.0787   0.0000  -0.0473   0.2514    0.308
    89  22.4080  -1.0391  -0.9570  12.4590   3.0176  10.1948   0.1315   0.8169   0.8169   0.0795   0.0000  -0.0489   0.2535    0.310
    90  22.4080  -1.2949  -0.9570  12.4590   3.3569  10.2296   0.1298   0.8195   0.8195   0.0809   0.0000  -0.0513   0.2566    0.313
    91  22.4080  -1.5778  -0.9570  12.4590   3.6910  10.2821   0.1256   0.8233   0.8233   0.0832   0.0000  -0.0548   0.2611    0.317
    92  22.4080  -1.8873  -0.9570  12.4590   4.0195  10.3627   0.1172   0.8292   0.8292   0.0869   0.0000  -0.0597   0.2676    0.322
    93  22.4080  -2.2230  -0.9570  12.4590   4.3417  10.4952   0.1034   0.8388   0.8388   0.0938   0.0000  -0.0669   0.2775    0.330
    94  22.4080  -2.5842  -0.9570  12.4590   4.6573  10.7958   0.0830   0.8582   0.8582   0.1228   0.0000  -0.0785   0.2951    0.341
    95  22.4974  -2.9170  -0.9395  12.3826   3.6189  11.3719   0.4820   1.1292   0.8985   0.1922   0.0000  -0.1002   0.2866    0.362
    96  22.6846  -3.2159  -0.9028  12.2227   3.7885  11.3770   0.4661   1.1514   0.9162   0.1637   0.0000  -0.1057   0.2941    0.365
    97  22.8826  -3.5322  -0.8639  12.0536   3.9437  11.3321   0.4560   1.1650   0.9270   0.1561   0.0000  -0.1049   0.2954    0.363
    98  23.0912  -3.8653  -0.8230  11.8754   4.0839  11.1039   0.4540   1.1611   0.9239   0.1443   0.0000  -0.0964   0.2872    0.354
    99  23.3498  -4.2783  -0.7723  11.6545   5.7066  10.3964   0.0452   1.1214   0.8924   0.0755   0.0000  -0.0685   0.2543    0.327
   100  23.6607  -4.7750  -0.7113  11.3888   5.8186  10.0365   0.0504   1.1093   0.8828   0.0679   0.0000  -0.0551   0.2407    0.312
   101  23.9847  -5.2923  -0.6478  11.1120   5.9047   9.7700   0.0550   1.1082   0.8818   0.0615   0.0000  -0.0460   0.2326    0.302
   102  24.3210  -5.8296  -0.5818  10.8247   5.9646   9.5475   0.0584   1.1130   0.8857   0.0558   0.0000  -0.0393   0.2276    0.294
   103  24.6694  -6.3859  -0.5135  10.5270   5.9985   9.3492   0.0602   1.1219   0.8927   0.0507   0.0000  -0.0341   0.2247    0.288
   104  25.0291  -6.9605  -0.4430  10.2197   6.0065   9.1644   0.0603   1.1339   0.9023   0.0461   0.0000  -0.0302   0.2233    0.283
   105  25.3998  -7.5524  -0.3703   9.9031   5.9889   8.9871   0.0584   1.1487   0.9140   0.0417   0.0000  -0.0272   0.2232    0.280
   106  25.7806  -8.1608  -0.2956   9.5777   5.9462   8.8135   0.0544   1.1658   0.9277   0.0375   0.0000  -0.0249   0.2241    0.277
   107  26.1712  -8.7846  -0.2190   9.2440   5.8788   8.6412   0.0478   1.1853   0.9432   0.0335   0.0000  -0.0234   0.2260    0.275
   108  26.5709  -9.4230  -0.1406   8.9025   5.7875   8.4680   0.0379   1.2070   0.9605   0.0298   0.0000  -0.0226   0.2290    0.274
   109  26.9647 -10.0557  -0.0738   8.6530   5.3824   8.2884   0.0299   1.2756   0.9680   0.0264   0.0000  -0.0180   0.2248    0.269
   110  27.3514 -10.6811  -0.0191   8.4988   5.3831   8.1649   0.0300   1.2801   0.9715   0.0234   0.0000  -0.0159   0.2237    0.266
   111  27.7448 -11.3174   0.0366   8.3420   5.3704   8.0427   0.0296   1.2853   0.9754   0.0208   0.0000  -0.0143   0.2231    0.265
   112  28.1443 -11.9635   0.0931   8.1827   5.3448   7.9211   0.0297   1.2911   0.9798   0.0184   0.0000  -0.0131   0.2230    0.263
   113  28.5492 -12.6185   0.1504   8.0213   5.3066   7.7986   0.0303   1.2973   0.9845   0.0162   0.0000  -0.0123   0.2232    0.262
   114  28.9591 -13.2814   0.2084   7.8579   5.2564   7.6746   0.0312   1.3037   0.9893   0.0142   0.0000  -0.0117   0.2236    0.262
   115  29.3731 -13.9510   0.2670   7.6928   5.1948   7.5484   0.0321   1.3102   0.9943   0.0123   0.0000  -0.0113   0.2243    0.261
   116  29.7907 -14.6265   0.3261   7.5263   5.1222   7.4198   0.0330   1.3168   0.9993   0.0106   0.0000  -0.0110   0.2251    0.261
   117  30.2113 -15.3067   0.3856   7.3587   5.0393   7.2885   0.0337   1.3234   1.0042   0.0089   0.0000  -0.0109   0.2260    0.261
   118  30.6342 -15.9907   0.4454   7.1901   4.9468   7.1543   0.0343   1.3298   1.0091   0.0074   0.0000  -0.0108   0.2269    0.261
   119  31.0587 -16.6772   0.5055   7.0209   4.8453   7.0170   0.0347   1.3361   1.0139   0.0059   0.0000  -0.0109   0.2279    0.261
   120  31.4842 -17.3654   0.5657   6.8512   4.7356   6.8766   0.0349   1.3421   1.0185   0.0045   0.0000  -0.0110   0.2290    0.261
   121  31.9100 -18.0541   0.6259   6.6815   4.6182   6.7331   0.0348   1.3478   1.0228   0.0031   0.0000  -0.0112   0.2301    0.261
   122  32.3355 -18.7423   0.6861   6.5119   4.4941   6.5865   0.0346   1.3531   1.0268   0.0019   0.0000  -0.0116   0.2312    0.261
   123  32.7600 -19.4289   0.7462   6.3426   4.3638   6.4369   0.0341   1.3579   1.0305   0.0009   0.0000  -0.0123   0.2325    0.262
   124  33.1829 -20.1128   0.8060   6.1740   4.2281   6.2849   0.0334   1.3622   1.0337   0.0003   0.0000  -0.0134   0.2341    0.263
   125  33.6034 -20.7930   0.8655   6.0064   4.0877   6.1309   0.0325   1.3658   1.0365   0.0004   0.0000  -0.0153   0.2363    0.265
   126  34.0211 -21.4685   0.9246   5.8399   3.9435   5.9759   0.0315   1.3687   1.0387   0.0026   0.0000  -0.0186   0.2397    0.268
   127  34.4351 -22.1382   0.9832   5.6748   3.7961   5.8216   0.0305   1.3698   1.0395   0.0129   0.0000  -0.0250   0.2457    0.274
   128  34.7955 -22.7210   1.0342   5.5312   2.7734   5.6815   0.0298   1.3856   1.0515  -0.0474   0.0000  -0.0447   0.2626    0.293
   129  35.1476 -23.2905   1.0840   5.3908   3.4568   5.5434   0.0293   1.3822   1.0489  -0.0263   0.0000  -0.0508   0.2679    0.298
   130  35.5398 -23.9248   1.1395   5.2344   3.3083   5.3944   0.0290   1.3838   1.0501  -0.0200   0.0000  -0.0534   0.2706    0.301
   131  35.9260 -24.5495   1.1942   5.0805   3.1592   5.2458   0.0288   1.3859   1.0517  -0.0177   0.0000  -0.0546   0.2721    0.302
   132  36.3056 -25.1635   1.2479   4.9291   3.0101   5.0985   0.0289   1.3881   1.0534  -0.0169   0.0000  -0.0552   0.2730    0.302
   133  36.6781 -25.7659   1.3006   4.7806   2.8615   4.9525   0.0292   1.3902   1.0550  -0.0168   0.0000  -0.0555   0.2736    0.303
   134  37.0428 -26.3559   1.3522   4.6352   2.7141   4.8079   0.0297   1.3920   1.0563  -0.0169   0.0000  -0.0555   0.2739    0.303
   135  37.3992 -26.9323   1.4027   4.4931   2.5684   4.6646   0.0305   1.3933   1.0573  -0.0172   0.0000  -0.0554   0.2739    0.302
   136  37.7468 -27.4945   1.4518   4.3545   2.4247   4.5224   0.0315   1.3939   1.0578  -0.0177   0.0000  -0.0551   0.2738    0.302
   137  38.0850 -28.0415   1.4997   4.2197   2.2835   4.3812   0.0328   1.3936   1.0576  -0.0181   0.0000  -0.0547   0.2734    0.302
   138  38.4133 -28.5725   1.5461   4.0888   2.1452   4.2406   0.0344   1.3922   1.0565  -0.0185   0.0000  -0.0542   0.2727    0.301
   139  38.7312 -29.0866   1.5911   3.9621   2.0101   4.1002   0.0364   1.3893   1.0543  -0.0190   0.0000  -0.0535   0.2716    0.301
   140  39.0382 -29.5831   1.6346   3.8397   1.8786   3.9597   0.0388   1.3845   1.0507  -0.0193   0.0000  -0.0526   0.2701    0.300
   141  39.3338 -30.0612   1.6764   3.7219   1.7508   3.8184   0.0416   1.3775   1.0453  -0.0196   0.0000  -0.0516   0.2681    0.299
   142  39.6175 -30.5202   1.7165   3.6087   1.6269   3.6755   0.0448   1.3676   1.0378  -0.0199   0.0000  -0.0503   0.2654    0.298
   143  39.8890 -30.9593   1.7550   3.5005   1.5072   3.5300   0.0485   1.3541   1.0276  -0.0200   0.0000  -0.0487   0.2618    0.297
   144  40.1478 -31.3779   1.7916   3.3973   1.3917   3.3809   0.0523   1.3364   1.0141  -0.0199   0.0000  -0.0469   0.2574    0.296
   145  40.3935 -31.7753   1.8263   3.2994   1.2804   3.2269   0.0562   1.3134   0.9967  -0.0196   0.0000  -0.0448   0.2519    0.295
   146  40.6258 -32.1509   1.8592   3.2068   1.1734   3.0668   0.0598   1.2842   0.9745  -0.0189   0.0000  -0.0428   0.2454    0.294
   147  40.8442 -32.5042   1.8901   3.1197   1.0707   2.8995   0.0627   1.2478   0.9469  -0.0175   0.0000  -0.0412   0.2382    0.293
   148  41.0485 -32.8346   1.9190   3.0383   0.9721   2.7244   0.0644   1.2034   0.9132  -0.0147   0.0000  -0.0407   0.2306    0.295
   149  41.2438 -33.1504   1.9467   2.9604   0.9286   2.5381   0.0643   1.1496   0.8724  -0.0098   0.0000  -0.0427   0.2237    0.299
   150  41.4291 -33.4502   1.9729   2.8866   0.8314   2.3398   0.0598   1.0856   0.8238  -0.0039   0.0000  -0.0495   0.2192    0.310
   151  41.8199 -33.7262   1.9971   2.6622   0.7082   2.1252   0.0538   3.5107   0.8108   0.0012   0.0000  -0.0339   0.1035    0.292
   152  42.3833 -33.9779   2.0191   2.3104   0.5525   1.9346   0.0652   3.7243   0.8601  -0.0521   0.0000  -0.0218   0.1031    0.275
   153  42.8863 -34.2026   2.0388   1.9964   0.4230   1.7428   0.0781   3.9089   0.9027  -0.0874   0.0000  -0.0121   0.1033    0.263
   154  43.3282 -34.4000   2.0560   1.7205   0.3171   1.5461   0.0945   4.0476   0.9348  -0.1203   0.0000  -0.0008   0.1017    0.251
   155  43.7082 -34.5698   2.0709   1.4833   0.2320   1.3402   0.1129   4.0958   0.9459  -0.1543   0.0000   0.0154   0.0959    0.234
   156  44.0258 -34.7116   2.0833   1.2850   0.1649   1.1214   0.1296   3.9877   0.9209  -0.1898   0.0000   0.0375   0.0837    0.209
   157  44.2804 -34.8254   2.0932   1.1261   0.1126   0.8886   0.1423   3.6470   0.8422  -0.2235   0.0000   0.0613   0.0649    0.177
   158  44.4718 -34.9108   2.1007   1.0066   0.0720   0.6437   0.1506   3.0064   0.6943  -0.2460   0.0000   0.0756   0.0423    0.141
   159  44.5995 -34.9679   2.1057   0.9269   0.0398   0.3899   0.1556   2.0357   0.4701  -0.2359   0.0000   0.0661   0.0214    0.109
   160  44.6634 -34.9964   2.1082   0.8870   0.0127   0.1306   0.1583   0.7667   0.1771  -0.1514   0.0000   0.0267   0.0061    0.099

  Surface # 3     horizontal_stabilizer                   
     # Chordwise = 10   # Spanwise = 80     First strip =161
     Surface area Ssurf =   33.045257     Ave. chord Cave =    3.385457

 Forces referred to Sref, Cref, Bref about Xref, Yref, Zref
 Standard axis orientation,  X fwd, Z down         
     CLsurf  =   0.02411     Clsurf  =  -0.00159
     CYsurf  =  -0.00239     Cmsurf  =  -0.08422
     CDsurf  =   0.00256     Cnsurf  =   0.00081
     CDisurf =   0.00256     CDvsurf =   0.00000

 Forces referred to Ssurf, Cave 
     CLsurf  =   0.35962     CDsurf  =   0.03806

 Strip Forces referred to Strip Area, Chord
    j     Xle      Yle      Zle      Chord    Area     c_cl     ai     cl_norm    cl       cd       cdv    cm_c/4     cm_LE   C.P.x/c
   161  55.3376   0.0009   2.0821   4.5668   0.0172   2.7989   0.1489   0.5411   0.4007   1.2507   0.0000  -0.0192  -0.1475    0.298
   162  55.3424   0.0084   2.0829   4.5649   0.0516   1.5543   0.1495   0.4269   0.3162   0.1670   0.0000  -0.0183  -0.0894    0.308
   163  55.3520   0.0234   2.0846   4.5613   0.0858   1.4557   0.1505   0.4180   0.3096   0.0818   0.0000  -0.0181  -0.0847    0.309
   164  55.3664   0.0458   2.0871   4.5558   0.1198   1.4291   0.1516   0.4159   0.3080   0.0596   0.0000  -0.0179  -0.0834    0.308
   165  55.3856   0.0757   2.0904   4.5486   0.1535   1.4186   0.1526   0.4154   0.3076   0.0514   0.0000  -0.0176  -0.0827    0.307
   166  55.4095   0.1129   2.0945   4.5395   0.1868   1.4138   0.1536   0.4156   0.3078   0.0477   0.0000  -0.0170  -0.0822    0.305
   167  55.4381   0.1574   2.0994   4.5286   0.2195   1.4115   0.1544   0.4164   0.3084   0.0459   0.0000  -0.0164  -0.0817    0.303
   168  55.4714   0.2092   2.1051   4.5160   0.2516   1.4105   0.1553   0.4176   0.3092   0.0448   0.0000  -0.0155  -0.0812    0.300
   169  55.5092   0.2682   2.1116   4.5017   0.2831   1.4102   0.1560   0.4190   0.3103   0.0441   0.0000  -0.0146  -0.0806    0.297
   170  55.5516   0.3342   2.1189   4.4856   0.3138   1.4104   0.1567   0.4208   0.3116   0.0435   0.0000  -0.0137  -0.0801    0.294
   171  55.5985   0.4072   2.1270   4.4678   0.3437   1.4108   0.1572   0.4227   0.3130   0.0430   0.0000  -0.0127  -0.0795    0.291
   172  55.6498   0.4871   2.1358   4.4483   0.3727   1.4114   0.1577   0.4249   0.3147   0.0425   0.0000  -0.0117  -0.0790    0.287
   173  55.7054   0.5738   2.1453   4.4272   0.4006   1.4120   0.1581   0.4273   0.3164   0.0420   0.0000  -0.0107  -0.0786    0.284
   174  55.7653   0.6670   2.1556   4.4045   0.4275   1.4126   0.1584   0.4298   0.3183   0.0416   0.0000  -0.0097  -0.0781    0.280
   175  55.8293   0.7667   2.1666   4.3802   0.4533   1.4132   0.1586   0.4325   0.3203   0.0412   0.0000  -0.0087  -0.0778    0.277
   176  55.8974   0.8727   2.1783   4.3544   0.4779   1.4136   0.1586   0.4354   0.3224   0.0409   0.0000  -0.0078  -0.0774    0.274
   177  55.9694   0.9848   2.1907   4.3271   0.5013   1.4139   0.1585   0.4384   0.3246   0.0405   0.0000  -0.0070  -0.0772    0.271
   178  56.0453   1.1030   2.2037   4.2983   0.5234   1.4140   0.1583   0.4415   0.3269   0.0403   0.0000  -0.0061  -0.0770    0.269
   179  56.1250   1.2271   2.2174   4.2681   0.5461   1.4138   0.1578   0.4446   0.3293   0.0400   0.0000  -0.0054  -0.0768    0.266
   180  56.2084   1.3570   2.2318   4.2364   0.5656   1.4133   0.1572   0.4479   0.3317   0.0398   0.0000  -0.0047  -0.0768    0.264
   181  56.2954   1.4924   2.2467   4.2035   0.5837   1.4125   0.1563   0.4513   0.3342   0.0396   0.0000  -0.0040  -0.0768    0.262
   182  56.3856   1.6330   2.2623   4.1692   0.6003   1.4114   0.1553   0.4548   0.3368   0.0394   0.0000  -0.0034  -0.0768    0.260
   183  56.4791   1.7786   2.2783   4.1338   0.6155   1.4098   0.1540   0.4583   0.3394   0.0393   0.0000  -0.0029  -0.0769    0.259
   184  56.5757   1.9290   2.2949   4.0971   0.6292   1.4079   0.1525   0.4618   0.3420   0.0391   0.0000  -0.0024  -0.0771    0.257
   185  56.6751   2.0839   2.3120   4.0594   0.6415   1.4056   0.1507   0.4655   0.3447   0.0390   0.0000  -0.0019  -0.0773    0.256
   186  56.7773   2.2430   2.3296   4.0206   0.6523   1.4029   0.1487   0.4691   0.3474   0.0390   0.0000  -0.0015  -0.0775    0.254
   187  56.8822   2.4063   2.3476   3.9809   0.6615   1.3998   0.1466   0.4728   0.3502   0.0389   0.0000  -0.0012  -0.0778    0.253
   188  56.9894   2.5733   2.3661   3.9402   0.6693   1.3963   0.1443   0.4766   0.3530   0.0388   0.0000  -0.0008  -0.0781    0.252
   189  57.0990   2.7439   2.3849   3.8986   0.6757   1.3924   0.1418   0.4804   0.3558   0.0388   0.0000  -0.0005  -0.0785    0.252
   190  57.2106   2.9178   2.4041   3.8563   0.6805   1.3881   0.1393   0.4843   0.3587   0.0388   0.0000  -0.0003  -0.0789    0.251
   191  57.3242   3.0947   2.4236   3.8132   0.6840   1.3836   0.1368   0.4882   0.3616   0.0388   0.0000  -0.0000  -0.0793    0.250
   192  57.4395   3.2743   2.4435   3.7695   0.6860   1.3786   0.1343   0.4922   0.3645   0.0388   0.0000   0.0002  -0.0797    0.249
   193  57.5564   3.4564   2.4636   3.7251   0.6866   1.3734   0.1318   0.4963   0.3675   0.0388   0.0000   0.0004  -0.0802    0.249
   194  57.6748   3.6407   2.4839   3.6802   0.6859   1.3678   0.1293   0.5004   0.3705   0.0388   0.0000   0.0007  -0.0807    0.248
   195  57.7943   3.8268   2.5045   3.6349   0.6839   1.3619   0.1270   0.5045   0.3736   0.0388   0.0000   0.0009  -0.0811    0.248
   196  57.9149   4.0146   2.5252   3.5892   0.6806   1.3557   0.1248   0.5087   0.3767   0.0388   0.0000   0.0011  -0.0816    0.247
   197  58.0363   4.2037   2.5461   3.5431   0.6760   1.3491   0.1226   0.5128   0.3798   0.0388   0.0000   0.0013  -0.0821    0.247
   198  58.1584   4.3938   2.5671   3.4968   0.6703   1.3422   0.1207   0.5170   0.3829   0.0388   0.0000   0.0015  -0.0826    0.246
   199  58.2809   4.5847   2.5881   3.4503   0.6635   1.3348   0.1189   0.5212   0.3860   0.0388   0.0000   0.0017  -0.0831    0.246
   200  58.4038   4.7760   2.6093   3.4037   0.6555   1.3270   0.1172   0.5253   0.3890   0.0388   0.0000   0.0020  -0.0835    0.245
   201  58.5267   4.9675   2.6304   3.3571   0.6465   1.3187   0.1157   0.5294   0.3920   0.0387   0.0000   0.0022  -0.0840    0.244
   202  58.6496   5.1588   2.6515   3.3105   0.6366   1.3099   0.1144   0.5333   0.3949   0.0387   0.0000   0.0025  -0.0844    0.244
   203  58.7721   5.3497   2.6726   3.2640   0.6257   1.3005   0.1132   0.5371   0.3978   0.0386   0.0000   0.0028  -0.0847    0.243
   204  58.8942   5.5398   2.6936   3.2177   0.6140   1.2904   0.1122   0.5407   0.4004   0.0385   0.0000   0.0031  -0.0851    0.242
   205  59.0156   5.7289   2.7145   3.1716   0.6014   1.2796   0.1114   0.5440   0.4029   0.0384   0.0000   0.0034  -0.0853    0.242
   206  59.1362   5.9167   2.7352   3.1259   0.5881   1.2681   0.1108   0.5471   0.4052   0.0382   0.0000   0.0037  -0.0855    0.241
   207  59.2558   6.1028   2.7557   3.0806   0.5742   1.2558   0.1103   0.5499   0.4072   0.0381   0.0000   0.0041  -0.0856    0.240
   208  59.3741   6.2871   2.7761   3.0357   0.5596   1.2425   0.1101   0.5522   0.4089   0.0379   0.0000   0.0046  -0.0856    0.239
   209  59.4910   6.4692   2.7962   2.9913   0.5444   1.2284   0.1100   0.5541   0.4103   0.0376   0.0000   0.0050  -0.0855    0.238
   210  59.6063   6.6488   2.8160   2.9476   0.5287   1.2132   0.1100   0.5554   0.4113   0.0374   0.0000   0.0055  -0.0853    0.237
   211  59.7199   6.8257   2.8355   2.9045   0.5126   1.1969   0.1103   0.5562   0.4119   0.0370   0.0000   0.0061  -0.0850    0.235
   212  59.8316   6.9996   2.8547   2.8621   0.4960   1.1794   0.1107   0.5563   0.4120   0.0367   0.0000   0.0067  -0.0845    0.234
   213  59.9411   7.1702   2.8736   2.8206   0.4792   1.1607   0.1113   0.5556   0.4115   0.0363   0.0000   0.0074  -0.0838    0.232
   214  60.0484   7.3372   2.8920   2.7799   0.4620   1.1407   0.1121   0.5541   0.4103   0.0358   0.0000   0.0081  -0.0829    0.230
   215  60.1532   7.5005   2.9100   2.7402   0.4445   1.1192   0.1130   0.5516   0.4085   0.0353   0.0000   0.0089  -0.0818    0.228
   216  60.2554   7.6597   2.9276   2.7014   0.4269   1.0963   0.1140   0.5482   0.4060   0.0347   0.0000   0.0099  -0.0804    0.226
   217  60.3549   7.8145   2.9447   2.6637   0.4091   1.0716   0.1152   0.5435   0.4025   0.0340   0.0000   0.0108  -0.0789    0.223
   218  60.4514   7.9649   2.9613   2.6270   0.3912   1.0453   0.1166   0.5376   0.3982   0.0332   0.0000   0.0119  -0.0770    0.220
   219  60.5449   8.1105   2.9774   2.5916   0.3732   1.0171   0.1180   0.5304   0.3928   0.0324   0.0000   0.0131  -0.0749    0.217
   220  60.6352   8.2511   2.9929   2.5573   0.3551   0.9869   0.1195   0.5217   0.3863   0.0314   0.0000   0.0143  -0.0724    0.213
   221  60.7221   8.3865   3.0079   2.5244   0.3370   0.9548   0.1210   0.5114   0.3787   0.0304   0.0000   0.0156  -0.0697    0.209
   222  60.8055   8.5164   3.0222   2.4927   0.3189   0.9205   0.1226   0.4994   0.3698   0.0292   0.0000   0.0169  -0.0666    0.204
   223  60.8854   8.6408   3.0359   2.4624   0.3009   0.8841   0.1242   0.4856   0.3596   0.0279   0.0000   0.0182  -0.0633    0.199
   224  60.9615   8.7593   3.0490   2.4336   0.2829   0.8454   0.1258   0.4700   0.3481   0.0265   0.0000   0.0195  -0.0597    0.194
   225  61.0337   8.8718   3.0614   2.4061   0.2650   0.8046   0.1273   0.4526   0.3352   0.0250   0.0000   0.0207  -0.0558    0.188
   226  61.1002   8.9753   3.0729   2.3809   0.2336   0.7625   0.1287   0.4336   0.3211   0.0233   0.0000   0.0218  -0.0518    0.182
   227  61.1609   9.0698   3.0833   2.3579   0.2169   0.7193   0.1301   0.4131   0.3059   0.0216   0.0000   0.0226  -0.0478    0.176
   228  61.2176   9.1582   3.0931   2.3364   0.2004   0.6743   0.1313   0.3910   0.2896   0.0198   0.0000   0.0233  -0.0437    0.170
   229  61.2703   9.2403   3.1021   2.3164   0.1839   0.6276   0.1325   0.3672   0.2720   0.0180   0.0000   0.0236  -0.0395    0.163
   230  61.3189   9.3160   3.1105   2.2980   0.1676   0.5792   0.1335   0.3418   0.2531   0.0160   0.0000   0.0237  -0.0353    0.156
   231  61.3634   9.3852   3.1181   2.2811   0.1513   0.5292   0.1345   0.3148   0.2331   0.0140   0.0000   0.0233  -0.0312    0.150
   232  61.4036   9.4478   3.1250   2.2659   0.1351   0.4777   0.1354   0.2862   0.2120   0.0120   0.0000   0.0226  -0.0272    0.143
   233  61.4395   9.5037   3.1312   2.2523   0.1190   0.4249   0.1362   0.2563   0.1898   0.0099   0.0000   0.0214  -0.0234    0.137
   234  61.4710   9.5528   3.1366   2.2403   0.1029   0.3708   0.1369   0.2251   0.1667   0.0078   0.0000   0.0198  -0.0197    0.131
   235  61.4981   9.5950   3.1413   2.2301   0.0870   0.3156   0.1375   0.1927   0.1427   0.0058   0.0000   0.0177  -0.0161    0.126
   236  61.5207   9.6303   3.1452   2.2215   0.0711   0.2596   0.1380   0.1593   0.1180   0.0038   0.0000   0.0152  -0.0128    0.121
   237  61.5389   9.6586   3.1483   2.2146   0.0552   0.2027   0.1384   0.1251   0.0927   0.0016   0.0000   0.0123  -0.0097    0.117
   238  61.5526   9.6798   3.1507   2.2094   0.0394   0.1452   0.1387   0.0903   0.0669  -0.0008   0.0000   0.0090  -0.0068    0.115
   239  61.5617   9.6940   3.1522   2.2059   0.0236   0.0873   0.1389   0.0550   0.0408  -0.0032   0.0000   0.0055  -0.0040    0.114
   240  61.5662   9.7011   3.1530   2.2042   0.0079   0.0291   0.1390   0.0191   0.0141  -0.0040   0.0000   0.0019  -0.0013    0.118

  Surface # 4     horizontal_stabilizer (YDUP)            
     # Chordwise = 10   # Spanwise = 80     First strip =241
     Surface area Ssurf =   33.045257     Ave. chord Cave =    3.385457

 Forces referred to Sref, Cref, Bref about Xref, Yref, Zref
 Standard axis orientation,  X fwd, Z down         
     CLsurf  =   0.02411     Clsurf  =   0.00159
     CYsurf  =   0.00239     Cmsurf  =  -0.08422
     CDsurf  =   0.00256     Cnsurf  =  -0.00081
     CDisurf =   0.00256     CDvsurf =   0.00000

 Forces referred to Ssurf, Cave 
     CLsurf  =   0.35962     CDsurf  =   0.03806

 Strip Forces referred to Strip Area, Chord
    j     Xle      Yle      Zle      Chord    Area     c_cl     ai     cl_norm    cl       cd       cdv    cm_c/4     cm_LE   C.P.x/c
   241  55.3376  -0.0009   2.0821   4.5668   0.0172   2.7989   0.1489   0.5411   0.4007   1.2507   0.0000  -0.0192   0.1475    0.298
   242  55.3424  -0.0084   2.0829   4.5649   0.0516   1.5543   0.1495   0.4269   0.3162   0.1670   0.0000  -0.0183   0.0894    0.308
   243  55.3520  -0.0234   2.0846   4.5613   0.0858   1.4557   0.1505   0.4180   0.3096   0.0818   0.0000  -0.0181   0.0847    0.309
   244  55.3664  -0.0458   2.0871   4.5558   0.1198   1.4291   0.1516   0.4159   0.3080   0.0596   0.0000  -0.0179   0.0834    0.308
   245  55.3856  -0.0757   2.0904   4.5486   0.1535   1.4186   0.1526   0.4154   0.3076   0.0514   0.0000  -0.0176   0.0827    0.307
   246  55.4095  -0.1129   2.0945   4.5395   0.1868   1.4138   0.1536   0.4156   0.3078   0.0477   0.0000  -0.0170   0.0822    0.305
   247  55.4381  -0.1574   2.0994   4.5286   0.2195   1.4115   0.1544   0.4164   0.3084   0.0459   0.0000  -0.0164   0.0817    0.303
   248  55.4714  -0.2092   2.1051   4.5160   0.2516   1.4105   0.1553   0.4176   0.3092   0.0448   0.0000  -0.0155   0.0812    0.300
   249  55.5092  -0.2682   2.1116   4.5017   0.2831   1.4102   0.1560   0.4190   0.3103   0.0441   0.0000  -0.0146   0.0806    0.297
   250  55.5516  -0.3342   2.1189   4.4856   0.3138   1.4104   0.1567   0.4208   0.3116   0.0435   0.0000  -0.0137   0.0801    0.294
   251  55.5985  -0.4072   2.1270   4.4678   0.3437   1.4108   0.1572   0.4227   0.3130   0.0430   0.0000  -0.0127   0.0795    0.291
   252  55.6498  -0.4871   2.1358   4.4483   0.3727   1.4114   0.1577   0.4249   0.3147   0.0425   0.0000  -0.0117   0.0790    0.287
   253  55.7054  -0.5738   2.1453   4.4272   0.4006   1.4120   0.1581   0.4273   0.3164   0.0420   0.0000  -0.0107   0.0786    0.284
   254  55.7653  -0.6670   2.1556   4.4045   0.4275   1.4126   0.1584   0.4298   0.3183   0.0416   0.0000  -0.0097   0.0781    0.280
   255  55.8293  -0.7667   2.1666   4.3802   0.4533   1.4132   0.1586   0.4325   0.3203   0.0412   0.0000  -0.0087   0.0778    0.277
   256  55.8974  -0.8727   2.1783   4.3544   0.4779   1.4136   0.1586   0.4354   0.3224   0.0409   0.0000  -0.0078   0.0774    0.274
   257  55.9694  -0.9848   2.1907   4.3271   0.5013   1.4139   0.1585   0.4384   0.3246   0.0405   0.0000  -0.0070   0.0772    0.271
   258  56.0453  -1.1030   2.2037   4.2983   0.5234   1.4140   0.1583   0.4415   0.3269   0.0403   0.0000  -0.0061   0.0770    0.269
   259  56.1250  -1.2271   2.2174   4.2681   0.5461   1.4138   0.1578   0.4446   0.3293   0.0400   0.0000  -0.0054   0.0768    0.266
   260  56.2084  -1.3570   2.2318   4.2364   0.5656   1.4133   0.1572   0.4479   0.3317   0.0398   0.0000  -0.0047   0.0768    0.264
   261  56.2954  -1.4924   2.2467   4.2035   0.5837   1.4125   0.1563   0.4513   0.3342   0.0396   0.0000  -0.0040   0.0768    0.262
   262  56.3856  -1.6330   2.2623   4.1692   0.6003   1.4114   0.1553   0.4548   0.3368   0.0394   0.0000  -0.0034   0.0768    0.260
   263  56.4791  -1.7786   2.2783   4.1338   0.6155   1.4098   0.1540   0.4583   0.3394   0.0393   0.0000  -0.0029   0.0769    0.259
   264  56.5757  -1.9290   2.2949   4.0971   0.6292   1.4079   0.1525   0.4618   0.3420   0.0391   0.0000  -0.0024   0.0771    0.257
   265  56.6751  -2.0839   2.3120   4.0594   0.6415   1.4056   0.1507   0.4655   0.3447   0.0390   0.0000  -0.0019   0.0773    0.256
   266  56.7773  -2.2430   2.3296   4.0206   0.6523   1.4029   0.1487   0.4691   0.3474   0.0390   0.0000  -0.0015   0.0775    0.254
   267  56.8822  -2.4063   2.3476   3.9809   0.6615   1.3998   0.1466   0.4728   0.3502   0.0389   0.0000  -0.0012   0.0778    0.253
   268  56.9894  -2.5733   2.3661   3.9402   0.6693   1.3963   0.1443   0.4766   0.3530   0.0388   0.0000  -0.0008   0.0781    0.252
   269  57.0990  -2.7439   2.3849   3.8986   0.6757   1.3924   0.1418   0.4804   0.3558   0.0388   0.0000  -0.0005   0.0785    0.252
   270  57.2106  -2.9178   2.4041   3.8563   0.6805   1.3881   0.1393   0.4843   0.3587   0.0388   0.0000  -0.0003   0.0789    0.251
   271  57.3242  -3.0947   2.4236   3.8132   0.6840   1.3836   0.1368   0.4882   0.3616   0.0388   0.0000  -0.0000   0.0793    0.250
   272  57.4395  -3.2743   2.4435   3.7695   0.6860   1.3786   0.1343   0.4922   0.3645   0.0388   0.0000   0.0002   0.0797    0.249
   273  57.5564  -3.4564   2.4636   3.7251   0.6866   1.3734   0.1318   0.4963   0.3675   0.0388   0.0000   0.0004   0.0802    0.249
   274  57.6748  -3.6407   2.4839   3.6802   0.6859   1.3678   0.1293   0.5004   0.3705   0.0388   0.0000   0.0007   0.0807    0.248
   275  57.7943  -3.8268   2.5045   3.6349   0.6839   1.3619   0.1270   0.5045   0.3736   0.0388   0.0000   0.0009   0.0811    0.248
   276  57.9149  -4.0146   2.5252   3.5892   0.6806   1.3557   0.1248   0.5087   0.3767   0.0388   0.0000   0.0011   0.0816    0.247
   277  58.0363  -4.2037   2.5461   3.5431   0.6760   1.3491   0.1226   0.5128   0.3798   0.0388   0.0000   0.0013   0.0821    0.247
   278  58.1584  -4.3938   2.5671   3.4968   0.6703   1.3422   0.1207   0.5170   0.3829   0.0388   0.0000   0.0015   0.0826    0.246
   279  58.2809  -4.5847   2.5881   3.4503   0.6635   1.3348   0.1189   0.5212   0.3860   0.0388   0.0000   0.0017   0.0831    0.246
   280  58.4038  -4.7760   2.6093   3.4037   0.6555   1.3270   0.1172   0.5253   0.3890   0.0388   0.0000   0.0020   0.0835    0.245
   281  58.5267  -4.9675   2.6304   3.3571   0.6465   1.3187   0.1157   0.5294   0.3920   0.0387   0.0000   0.0022   0.0840    0.244
   282  58.6496  -5.1588   2.6515   3.3105   0.6366   1.3099   0.1144   0.5333   0.3949   0.0387   0.0000   0.0025   0.0844    0.244
   283  58.7721  -5.3497   2.6726   3.2640   0.6257   1.3005   0.1132   0.5371   0.3978   0.0386   0.0000   0.0028   0.0847    0.243
   284  58.8942  -5.5398   2.6936   3.2177   0.6140   1.2904   0.1122   0.5407   0.4004   0.0385   0.0000   0.0031   0.0851    0.242
   285  59.0156  -5.7289   2.7145   3.1716   0.6014   1.2796   0.1114   0.5440   0.4029   0.0384   0.0000   0.0034   0.0853    0.242
   286  59.1362  -5.9167   2.7352   3.1259   0.5881   1.2681   0.1108   0.5471   0.4052   0.0382   0.0000   0.0037   0.0855    0.241
   287  59.2558  -6.1028   2.7557   3.0806   0.5742   1.2558   0.1103   0.5499   0.4072   0.0381   0.0000   0.0041   0.0856    0.240
   288  59.3741  -6.2871   2.7761   3.0357   0.5596   1.2425   0.1101   0.5522   0.4089   0.0379   0.0000   0.0046   0.0856    0.239
   289  59.4910  -6.4692   2.7962   2.9913   0.5444   1.2284   0.1100   0.5541   0.4103   0.0376   0.0000   0.0050   0.0855    0.238
   290  59.6063  -6.6488   2.8160   2.9476   0.5287   1.2132   0.1100   0.5554   0.4113   0.0374   0.0000   0.0055   0.0853    0.237
   291  59.7199  -6.8257   2.8355   2.9045   0.5126   1.1969   0.1103   0.5562   0.4119   0.0370   0.0000   0.0061   0.0850    0.235
   292  59.8316  -6.9996   2.8547   2.8621   0.4960   1.1794   0.1107   0.5563   0.4120   0.0367   0.0000   0.0067   0.0845    0.234
   293  59.9411  -7.1702   2.8736   2.8206   0.4792   1.1607   0.1113   0.5556   0.4115   0.0363   0.0000   0.0074   0.0838    0.232
   294  60.0484  -7.3372   2.8920   2.7799   0.4620   1.1407   0.1121   0.5541   0.4103   0.0358   0.0000   0.0081   0.0829    0.230
   295  60.1532  -7.5005   2.9100   2.7402   0.4445   1.1192   0.1130   0.5516   0.4085   0.0353   0.0000   0.0089   0.0818    0.228
   296  60.2554  -7.6597   2.9276   2.7014   0.4269   1.0963   0.1140   0.5482   0.4060   0.0347   0.0000   0.0099   0.0804    0.226
   297  60.3549  -7.8145   2.9447   2.6637   0.4091   1.0716   0.1152   0.5435   0.4025   0.0340   0.0000   0.0108   0.0789    0.223
   298  60.4514  -7.9649   2.9613   2.6270   0.3912   1.0453   0.1166   0.5376   0.3982   0.0332   0.0000   0.0119   0.0770    0.220
   299  60.5449  -8.1105   2.9774   2.5916   0.3732   1.0171   0.1180   0.5304   0.3928   0.0324   0.0000   0.0131   0.0749    0.217
   300  60.6352  -8.2511   2.9929   2.5573   0.3551   0.9869   0.1195   0.5217   0.3863   0.0314   0.0000   0.0143   0.0724    0.213
   301  60.7221  -8.3865   3.0079   2.5244   0.3370   0.9548   0.1210   0.5114   0.3787   0.0304   0.0000   0.0156   0.0697    0.209
   302  60.8055  -8.5164   3.0222   2.4927   0.3189   0.9205   0.1226   0.4994   0.3698   0.0292   0.0000   0.0169   0.0666    0.204
   303  60.8854  -8.6408   3.0359   2.4624   0.3009   0.8841   0.1242   0.4856   0.3596   0.0279   0.0000   0.0182   0.0633    0.199
   304  60.9615  -8.7593   3.0490   2.4336   0.2829   0.8454   0.1258   0.4700   0.3481   0.0265   0.0000   0.0195   0.0597    0.194
   305  61.0337  -8.8718   3.0614   2.4061   0.2650   0.8046   0.1273   0.4526   0.3352   0.0250   0.0000   0.0207   0.0558    0.188
   306  61.1002  -8.9753   3.0729   2.3809   0.2336   0.7625   0.1287   0.4336   0.3211   0.0233   0.0000   0.0218   0.0518    0.182
   307  61.1609  -9.0698   3.0833   2.3579   0.2169   0.7193   0.1301   0.4131   0.3059   0.0216   0.0000   0.0226   0.0478    0.176
   308  61.2176  -9.1582   3.0931   2.3364   0.2004   0.6743   0.1313   0.3910   0.2896   0.0198   0.0000   0.0233   0.0437    0.170
   309  61.2703  -9.2403   3.1021   2.3164   0.1839   0.6276   0.1325   0.3672   0.2720   0.0180   0.0000   0.0236   0.0395    0.163
   310  61.3189  -9.3160   3.1105   2.2980   0.1676   0.5792   0.1335   0.3418   0.2531   0.0160   0.0000   0.0237   0.0353    0.156
   311  61.3634  -9.3852   3.1181   2.2811   0.1513   0.5292   0.1345   0.3148   0.2331   0.0140   0.0000   0.0233   0.0312    0.150
   312  61.4036  -9.4478   3.1250   2.2659   0.1351   0.4777   0.1354   0.2862   0.2120   0.0120   0.0000   0.0226   0.0272    0.143
   313  61.4395  -9.5037   3.1312   2.2523   0.1190   0.4249   0.1362   0.2563   0.1898   0.0099   0.0000   0.0214   0.0234    0.137
   314  61.4710  -9.5528   3.1366   2.2403   0.1029   0.3708   0.1369   0.2251   0.1667   0.0078   0.0000   0.0198   0.0197    0.131
   315  61.4981  -9.5950   3.1413   2.2301   0.0870   0.3156   0.1375   0.1927   0.1427   0.0058   0.0000   0.0177   0.0161    0.126
   316  61.5207  -9.6303   3.1452   2.2215   0.0711   0.2596   0.1380   0.1593   0.1180   0.0038   0.0000   0.0152   0.0128    0.121
   317  61.5389  -9.6586   3.1483   2.2146   0.0552   0.2027   0.1384   0.1251   0.0927   0.0016   0.0000   0.0123   0.0097    0.117
   318  61.5526  -9.6798   3.1507   2.2094   0.0394   0.1452   0.1387   0.0903   0.0669  -0.0008   0.0000   0.0090   0.0068    0.115
   319  61.5617  -9.6940   3.1522   2.2059   0.0236   0.0873   0.1389   0.0550   0.0408  -0.0032   0.0000   0.0055   0.0040    0.114
   320  61.5662  -9.7011   3.1530   2.2042   0.0079   0.0291   0.1390   0.0191   0.0141  -0.0040   0.0000   0.0019   0.0013    0.118

  Surface # 5     vertical_stabilizer                     
     # Chordwise = 10   # Spanwise = 80     First strip =321
     Surface area Ssurf =   45.713870     Ave. chord Cave =    5.520999

 Forces referred to Sref, Cref, Bref about Xref, Yref, Zref
 Standard axis orientation,  X fwd, Z down         
     CLsurf  =   0.00000     Clsurf  =  -0.00000
     CYsurf  =  -0.00000     Cmsurf  =  -0.00000
     CDsurf  =  -0.00000     Cnsurf  =   0.00000
     CDisurf =  -0.00000     CDvsurf =   0.00000

 Forces referred to Ssurf, Cave 
     CLsurf  =   0.00000     CDsurf  =  -0.00000

 Strip Forces referred to Strip Area, Chord
    j     Xle      Yle      Zle      Chord    Area     c_cl     ai     cl_norm    cl       cd       cdv    cm_c/4     cm_LE   C.P.x/c
   321  52.2087   0.0000   3.5988   7.9308   0.1517   0.0000  -0.0000   0.0000   0.0000   0.0000   0.0000   0.0000   0.0000   -0.265
   322  52.2304   0.0000   3.6208   7.9180   0.1969   0.0000   0.0000   0.0000   0.0000  -0.0000   0.0000   0.0000  -0.0000   -0.161
   323  52.2577   0.0000   3.6486   7.9018   0.2416   0.0000  -0.0000   0.0000   0.0000   0.0000   0.0000   0.0000   0.0000   -0.299
   324  52.2906   0.0000   3.6820   7.8823   0.2859   0.0000  -0.0000   0.0000   0.0000  -0.0000   0.0000   0.0000   0.0000   -0.356
   325  52.3291   0.0000   3.7211   7.8595   0.3294   0.0000   0.0000   0.0000   0.0000   0.0000   0.0000   0.0000   0.0000   -0.401
   326  52.3732   0.0000   3.7658   7.8334   0.3722   0.0000  -0.0000   0.0000   0.0000   0.0000   0.0000   0.0000   0.0000   -0.601
   327  52.4227   0.0000   3.8161   7.8041   0.4141   0.0000  -0.0000   0.0000   0.0000   0.0000   0.0000   0.0000   0.0000   -0.935
   328  52.4777   0.0000   3.8719   7.7715   0.4550   0.0000  -0.0000   0.0000   0.0000  -0.0000   0.0000   0.0000   0.0000   -0.828
   329  52.5380   0.0000   3.9332   7.7358   0.4948   0.0000  -0.0000   0.0000   0.0000  -0.0000   0.0000   0.0000   0.0000   -0.878
   330  52.6037   0.0000   3.9998   7.6969   0.5334   0.0000   0.0000   0.0000   0.0000  -0.0000   0.0000   0.0000   0.0000   -0.442
   331  52.6745   0.0000   4.0718   7.6550   0.5707   0.0000   0.0000   0.0000   0.0000  -0.0000   0.0000   0.0000   0.0000   -0.377
   332  52.7505   0.0000   4.1489   7.6100   0.6065   0.0000  -0.0000   0.0000   0.0000   0.0000   0.0000   0.0000   0.0000   -0.584
   333  52.8315   0.0000   4.2311   7.5620   0.6408   0.0000   0.0000   0.0000   0.0000   0.0000   0.0000   0.0000   0.0000   -0.472
   334  52.9174   0.0000   4.3184   7.5111   0.6735   0.0000   0.0000   0.0000   0.0000   0.0000   0.0000   0.0000   0.0000   -0.496
   335  53.0081   0.0000   4.4105   7.4574   0.7046   0.0000  -0.0000   0.0000   0.0000  -0.0000   0.0000   0.0000   0.0000   -0.195
   336  53.1035   0.0000   4.5073   7.4009   0.7339   0.0000   0.0000   0.0000   0.0000  -0.0000   0.0000   0.0000   0.0000   -0.327
   337  53.2034   0.0000   4.6088   7.3417   0.7615   0.0000   0.0000   0.0000   0.0000  -0.0000   0.0000   0.0000   0.0000   -0.393
   338  53.3078   0.0000   4.7147   7.2799   0.7871   0.0000  -0.0000   0.0000   0.0000  -0.0000   0.0000   0.0000   0.0000   -0.884
   339  53.4164   0.0000   4.8250   7.2156   0.8109   0.0000  -0.0000   0.0000   0.0000  -0.0000   0.0000   0.0000   0.0000   -0.764
   340  53.5291   0.0000   4.9394   7.1488   0.8327   0.0000   0.0000   0.0000   0.0000   0.0000   0.0000   0.0000   0.0000   -0.487
   341  53.6458   0.0000   5.0579   7.0797   0.8526   0.0000   0.0000   0.0000   0.0000  -0.0000   0.0000   0.0000   0.0000   -0.921
   342  53.7663   0.0000   5.1802   7.0084   0.8704   0.0000  -0.0000   0.0000   0.0000   0.0000   0.0000   0.0000   0.0000  999.000
   343  53.8904   0.0000   5.3063   6.9348   0.8862   0.0000   0.0000   0.0000   0.0000   0.0000   0.0000   0.0000   0.0000   -0.674
   344  54.0180   0.0000   5.4358   6.8593   0.9000   0.0000  -0.0000   0.0000   0.0000  -0.0000   0.0000   0.0000   0.0000   -0.741
   345  54.1488   0.0000   5.5686   6.7818   0.9118   0.0000  -0.0000   0.0000   0.0000  -0.0000   0.0000   0.0000   0.0000   -0.981
   346  54.2828   0.0000   5.7046   6.7025   0.9215   0.0000  -0.0000   0.0000   0.0000  -0.0000   0.0000   0.0000   0.0000   -0.911
   347  54.4196   0.0000   5.8436   6.6214   0.9292   0.0000   0.0000   0.0000   0.0000  -0.0000   0.0000   0.0000   0.0000   -0.801
   348  54.5592   0.0000   5.9853   6.5388   0.9349   0.0000  -0.0000   0.0000   0.0000  -0.0000   0.0000   0.0000   0.0000   -0.788
   349  54.7012   0.0000   6.1295   6.4546   0.9386   0.0000  -0.0000   0.0000   0.0000  -0.0000   0.0000   0.0000   0.0000   -0.314
   350  54.8456   0.0000   6.2760   6.3691   0.9404   0.0000   0.0000   0.0000   0.0000  -0.0000   0.0000   0.0000  -0.0000   -0.144
   351  54.9920   0.0000   6.4247   6.2824   0.9403   0.0000   0.0000   0.0000   0.0000  -0.0000   0.0000   0.0000   0.0000   -0.250
   352  55.1403   0.0000   6.5753   6.1946   0.9384   0.0000  -0.0000   0.0000   0.0000   0.0000   0.0000   0.0000   0.0000   -0.325
   353  55.2903   0.0000   6.7276   6.1057   0.9346   0.0000  -0.0000   0.0000   0.0000  -0.0000   0.0000   0.0000   0.0000   -0.272
   354  55.4418   0.0000   6.8814   6.0160   0.9291   0.0000  -0.0000   0.0000   0.0000  -0.0000   0.0000   0.0000   0.0000   -0.313
   355  55.5945   0.0000   7.0365   5.9256   0.9219   0.0000   0.0000   0.0000   0.0000  -0.0000   0.0000   0.0000   0.0000   -0.286
   356  55.7482   0.0000   7.1925   5.8345   0.9131   0.0000  -0.0000   0.0000   0.0000   0.0000   0.0000   0.0000   0.0000   -0.361
   357  55.9027   0.0000   7.3494   5.7430   0.9027   0.0000   0.0000   0.0000   0.0000  -0.0000   0.0000   0.0000   0.0000   -0.371
   358  56.0578   0.0000   7.5068   5.6512   0.8909   0.0000   0.0000   0.0000   0.0000   0.0000   0.0000   0.0000   0.0000   -0.197
   359  56.2132   0.0000   7.6646   5.5591   0.8777   0.0000   0.0000   0.0000   0.0000  -0.0000   0.0000   0.0000  -0.0000   -0.130
   360  56.3688   0.0000   7.8226   5.4670   0.8632   0.0000  -0.0000   0.0000   0.0000  -0.0000   0.0000   0.0000  -0.0000   -0.121
   361  56.5242   0.0000   7.9804   5.3750   0.8474   0.0000  -0.0000   0.0000   0.0000   0.0000   0.0000   0.0000   0.0000   -0.256
   362  56.6793   0.0000   8.1378   5.2831   0.8306   0.0000  -0.0000   0.0000   0.0000  -0.0000   0.0000   0.0000  -0.0000   -0.180
   363  56.8338   0.0000   8.2947   5.1916   0.8126   0.0000  -0.0000   0.0000   0.0000  -0.0000   0.0000   0.0000  -0.0000   -0.074
   364  56.9876   0.0000   8.4508   5.1005   0.7937   0.0000   0.0000   0.0000   0.0000  -0.0000   0.0000   0.0000  -0.0000    0.035
   365  57.1403   0.0000   8.6059   5.0101   0.7739   0.0000  -0.0000   0.0000   0.0000   0.0000   0.0000   0.0000  -0.0000   -0.017
   366  57.2918   0.0000   8.7597   4.9203   0.7533   0.0000   0.0000   0.0000   0.0000  -0.0000   0.0000   0.0000  -0.0000   -0.011
   367  57.4418   0.0000   8.9120   4.8315   0.7320   0.0000  -0.0000   0.0000   0.0000  -0.0000   0.0000   0.0000  -0.0000   -0.020
   368  57.5902   0.0000   9.0627   4.7436   0.7101   0.0000  -0.0000   0.0000   0.0000  -0.0000   0.0000   0.0000  -0.0000    0.042
   369  57.7366   0.0000   9.2114   4.6569   0.6876   0.0000   0.0000   0.0000   0.0000  -0.0000   0.0000   0.0000  -0.0000    0.121
   370  57.8810   0.0000   9.3579   4.5714   0.6647   0.0000  -0.0000   0.0000   0.0000  -0.0000   0.0000   0.0000  -0.0000    0.096
   371  58.0230   0.0000   9.5021   4.4873   0.6414   0.0000   0.0000   0.0000   0.0000  -0.0000   0.0000   0.0000  -0.0000    0.216
   372  58.1625   0.0000   9.6438   4.4046   0.6178   0.0000  -0.0000   0.0000   0.0000  -0.0000   0.0000   0.0000  -0.0000    0.147
   373  58.2993   0.0000   9.7826   4.3236   0.5940   0.0000   0.0000   0.0000   0.0000  -0.0000   0.0000   0.0000  -0.0000    0.163
   374  58.4331   0.0000   9.9185   4.2444   0.5701   0.0000  -0.0000   0.0000   0.0000  -0.0000   0.0000   0.0000  -0.0000    0.094
   375  58.5638   0.0000  10.0512   4.1670   0.5460   0.0000   0.0000   0.0000   0.0000  -0.0000   0.0000   0.0000  -0.0000    0.147
   376  58.6912   0.0000  10.1805   4.0915   0.5219   0.0000   0.0000   0.0000   0.0000   0.0000   0.0000   0.0000  -0.0000    0.167
   377  58.8150   0.0000  10.3063   4.0182   0.4978   0.0000  -0.0000   0.0000   0.0000  -0.0000   0.0000   0.0000  -0.0000    0.162
   378  58.9352   0.0000  10.4283   3.9470   0.4738   0.0000   0.0000   0.0000   0.0000  -0.0000   0.0000   0.0000  -0.0000    0.193
   379  59.0515   0.0000  10.5463   3.8782   0.4500   0.0000   0.0000   0.0000   0.0000  -0.0000   0.0000   0.0000  -0.0000    0.186
   380  59.1637   0.0000  10.6603   3.8117   0.4263   0.0000  -0.0000   0.0000   0.0000  -0.0000   0.0000   0.0000  -0.0000    0.150
   381  59.2717   0.0000  10.7699   3.7477   0.4028   0.0000   0.0000   0.0000   0.0000  -0.0000   0.0000   0.0000  -0.0000    0.228
   382  59.3754   0.0000  10.8752   3.6863   0.3796   0.0000   0.0000   0.0000   0.0000   0.0000   0.0000   0.0000  -0.0000    0.239
   383  59.4745   0.0000  10.9758   3.6276   0.3566   0.0000  -0.0000   0.0000   0.0000  -0.0000   0.0000   0.0000  -0.0000    0.178
   384  59.5690   0.0000  11.0717   3.5717   0.3339   0.0000  -0.0000   0.0000   0.0000  -0.0000   0.0000   0.0000  -0.0000    0.164
   385  59.6586   0.0000  11.1628   3.5186   0.3115   0.0000   0.0000   0.0000   0.0000  -0.0000   0.0000   0.0000  -0.0000    0.184
   386  59.7433   0.0000  11.2488   3.4684   0.2894   0.0000  -0.0000   0.0000   0.0000  -0.0000   0.0000   0.0000  -0.0000    0.123
   387  59.8230   0.0000  11.3296   3.4212   0.2677   0.0000   0.0000   0.0000   0.0000  -0.0000   0.0000   0.0000  -0.0000    0.077
   388  59.8974   0.0000  11.4052   3.3771   0.2463   0.0000  -0.0000   0.0000   0.0000  -0.0000   0.0000   0.0000  -0.0000   -0.005
   389  59.9666   0.0000  11.4754   3.3362   0.2252   0.0000  -0.0000   0.0000   0.0000   0.0000   0.0000   0.0000  -0.0000    0.002
   390  60.0304   0.0000  11.5402   3.2984   0.2044   0.0000   0.0000   0.0000   0.0000  -0.0000   0.0000   0.0000  -0.0000    0.055
   391  60.0886   0.0000  11.5993   3.2639   0.1839   0.0000   0.0000   0.0000   0.0000  -0.0000   0.0000   0.0000  -0.0000    0.051
   392  60.1413   0.0000  11.6528   3.2327   0.1637   0.0000  -0.0000   0.0000   0.0000  -0.0000   0.0000   0.0000  -0.0000    0.024
   393  60.1884   0.0000  11.7006   3.2048   0.1438   0.0000   0.0000   0.0000   0.0000  -0.0000   0.0000   0.0000  -0.0000    0.054
   394  60.2297   0.0000  11.7425   3.1804   0.1241   0.0000  -0.0000   0.0000   0.0000  -0.0000   0.0000   0.0000  -0.0000    0.061
   395  60.2652   0.0000  11.7786   3.1593   0.1046   0.0000   0.0000   0.0000   0.0000  -0.0000   0.0000   0.0000  -0.0000    0.152
   396  60.2949   0.0000  11.8087   3.1417   0.0853   0.0000   0.0000   0.0000   0.0000   0.0000   0.0000   0.0000  -0.0000    0.094
   397  60.3187   0.0000  11.8329   3.1276   0.0662   0.0000  -0.0000   0.0000   0.0000  -0.0000   0.0000   0.0000  -0.0000   -0.038
   398  60.3365   0.0000  11.8511   3.1170   0.0472   0.0000  -0.0000   0.0000   0.0000  -0.0000   0.0000   0.0000  -0.0000   -0.071
   399  60.3485   0.0000  11.8632   3.1100   0.0283   0.0000   0.0000   0.0000   0.0000  -0.0000   0.0000   0.0000  -0.0000   -0.043
   400  60.3545   0.0000  11.8692   3.1064   0.0094   0.0000  -0.0000   0.0000   0.0000  -0.0000   0.0000   0.0000  -0.0000   -0.024

  Surface # 6     fuselage_horizontal                     
     # Chordwise = 10   # Spanwise = 10     First strip =401
     Surface area Ssurf =  305.582940     Ave. chord Cave =   52.236400

 Forces referred to Sref, Cref, Bref about Xref, Yref, Zref
 Standard axis orientation,  X fwd, Z down         
     CLsurf  =   0.00983     Clsurf  =   0.00000
     CYsurf  =   0.00000     Cmsurf  =   0.05592
     CDsurf  =  -0.00036     Cnsurf  =  -0.00000
     CDisurf =  -0.00036     CDvsurf =   0.00000

 Forces referred to Ssurf, Cave 
     CLsurf  =   0.01577     CDsurf  =  -0.00058

 Strip Forces referred to Strip Area, Chord
    j     Xle      Yle      Zle      Chord    Area     c_cl     ai     cl_norm    cl       cd       cdv    cm_c/4     cm_LE   C.P.x/c
   401   7.4693  -2.6325   0.0000  39.8265  23.2985   0.4959   0.2494   0.0983   0.0134  -0.0045   0.0000   0.0090   0.0008   -0.422
   402   4.3582  -2.0475   0.0000  47.8148  27.9717   0.7720   0.2372   0.0318   0.0164   0.0001   0.0000   0.0095   0.0014   -0.329
   403   2.4947  -1.4625   0.0000  53.5537  31.3289   0.9212   0.2329   0.0214   0.0173   0.0008   0.0000   0.0097   0.0019   -0.312
   404   1.1502  -0.8775   0.0000  58.2257  34.0620   0.9225   0.1849   0.0163   0.0160   0.0006   0.0000   0.0107   0.0031   -0.419
   405   0.2954  -0.2925   0.0000  61.7612  36.1303   0.9196   0.1695   0.0160   0.0153  -0.0009   0.0000   0.0108   0.0050   -0.459
   406   0.2954   0.2925   0.0000  61.7612  36.1303   0.9196   0.1695   0.0160   0.0153  -0.0009   0.0000   0.0108   0.0050   -0.459
   407   1.1502   0.8775   0.0000  58.2257  34.0620   0.9225   0.1849   0.0163   0.0160   0.0006   0.0000   0.0107   0.0031   -0.419
   408   2.4947   1.4625   0.0000  53.5538  31.3289   0.9212   0.2329   0.0214   0.0173   0.0008   0.0000   0.0097   0.0019   -0.312
   409   4.3582   2.0475   0.0000  47.8148  27.9717   0.7720   0.2372   0.0318   0.0164   0.0001   0.0000   0.0095   0.0014   -0.329
   410   7.4692   2.6325   0.0000  39.8266  23.2985   0.4959   0.2494   0.0983   0.0134  -0.0045   0.0000   0.0090   0.0008   -0.422

  Surface # 7     fuselage_vertical                       
     # Chordwise = 10   # Spanwise = 10     First strip =411
     Surface area Ssurf =  302.292047     Ave. chord Cave =   52.236400

 Forces referred to Sref, Cref, Bref about Xref, Yref, Zref
 Standard axis orientation,  X fwd, Z down         
     CLsurf  =  -0.00000     Clsurf  =   0.00000
     CYsurf  =  -0.00000     Cmsurf  =   0.00000
     CDsurf  =  -0.00000     Cnsurf  =   0.00000
     CDisurf =  -0.00000     CDvsurf =   0.00000

 Forces referred to Ssurf, Cave 
     CLsurf  =   0.00000     CDsurf  =  -0.00000

 Strip Forces referred to Strip Area, Chord
    j     Xle      Yle      Zle      Chord    Area     c_cl     ai     cl_norm    cl       cd       cdv    cm_c/4     cm_LE   C.P.x/c
   411   7.4693   0.0000  -2.6041  39.8265  23.0476   0.0000   0.0000   0.0000   0.0000   0.0000   0.0000  -0.0000  -0.0000    1.341
   412   4.3582   0.0000  -2.0255  47.8148  27.6705   0.0000   0.0000   0.0000   0.0000   0.0000   0.0000   0.0000   0.0000   -0.458
   413   2.4947   0.0000  -1.4467  53.5537  30.9916   0.0000   0.0000   0.0000   0.0000   0.0000   0.0000   0.0000   0.0000  999.000
   414   1.1502   0.0000  -0.8680  58.2257  33.6952   0.0000   0.0000   0.0000   0.0000   0.0000   0.0000   0.0000   0.0000   -0.558
   415   0.2954   0.0000  -0.2894  61.7612  35.7412   0.0000   0.0000   0.0000   0.0000  -0.0000   0.0000   0.0000   0.0000   -0.104
   416   0.2954   0.0000   0.2894  61.7612  35.7412   0.0000  -0.0000   0.0000   0.0000  -0.0000   0.0000  -0.0000  -0.0000    0.702
   417   1.1502   0.0000   0.8680  58.2257  33.6952   0.0000  -0.0000   0.0000   0.0000  -0.0000   0.0000  -0.0000  -0.0000    0.735
   418   2.4947   0.0000   1.4467  53.5537  30.9916   0.0000  -0.0000   0.0000   0.0000   0.0000   0.0000  -0.0000  -0.0000    0.768
   419   4.3582   0.0000   2.0255  47.8148  27.6705   0.0000   0.0000   0.0000   0.0000   0.0000   0.0000  -0.0000  -0.0000    0.799
   420   7.4693   0.0000   2.6041  39.8265  23.0476   0.0000  -0.0000   0.0000   0.0000   0.0000   0.0000  -0.0000  -0.0000    0.868
 ---------------------------------------------------------------
