 ---------------------------------------------------------------
 Surface and Strip Forces by surface

  Sref =  124.86       Cref =  4.4875       Bref =  34.320    
  Xref =  19.176       Yref =  0.0000       Zref =-0.30757E-02

  Surface # 1     main_wing                               
     # Chordwise = 10   # Spanwise = 30     First strip =  1
     Surface area Ssurf =   63.968838     Ave. chord Cave =    3.715026

 Forces referred to Sref, Cref, Bref about Xref, Yref, Zref
 Standard axis orientation,  X fwd, Z down         
     CLsurf  =   0.29748     Clsurf  =  -0.05664
     CYsurf  =  -0.01767     Cmsurf  =   0.00835
     CDsurf  =   0.00802     Cnsurf  =  -0.00507
     CDisurf =   0.00802     CDvsurf =   0.00000

 Forces referred to Ssurf, Cave 
     CLsurf  =   0.58166     CDsurf  =   0.01565

 Strip Forces referred to Strip Area, Chord
    j     Xle      Yle      Zle      Chord    Area     c_cl     ai     cl_norm    cl       cd       cdv    cm_c/4     cm_LE   C.P.x/c
     1  13.6181   0.0114  -0.9295   7.7520   0.3539   3.9290   0.1381   0.6131   0.4746   0.3895   0.0000  -0.0285  -0.1272    0.310
     2  13.6830   0.1025  -0.9255   7.6885   1.0492   3.6654   0.1377   0.6092   0.4716   0.0791   0.0000  -0.0285  -0.1211    0.310
     3  13.8120   0.2837  -0.9176   7.5620   1.7073   3.6410   0.1362   0.6176   0.4781   0.0596   0.0000  -0.0267  -0.1206    0.306
     4  14.0037   0.5530  -0.9059   7.3741   2.3052   3.6222   0.1333   0.6310   0.4885   0.0528   0.0000  -0.0238  -0.1202    0.299
     5  14.2560   0.9075  -0.8904   7.1267   2.8223   3.5908   0.1281   0.6480   0.5017   0.0470   0.0000  -0.0207  -0.1203    0.291
     6  14.5662   1.3432  -0.8714   6.8226   3.2414   3.5388   0.1184   0.6679   0.5171   0.0411   0.0000  -0.0180  -0.1212    0.285
     7  14.9309   1.8554  -0.8490   6.4651   3.5491   3.4597   0.1009   0.6899   0.5341   0.0352   0.0000  -0.0159  -0.1228    0.280
     8  15.3460   2.4386  -0.8236   6.0582   3.7368   3.3489   0.0829   0.7135   0.5524   0.0288   0.0000  -0.0146  -0.1254    0.276
     9  15.8070   3.0862  -0.7953   5.6062   3.8005   3.2046   0.0708   0.7387   0.5719   0.0218   0.0000  -0.0142  -0.1289    0.275
    10  16.2877   3.7613  -0.7658   5.1351   3.4440   3.0363   0.0596   0.7650   0.5922   0.0151   0.0000  -0.0143  -0.1330    0.274
    11  16.7803   4.4532  -0.7356   4.6522   3.3149   2.8520   0.0470   0.7940   0.6146   0.0088   0.0000  -0.0145  -0.1377    0.274
    12  17.2999   5.1831  -0.7037   4.1429   3.0930   2.6521   0.0281   0.8301   0.6426  -0.0002   0.0000  -0.0146  -0.1433    0.273
    13  17.8026   6.0123  -0.6437   3.7903   3.4706   2.4533   0.0160   0.7966   0.6500  -0.0035   0.0000  -0.0120  -0.1563    0.268
    14  18.2809   6.9353  -0.5549   3.6075   3.3775   2.2991   0.0157   0.7843   0.6400  -0.0023   0.0000  -0.0125  -0.1545    0.269
    15  18.7672   7.8737  -0.4645   3.4215   3.2389   2.1600   0.0137   0.7768   0.6339  -0.0021   0.0000  -0.0131  -0.1537    0.271
    16  19.2562   8.8172  -0.3736   3.2345   3.0619   2.0286   0.0122   0.7718   0.6298  -0.0023   0.0000  -0.0139  -0.1535    0.272
    17  19.7425   9.7556  -0.2833   3.0486   2.8543   1.9016   0.0117   0.7676   0.6264  -0.0024   0.0000  -0.0149  -0.1536    0.274
    18  20.2208  10.6786  -0.1944   2.8657   2.6239   1.7771   0.0117   0.7631   0.6227  -0.0025   0.0000  -0.0163  -0.1540    0.276
    19  20.6858  11.5760  -0.1080   2.6879   2.3787   1.6551   0.0118   0.7576   0.6182  -0.0012   0.0000  -0.0196  -0.1559    0.282
    20  21.1299  12.4328  -0.0255   2.5181   2.1010   1.5385   0.0127   0.7524   0.6140  -0.0075   0.0000  -0.0356  -0.1690    0.308
    21  21.5482  13.2400   0.0523   2.3582   1.8520   1.4283   0.0154   0.7456   0.6084  -0.0050   0.0000  -0.0369  -0.1690    0.311
    22  21.9390  13.9941   0.1249   2.2087   1.6074   1.3210   0.0196   0.7362   0.6007  -0.0041   0.0000  -0.0365  -0.1669    0.311
    23  22.2979  14.6868   0.1916   2.0715   1.3716   1.2129   0.0254   0.7206   0.5880  -0.0035   0.0000  -0.0351  -0.1629    0.310
    24  22.6211  15.3105   0.2516   1.9479   1.1479   1.0983   0.0332   0.6939   0.5663  -0.0028   0.0000  -0.0327  -0.1558    0.308
    25  22.9051  15.8583   0.3044   1.8393   0.9381   0.9703   0.0424   0.6492   0.5297  -0.0017   0.0000  -0.0292  -0.1446    0.305
    26  23.1466  16.3244   0.3493   1.7470   0.7427   0.8217   0.0519   0.5786   0.4721   0.0002   0.0000  -0.0266  -0.1294    0.306
    27  23.5299  16.6722   0.3828   1.4928   0.4131   0.6572   0.0610   1.4886   0.4425  -0.0066   0.0000  -0.0130  -0.0600    0.279
    28  23.9809  16.9098   0.4056   1.1466   0.2292   0.4877   0.0725   1.4436   0.4291  -0.0249   0.0000   0.0058  -0.0495    0.237
    29  24.2843  17.0696   0.4210   0.9138   0.1104   0.3015   0.0817   1.1255   0.3346  -0.0374   0.0000   0.0233  -0.0297    0.180
    30  24.4368  17.1499   0.4287   0.7967   0.0322   0.1022   0.0870   0.4414   0.1312  -0.0278   0.0000   0.0160  -0.0084    0.128

  Surface # 2     main_wing (YDUP)                        
     # Chordwise = 10   # Spanwise = 30     First strip = 31
     Surface area Ssurf =   63.968838     Ave. chord Cave =    3.715026

 Forces referred to Sref, Cref, Bref about Xref, Yref, Zref
 Standard axis orientation,  X fwd, Z down         
     CLsurf  =   0.29748     Clsurf  =   0.05664
     CYsurf  =   0.01767     Cmsurf  =   0.00835
     CDsurf  =   0.00802     Cnsurf  =   0.00507
     CDisurf =   0.00802     CDvsurf =   0.00000

 Forces referred to Ssurf, Cave 
     CLsurf  =   0.58166     CDsurf  =   0.01565

 Strip Forces referred to Strip Area, Chord
    j     Xle      Yle      Zle      Chord    Area     c_cl     ai     cl_norm    cl       cd       cdv    cm_c/4     cm_LE   C.P.x/c
    31  13.6181  -0.0114  -0.9295   7.7520   0.3539   3.9290   0.1381   0.6131   0.4746   0.3895   0.0000  -0.0285   0.1272    0.310
    32  13.6830  -0.1025  -0.9255   7.6885   1.0492   3.6654   0.1377   0.6092   0.4716   0.0791   0.0000  -0.0285   0.1211    0.310
    33  13.8120  -0.2837  -0.9176   7.5620   1.7073   3.6410   0.1362   0.6176   0.4781   0.0596   0.0000  -0.0267   0.1206    0.306
    34  14.0037  -0.5530  -0.9059   7.3741   2.3052   3.6222   0.1333   0.6310   0.4885   0.0528   0.0000  -0.0238   0.1202    0.299
    35  14.2560  -0.9075  -0.8904   7.1267   2.8223   3.5908   0.1281   0.6480   0.5017   0.0470   0.0000  -0.0207   0.1203    0.291
    36  14.5662  -1.3432  -0.8714   6.8226   3.2414   3.5388   0.1184   0.6679   0.5171   0.0411   0.0000  -0.0180   0.1212    0.285
    37  14.9309  -1.8554  -0.8490   6.4651   3.5491   3.4597   0.1009   0.6899   0.5341   0.0352   0.0000  -0.0159   0.1228    0.280
    38  15.3460  -2.4386  -0.8236   6.0582   3.7368   3.3489   0.0829   0.7135   0.5524   0.0288   0.0000  -0.0146   0.1254    0.276
    39  15.8070  -3.0862  -0.7953   5.6062   3.8005   3.2046   0.0708   0.7387   0.5719   0.0218   0.0000  -0.0142   0.1289    0.275
    40  16.2877  -3.7613  -0.7658   5.1351   3.4440   3.0363   0.0596   0.7650   0.5922   0.0151   0.0000  -0.0143   0.1330    0.274
    41  16.7803  -4.4532  -0.7356   4.6522   3.3149   2.8520   0.0470   0.7940   0.6146   0.0088   0.0000  -0.0145   0.1377    0.274
    42  17.2999  -5.1831  -0.7037   4.1429   3.0930   2.6521   0.0281   0.8301   0.6426  -0.0002   0.0000  -0.0146   0.1433    0.273
    43  17.8026  -6.0123  -0.6437   3.7903   3.4706   2.4533   0.0160   0.7966   0.6500  -0.0035   0.0000  -0.0120   0.1563    0.268
    44  18.2809  -6.9353  -0.5549   3.6075   3.3775   2.2991   0.0157   0.7843   0.6400  -0.0023   0.0000  -0.0125   0.1545    0.269
    45  18.7672  -7.8737  -0.4645   3.4215   3.2389   2.1600   0.0137   0.7768   0.6339  -0.0021   0.0000  -0.0131   0.1537    0.271
    46  19.2562  -8.8172  -0.3736   3.2345   3.0619   2.0286   0.0122   0.7718   0.6298  -0.0023   0.0000  -0.0139   0.1535    0.272
    47  19.7425  -9.7556  -0.2833   3.0486   2.8543   1.9016   0.0117   0.7676   0.6264  -0.0024   0.0000  -0.0149   0.1536    0.274
    48  20.2208 -10.6786  -0.1944   2.8657   2.6239   1.7771   0.0117   0.7631   0.6227  -0.0025   0.0000  -0.0163   0.1540    0.276
    49  20.6858 -11.5760  -0.1080   2.6879   2.3787   1.6551   0.0118   0.7576   0.6182  -0.0012   0.0000  -0.0196   0.1559    0.282
    50  21.1299 -12.4328  -0.0255   2.5181   2.1010   1.5385   0.0127   0.7524   0.6140  -0.0075   0.0000  -0.0356   0.1690    0.308
    51  21.5482 -13.2400   0.0523   2.3582   1.8520   1.4283   0.0154   0.7456   0.6084  -0.0050   0.0000  -0.0369   0.1690    0.311
    52  21.9390 -13.9941   0.1249   2.2087   1.6074   1.3210   0.0196   0.7362   0.6007  -0.0041   0.0000  -0.0365   0.1669    0.311
    53  22.2979 -14.6868   0.1916   2.0715   1.3716   1.2129   0.0254   0.7206   0.5880  -0.0035   0.0000  -0.0351   0.1629    0.310
    54  22.6211 -15.3105   0.2516   1.9479   1.1479   1.0983   0.0332   0.6939   0.5663  -0.0028   0.0000  -0.0327   0.1558    0.308
    55  22.9051 -15.8583   0.3044   1.8393   0.9381   0.9703   0.0424   0.6492   0.5297  -0.0017   0.0000  -0.0292   0.1446    0.305
    56  23.1466 -16.3244   0.3493   1.7470   0.7427   0.8217   0.0519   0.5786   0.4721   0.0002   0.0000  -0.0266   0.1294    0.306
    57  23.5299 -16.6722   0.3828   1.4928   0.4131   0.6572   0.0610   1.4886   0.4425  -0.0066   0.0000  -0.0130   0.0600    0.279
    58  23.9809 -16.9098   0.4056   1.1466   0.2292   0.4877   0.0725   1.4436   0.4291  -0.0249   0.0000   0.0058   0.0495    0.237
    59  24.2843 -17.0696   0.4210   0.9138   0.1104   0.3015   0.0817   1.1255   0.3346  -0.0374   0.0000   0.0233   0.0297    0.180
    60  24.4368 -17.1499   0.4287   0.7967   0.0322   0.1022   0.0870   0.4414   0.1312  -0.0278   0.0000   0.0160   0.0084    0.128

  Surface # 3     horizontal_stabilizer                   
     # Chordwise = 10   # Spanwise = 30     First strip = 61
     Surface area Ssurf =   20.744605     Ave. chord Cave =    2.848571

 Forces referred to Sref, Cref, Bref about Xref, Yref, Zref
 Standard axis orientation,  X fwd, Z down         
     CLsurf  =   0.02588     Clsurf  =  -0.00271
     CYsurf  =  -0.00411     Cmsurf  =  -0.09706
     CDsurf  =   0.00149     Cnsurf  =   0.00187
     CDisurf =   0.00149     CDvsurf =   0.00000

 Forces referred to Ssurf, Cave 
     CLsurf  =   0.15772     CDsurf  =   0.00897

 Strip Forces referred to Strip Area, Chord
    j     Xle      Yle      Zle      Chord    Area     c_cl     ai     cl_norm    cl       cd       cdv    cm_c/4     cm_LE   C.P.x/c
    61  33.0230   0.0046   1.4667   4.2713   0.0803   0.5439   0.0902   0.1626   0.1246   0.0375   0.0000  -0.0073  -0.0336    0.308
    62  33.0469   0.0418   1.4723   4.2566   0.2392   0.5026   0.0904   0.1535   0.1176   0.0109   0.0000  -0.0072  -0.0315    0.311
    63  33.0943   0.1156   1.4835   4.2274   0.3930   0.4996   0.0904   0.1538   0.1178   0.0092   0.0000  -0.0068  -0.0312    0.308
    64  33.1649   0.2254   1.5002   4.1839   0.5386   0.4991   0.0900   0.1553   0.1190   0.0089   0.0000  -0.0062  -0.0310    0.302
    65  33.2578   0.3698   1.5221   4.1268   0.6730   0.4990   0.0890   0.1575   0.1206   0.0088   0.0000  -0.0054  -0.0307    0.295
    66  33.3719   0.5474   1.5490   4.0565   0.7936   0.4989   0.0875   0.1602   0.1227   0.0087   0.0000  -0.0047  -0.0305    0.288
    67  33.5097   0.7617   1.5816   3.9717   0.9441   0.4986   0.0852   0.1635   0.1253   0.0086   0.0000  -0.0039  -0.0304    0.281
    68  33.6704   1.0116   1.6195   3.8728   1.0344   0.4981   0.0820   0.1676   0.1284   0.0086   0.0000  -0.0032  -0.0305    0.275
    69  33.8488   1.2891   1.6616   3.7630   1.1046   0.4974   0.0781   0.1722   0.1319   0.0087   0.0000  -0.0027  -0.0308    0.270
    70  34.0430   1.5912   1.7075   3.6435   1.1542   0.4965   0.0737   0.1776   0.1360   0.0088   0.0000  -0.0022  -0.0313    0.266
    71  34.2510   1.9146   1.7565   3.5155   1.1831   0.4957   0.0693   0.1838   0.1407   0.0089   0.0000  -0.0018  -0.0320    0.263
    72  34.4703   2.2558   1.8083   3.3805   1.1921   0.4948   0.0653   0.1908   0.1461   0.0090   0.0000  -0.0014  -0.0329    0.260
    73  34.6987   2.6109   1.8622   3.2400   1.1821   0.4939   0.0620   0.1987   0.1522   0.0092   0.0000  -0.0011  -0.0339    0.257
    74  34.9335   2.9762   1.9177   3.0955   1.1548   0.4929   0.0595   0.2076   0.1590   0.0093   0.0000  -0.0008  -0.0351    0.255
    75  35.1723   3.3476   1.9740   2.9485   1.1122   0.4912   0.0576   0.2173   0.1664   0.0095   0.0000  -0.0005  -0.0364    0.253
    76  35.4124   3.7210   2.0307   2.8008   1.0564   0.4886   0.0561   0.2275   0.1743   0.0096   0.0000  -0.0001  -0.0378    0.251
    77  35.6512   4.0924   2.0871   2.6538   0.9900   0.4843   0.0552   0.2381   0.1823   0.0097   0.0000   0.0003  -0.0392    0.248
    78  35.8861   4.4577   2.1425   2.5093   0.9155   0.4779   0.0546   0.2485   0.1903   0.0097   0.0000   0.0008  -0.0405    0.246
    79  36.1144   4.8128   2.1964   2.3687   0.8353   0.4686   0.0545   0.2582   0.1977   0.0097   0.0000   0.0014  -0.0416    0.243
    80  36.3338   5.1540   2.2482   2.2338   0.7518   0.4560   0.0549   0.2664   0.2041   0.0095   0.0000   0.0022  -0.0423    0.239
    81  36.5417   5.4774   2.2973   2.1058   0.6671   0.4395   0.0557   0.2725   0.2087   0.0093   0.0000   0.0032  -0.0425    0.235
    82  36.7359   5.7795   2.3431   1.9862   0.5830   0.4187   0.0570   0.2752   0.2108   0.0090   0.0000   0.0044  -0.0419    0.229
    83  36.9144   6.0570   2.3852   1.8764   0.5012   0.3930   0.0588   0.2735   0.2095   0.0085   0.0000   0.0059  -0.0403    0.222
    84  37.0750   6.3069   2.4232   1.7776   0.4225   0.3623   0.0608   0.2662   0.2039   0.0078   0.0000   0.0077  -0.0376    0.212
    85  37.2162   6.5264   2.4565   1.6907   0.3478   0.3262   0.0629   0.2520   0.1930   0.0069   0.0000   0.0096  -0.0337    0.200
    86  37.3480   6.7314   2.4876   1.6096   0.3326   0.2825   0.0651   0.2294   0.1757   0.0059   0.0000   0.0114  -0.0284    0.185
    87  37.4657   6.9144   2.5154   1.5372   0.2507   0.2287   0.0672   0.1945   0.1490   0.0045   0.0000   0.0126  -0.0216    0.165
    88  37.5551   7.0535   2.5365   1.4822   0.1746   0.1684   0.0689   0.1485   0.1138   0.0029   0.0000   0.0120  -0.0145    0.145
    89  37.6153   7.1471   2.5508   1.4451   0.1029   0.1031   0.0700   0.0933   0.0715   0.0014   0.0000   0.0088  -0.0080    0.127
    90  37.6455   7.1941   2.5579   1.4265   0.0340   0.0347   0.0707   0.0319   0.0244  -0.0002   0.0000   0.0033  -0.0025    0.116

  Surface # 4     horizontal_stabilizer (YDUP)            
     # Chordwise = 10   # Spanwise = 30     First strip = 91
     Surface area Ssurf =   20.744605     Ave. chord Cave =    2.848571

 Forces referred to Sref, Cref, Bref about Xref, Yref, Zref
 Standard axis orientation,  X fwd, Z down         
     CLsurf  =   0.02588     Clsurf  =   0.00271
     CYsurf  =   0.00411     Cmsurf  =  -0.09706
     CDsurf  =   0.00149     Cnsurf  =  -0.00187
     CDisurf =   0.00149     CDvsurf =   0.00000

 Forces referred to Ssurf, Cave 
     CLsurf  =   0.15772     CDsurf  =   0.00897

 Strip Forces referred to Strip Area, Chord
    j     Xle      Yle      Zle      Chord    Area     c_cl     ai     cl_norm    cl       cd       cdv    cm_c/4     cm_LE   C.P.x/c
    91  33.0230  -0.0046   1.4667   4.2713   0.0803   0.5439   0.0902   0.1626   0.1246   0.0375   0.0000  -0.0073   0.0336    0.308
    92  33.0469  -0.0418   1.4723   4.2566   0.2392   0.5026   0.0904   0.1535   0.1176   0.0109   0.0000  -0.0072   0.0315    0.311
    93  33.0943  -0.1156   1.4835   4.2274   0.3930   0.4996   0.0904   0.1538   0.1178   0.0092   0.0000  -0.0068   0.0312    0.308
    94  33.1649  -0.2254   1.5002   4.1839   0.5386   0.4991   0.0900   0.1553   0.1190   0.0089   0.0000  -0.0062   0.0310    0.302
    95  33.2578  -0.3698   1.5221   4.1268   0.6730   0.4990   0.0890   0.1575   0.1206   0.0088   0.0000  -0.0054   0.0307    0.295
    96  33.3719  -0.5474   1.5490   4.0565   0.7936   0.4989   0.0875   0.1602   0.1227   0.0087   0.0000  -0.0047   0.0305    0.288
    97  33.5097  -0.7617   1.5816   3.9717   0.9441   0.4986   0.0852   0.1635   0.1253   0.0086   0.0000  -0.0039   0.0304    0.281
    98  33.6704  -1.0116   1.6195   3.8728   1.0344   0.4981   0.0820   0.1676   0.1284   0.0086   0.0000  -0.0032   0.0305    0.275
    99  33.8488  -1.2891   1.6616   3.7630   1.1046   0.4974   0.0781   0.1722   0.1319   0.0087   0.0000  -0.0027   0.0308    0.270
   100  34.0430  -1.5912   1.7075   3.6435   1.1542   0.4965   0.0737   0.1776   0.1360   0.0088   0.0000  -0.0022   0.0313    0.266
   101  34.2510  -1.9146   1.7565   3.5155   1.1831   0.4957   0.0693   0.1838   0.1407   0.0089   0.0000  -0.0018   0.0320    0.263
   102  34.4703  -2.2558   1.8083   3.3805   1.1921   0.4948   0.0653   0.1908   0.1461   0.0090   0.0000  -0.0014   0.0329    0.260
   103  34.6987  -2.6109   1.8622   3.2400   1.1821   0.4939   0.0620   0.1987   0.1522   0.0092   0.0000  -0.0011   0.0339    0.257
   104  34.9335  -2.9762   1.9177   3.0955   1.1548   0.4929   0.0595   0.2076   0.1590   0.0093   0.0000  -0.0008   0.0351    0.255
   105  35.1723  -3.3476   1.9740   2.9485   1.1122   0.4912   0.0576   0.2173   0.1664   0.0095   0.0000  -0.0005   0.0364    0.253
   106  35.4124  -3.7210   2.0307   2.8008   1.0564   0.4886   0.0561   0.2275   0.1743   0.0096   0.0000  -0.0001   0.0378    0.251
   107  35.6512  -4.0924   2.0871   2.6538   0.9900   0.4843   0.0552   0.2381   0.1823   0.0097   0.0000   0.0003   0.0392    0.248
   108  35.8861  -4.4577   2.1425   2.5093   0.9155   0.4779   0.0546   0.2485   0.1903   0.0097   0.0000   0.0008   0.0405    0.246
   109  36.1144  -4.8128   2.1964   2.3687   0.8353   0.4686   0.0545   0.2582   0.1977   0.0097   0.0000   0.0014   0.0416    0.243
   110  36.3338  -5.1540   2.2482   2.2338   0.7518   0.4560   0.0549   0.2664   0.2041   0.0095   0.0000   0.0022   0.0423    0.239
   111  36.5417  -5.4774   2.2973   2.1058   0.6671   0.4395   0.0557   0.2725   0.2087   0.0093   0.0000   0.0032   0.0425    0.235
   112  36.7359  -5.7795   2.3431   1.9862   0.5830   0.4187   0.0570   0.2752   0.2108   0.0090   0.0000   0.0044   0.0419    0.229
   113  36.9144  -6.0570   2.3852   1.8764   0.5012   0.3930   0.0588   0.2735   0.2095   0.0085   0.0000   0.0059   0.0403    0.222
   114  37.0750  -6.3069   2.4232   1.7776   0.4225   0.3623   0.0608   0.2662   0.2039   0.0078   0.0000   0.0077   0.0376    0.212
   115  37.2162  -6.5264   2.4565   1.6907   0.3478   0.3262   0.0629   0.2520   0.1930   0.0069   0.0000   0.0096   0.0337    0.200
   116  37.3480  -6.7314   2.4876   1.6096   0.3326   0.2825   0.0651   0.2294   0.1757   0.0059   0.0000   0.0114   0.0284    0.185
   117  37.4657  -6.9144   2.5154   1.5372   0.2507   0.2287   0.0672   0.1945   0.1490   0.0045   0.0000   0.0126   0.0216    0.165
   118  37.5551  -7.0535   2.5365   1.4822   0.1746   0.1684   0.0689   0.1485   0.1138   0.0029   0.0000   0.0120   0.0145    0.145
   119  37.6153  -7.1471   2.5508   1.4451   0.1029   0.1031   0.0700   0.0933   0.0715   0.0014   0.0000   0.0088   0.0080    0.127
   120  37.6455  -7.1941   2.5579   1.4265   0.0340   0.0347   0.0707   0.0319   0.0244  -0.0002   0.0000   0.0033   0.0025    0.116

  Surface # 5     vertical_stabilizer                     
     # Chordwise = 10   # Spanwise = 30     First strip =121
     Surface area Ssurf =   34.910363     Ave. chord Cave =    4.190920

 Forces referred to Sref, Cref, Bref about Xref, Yref, Zref
 Standard axis orientation,  X fwd, Z down         
     CLsurf  =   0.00000     Clsurf  =   0.00000
     CYsurf  =   0.00000     Cmsurf  =  -0.00000
     CDsurf  =  -0.00000     Cnsurf  =  -0.00000
     CDisurf =  -0.00000     CDvsurf =   0.00000

 Forces referred to Ssurf, Cave 
     CLsurf  =  -0.00000     CDsurf  =  -0.00000

 Strip Forces referred to Strip Area, Chord
    j     Xle      Yle      Zle      Chord    Area     c_cl     ai     cl_norm    cl       cd       cdv    cm_c/4     cm_LE   C.P.x/c
   121  27.0137   0.0000   1.5690  10.0347   0.6931  -0.0000   0.0000  -0.0000  -0.0000  -0.0000   0.0000  -0.0000  -0.0000   -0.333
   122  27.2327   0.0000   1.6601   9.8296   1.1101  -0.0000   0.0000  -0.0000  -0.0000  -0.0000   0.0000  -0.0000   0.0000    0.228
   123  27.5561   0.0000   1.7947   9.5266   1.4857  -0.0000  -0.0000  -0.0000  -0.0000  -0.0000   0.0000   0.0000   0.0000    0.604
   124  27.9815   0.0000   1.9717   9.1281   1.8040  -0.0000  -0.0000  -0.0000  -0.0000  -0.0000   0.0000   0.0000   0.0000    0.599
   125  28.5051   0.0000   2.1895   8.6377   2.0517  -0.0000  -0.0000  -0.0000  -0.0000   0.0000   0.0000   0.0000   0.0000    0.303
   126  29.1220   0.0000   2.4462   8.0598   2.2181  -0.0000  -0.0000  -0.0000  -0.0000  -0.0000   0.0000   0.0000   0.0000    0.507
   127  29.8264   0.0000   2.7392   7.4000   2.2957  -0.0000   0.0000  -0.0000  -0.0000  -0.0000   0.0000  -0.0000  -0.0000  999.000
   128  30.6115   0.0000   3.0659   6.6646   2.2808  -0.0000  -0.0000  -0.0000  -0.0000  -0.0000   0.0000  -0.0000  -0.0000  999.000
   129  31.4694   0.0000   3.4228   5.8609   2.1733   0.0000  -0.0000   0.0000   0.0000  -0.0000   0.0000  -0.0000  -0.0000  999.000
   130  32.3918   0.0000   3.8066   4.9969   1.9773   0.0000  -0.0000   0.0000   0.0000   0.0000   0.0000  -0.0000  -0.0000  999.000
   131  33.0131   0.0000   4.1929   4.4389   1.6667   0.0000   0.0000   0.0000   0.0000   0.0000   0.0000  -0.0000  -0.0000  999.000
   132  33.3001   0.0000   4.5764   4.2198   1.6478  -0.0000  -0.0000  -0.0000  -0.0000   0.0000   0.0000  -0.0000  -0.0000   -0.287
   133  33.5969   0.0000   4.9729   3.9932   1.6033  -0.0000  -0.0000  -0.0000  -0.0000   0.0000   0.0000  -0.0000   0.0000   -0.017
   134  33.9004   0.0000   5.3784   3.7615   1.5362  -0.0000  -0.0000  -0.0000  -0.0000  -0.0000   0.0000  -0.0000  -0.0000   -0.128
   135  34.2075   0.0000   5.7886   3.5271   1.4499   0.0000   0.0000   0.0000   0.0000   0.0000   0.0000  -0.0000  -0.0000  999.000
   136  34.5150   0.0000   6.1995   3.2923   1.3482   0.0000   0.0000   0.0000   0.0000   0.0000   0.0000  -0.0000  -0.0000  999.000
   137  34.8197   0.0000   6.6066   3.0597   1.2352  -0.0000  -0.0000  -0.0000  -0.0000  -0.0000   0.0000  -0.0000   0.0000    0.142
   138  35.1185   0.0000   7.0058   2.8315   1.1147  -0.0000  -0.0000  -0.0000  -0.0000   0.0000   0.0000   0.0000   0.0000    0.260
   139  35.4083   0.0000   7.3929   2.6103   0.9908  -0.0000   0.0000  -0.0000  -0.0000   0.0000   0.0000   0.0000   0.0000    0.328
   140  35.6860   0.0000   7.7640   2.3983   0.8670  -0.0000   0.0000  -0.0000  -0.0000  -0.0000   0.0000  -0.0000  -0.0000  999.000
   141  35.9487   0.0000   8.1150   2.1977   0.7464  -0.0000  -0.0000  -0.0000  -0.0000   0.0000   0.0000  -0.0000  -0.0000   -0.808
   142  36.1937   0.0000   8.4424   2.0106   0.6318  -0.0000   0.0000  -0.0000  -0.0000   0.0000   0.0000  -0.0000  -0.0000   -0.502
   143  36.4185   0.0000   8.7426   1.8390   0.5251  -0.0000   0.0000  -0.0000  -0.0000  -0.0000   0.0000   0.0000   0.0000    0.452
   144  36.6206   0.0000   9.0127   1.6847   0.4276  -0.0000  -0.0000  -0.0000  -0.0000   0.0000   0.0000   0.0000   0.0000    0.453
   145  36.7980   0.0000   9.2496   1.5493   0.3400  -0.0000   0.0000  -0.0000  -0.0000  -0.0000   0.0000  -0.0000   0.0000    0.223
   146  36.9487   0.0000   9.4510   1.4342   0.2622  -0.0000   0.0000  -0.0000  -0.0000  -0.0000   0.0000   0.0000   0.0000    0.336
   147  37.0713   0.0000   9.6148   1.3407   0.1933  -0.0000  -0.0000  -0.0000  -0.0000  -0.0000   0.0000   0.0000   0.0000    0.767
   148  37.1643   0.0000   9.7391   1.2696   0.1322  -0.0000   0.0000  -0.0000  -0.0000   0.0000   0.0000   0.0000   0.0000    0.797
   149  37.2269   0.0000   9.8227   1.2218   0.0769  -0.0000  -0.0000  -0.0000  -0.0000  -0.0000   0.0000   0.0000   0.0000    0.723
   150  37.2584   0.0000   9.8647   1.1978   0.0252  -0.0000   0.0000  -0.0000  -0.0000   0.0000   0.0000  -0.0000   0.0000    0.101

  Surface # 6     fuselage_horizontal                     
     # Chordwise = 10   # Spanwise = 10     First strip =151
     Surface area Ssurf =  123.841199     Ave. chord Cave =   33.112620

 Forces referred to Sref, Cref, Bref about Xref, Yref, Zref
 Standard axis orientation,  X fwd, Z down         
     CLsurf  =   0.00635     Clsurf  =   0.00000
     CYsurf  =   0.00000     Cmsurf  =   0.04988
     CDsurf  =  -0.00023     Cnsurf  =   0.00000
     CDisurf =  -0.00023     CDvsurf =   0.00000

 Forces referred to Ssurf, Cave 
     CLsurf  =   0.00640     CDsurf  =  -0.00023

 Strip Forces referred to Strip Area, Chord
    j     Xle      Yle      Zle      Chord    Area     c_cl     ai     cl_norm    cl       cd       cdv    cm_c/4     cm_LE   C.P.x/c
   151   5.0231  -1.6830   0.0000  26.5957   9.9468   0.1390   0.1258   0.0627   0.0054  -0.0019   0.0000   0.0037   0.0003   -0.433
   152   2.9203  -1.3090   0.0000  31.2096  11.6724   0.2022   0.1370   0.0250   0.0066  -0.0007   0.0000   0.0045   0.0007   -0.431
   153   1.6676  -0.9350   0.0000  34.0626  12.7394   0.2256   0.1308   0.0161   0.0067  -0.0002   0.0000   0.0052   0.0012   -0.526
   154   0.7666  -0.5610   0.0000  36.1620  13.5246   0.2391   0.1297   0.0111   0.0066   0.0002   0.0000   0.0055   0.0017   -0.580
   155   0.1963  -0.1870   0.0000  37.5333  14.0374   0.2468   0.1308   0.0076   0.0065   0.0008   0.0000   0.0056   0.0027   -0.602
   156   0.1963   0.1870   0.0000  37.5333  14.0374   0.2468   0.1308   0.0076   0.0065   0.0008   0.0000   0.0056   0.0027   -0.602
   157   0.7666   0.5610   0.0000  36.1620  13.5246   0.2391   0.1297   0.0111   0.0066   0.0002   0.0000   0.0055   0.0017   -0.580
   158   1.6676   0.9350   0.0000  34.0626  12.7394   0.2256   0.1308   0.0161   0.0067  -0.0002   0.0000   0.0052   0.0012   -0.526
   159   2.9202   1.3090   0.0000  31.2096  11.6724   0.2022   0.1370   0.0250   0.0066  -0.0007   0.0000   0.0045   0.0007   -0.431
   160   5.0231   1.6830   0.0000  26.5957   9.9468   0.1390   0.1258   0.0627   0.0054  -0.0019   0.0000   0.0037   0.0003   -0.433

  Surface # 7     fuselage_vertical                       
     # Chordwise = 10   # Spanwise = 10     First strip =161
     Surface area Ssurf =  123.841199     Ave. chord Cave =   33.112620

 Forces referred to Sref, Cref, Bref about Xref, Yref, Zref
 Standard axis orientation,  X fwd, Z down         
     CLsurf  =  -0.00000     Clsurf  =   0.00000
     CYsurf  =   0.00000     Cmsurf  =   0.00000
     CDsurf  =  -0.00000     Cnsurf  =  -0.00000
     CDisurf =  -0.00000     CDvsurf =   0.00000

 Forces referred to Ssurf, Cave 
     CLsurf  =  -0.00000     CDsurf  =  -0.00000

 Strip Forces referred to Strip Area, Chord
    j     Xle      Yle      Zle      Chord    Area     c_cl     ai     cl_norm    cl       cd       cdv    cm_c/4     cm_LE   C.P.x/c
   161   5.0231   0.0000  -1.6830  26.5957   9.9468   0.0000   0.0000   0.0000   0.0000   0.0000   0.0000   0.0000   0.0000   -0.127
   162   2.9203   0.0000  -1.3090  31.2096  11.6724   0.0000   0.0000   0.0000   0.0000  -0.0000   0.0000   0.0000   0.0000    0.131
   163   1.6676   0.0000  -0.9350  34.0626  12.7394   0.0000   0.0000   0.0000   0.0000   0.0000   0.0000   0.0000   0.0000  999.000
   164   0.7666   0.0000  -0.5610  36.1620  13.5246  -0.0000  -0.0000  -0.0000  -0.0000   0.0000   0.0000   0.0000   0.0000    1.508
   165   0.1963   0.0000  -0.1870  37.5333  14.0374  -0.0000   0.0000  -0.0000  -0.0000   0.0000   0.0000   0.0000   0.0000    0.977
   166   0.1963   0.0000   0.1870  37.5333  14.0374  -0.0000  -0.0000  -0.0000  -0.0000  -0.0000   0.0000   0.0000   0.0000    1.261
   167   0.7666   0.0000   0.5610  36.1620  13.5246  -0.0000  -0.0000  -0.0000  -0.0000  -0.0000   0.0000   0.0000   0.0000    1.018
   168   1.6676   0.0000   0.9350  34.0626  12.7394  -0.0000  -0.0000  -0.0000  -0.0000  -0.0000   0.0000   0.0000   0.0000    1.076
   169   2.9202   0.0000   1.3090  31.2096  11.6724  -0.0000  -0.0000  -0.0000  -0.0000  -0.0000   0.0000   0.0000   0.0000    0.982
   170   5.0231   0.0000   1.6830  26.5957   9.9468  -0.0000   0.0000  -0.0000  -0.0000  -0.0000   0.0000   0.0000   0.0000    1.229
 ---------------------------------------------------------------
