 ---------------------------------------------------------------
 Surface and Strip Forces by surface

  Sref =  490.60       Cref =  8.4083       Bref =  70.000    
  Xref =  29.948       Yref =  0.0000       Zref =-0.24644    

  Surface # 1     main_wing                               
     # Chordwise = 10   # Spanwise = 80     First strip =  1
     Surface area Ssurf =  250.220919     Ave. chord Cave =    7.118898

 Forces referred to Sref, Cref, Bref about Xref, Yref, Zref
 Standard axis orientation,  X fwd, Z down         
     CLsurf  =   0.48415     Clsurf  =  -0.09374
     CYsurf  =  -0.01853     Cmsurf  =  -0.11108
     CDsurf  =   0.01674     Cnsurf  =  -0.01765
     CDisurf =   0.01674     CDvsurf =   0.00000

 Forces referred to Ssurf, Cave 
     CLsurf  =   0.94894     CDsurf  =   0.03283

 Strip Forces referred to Strip Area, Chord
    j     Xle      Yle      Zle      Chord    Area     c_cl     ai     cl_norm    cl       cd       cdv    cm_c/4     cm_LE   C.P.x/c
     1  22.4080   0.0036  -0.9570  12.4590   0.1808  10.0778   0.1314   0.8075   0.8075   0.0783   0.0000  -0.0441  -0.2463    0.305
     2  22.4080   0.0327  -0.9570  12.4590   0.5422  10.0778   0.1314   0.8076   0.8076   0.0782   0.0000  -0.0441  -0.2463    0.305
     3  22.4080   0.0907  -0.9570  12.4590   0.9028  10.0781   0.1314   0.8076   0.8076   0.0779   0.0000  -0.0441  -0.2463    0.305
     4  22.4080   0.1775  -0.9570  12.4590   1.2619  10.0792   0.1314   0.8078   0.8078   0.0776   0.0000  -0.0442  -0.2464    0.305
     5  22.4080   0.2932  -0.9570  12.4590   1.6191  10.0819   0.1315   0.8081   0.8081   0.0773   0.0000  -0.0444  -0.2467    0.305
     6  22.4080   0.4374  -0.9570  12.4590   1.9739  10.0871   0.1315   0.8085   0.8085   0.0772   0.0000  -0.0448  -0.2472    0.305
     7  22.4080   0.6100  -0.9570  12.4590   2.3255  10.0962   0.1316   0.8092   0.8092   0.0772   0.0000  -0.0455  -0.2481    0.306
     8  22.4080   0.8106  -0.9570  12.4590   2.6736  10.1110   0.1316   0.8104   0.8104   0.0776   0.0000  -0.0466  -0.2495    0.307
     9  22.4080   1.0391  -0.9570  12.4590   3.0176  10.1340   0.1311   0.8121   0.8121   0.0784   0.0000  -0.0482  -0.2516    0.309
    10  22.4080   1.2949  -0.9570  12.4590   3.3569  10.1688   0.1294   0.8147   0.8147   0.0798   0.0000  -0.0506  -0.2546    0.312
    11  22.4080   1.5778  -0.9570  12.4590   3.6910  10.2212   0.1251   0.8186   0.8186   0.0821   0.0000  -0.0540  -0.2591    0.316
    12  22.4080   1.8873  -0.9570  12.4590   4.0195  10.3016   0.1167   0.8245   0.8245   0.0858   0.0000  -0.0589  -0.2657    0.321
    13  22.4080   2.2230  -0.9570  12.4590   4.3417  10.4338   0.1029   0.8340   0.8340   0.0927   0.0000  -0.0661  -0.2755    0.329
    14  22.4080   2.5842  -0.9570  12.4590   4.6573  10.7323   0.0824   0.8533   0.8533   0.1211   0.0000  -0.0777  -0.2931    0.341
    15  22.4974   2.9170  -0.9395  12.3826   3.6189  11.3073   0.4814   1.1230   0.8936   0.1901   0.0000  -0.0994  -0.2848    0.361
    16  22.6846   3.2159  -0.9028  12.2227   3.7885  11.3154   0.4654   1.1453   0.9113   0.1623   0.0000  -0.1049  -0.2923    0.365
    17  22.8826   3.5322  -0.8639  12.0536   3.9437  11.2711   0.4553   1.1588   0.9221   0.1548   0.0000  -0.1041  -0.2937    0.363
    18  23.0912   3.8653  -0.8230  11.8754   4.0839  11.0432   0.4533   1.1548   0.9189   0.1431   0.0000  -0.0957  -0.2855    0.354
    19  23.3498   4.2783  -0.7723  11.6545   5.7066  10.3360   0.0446   1.1150   0.8873   0.0746   0.0000  -0.0677  -0.2526    0.326
    20  23.6607   4.7750  -0.7113  11.3888   5.8186   9.9766   0.0498   1.1028   0.8776   0.0670   0.0000  -0.0544  -0.2390    0.312
    21  23.9847   5.2923  -0.6478  11.1120   5.9047   9.7106   0.0545   1.1015   0.8766   0.0606   0.0000  -0.0453  -0.2309    0.302
    22  24.3210   5.8296  -0.5818  10.8247   5.9646   9.4887   0.0579   1.1062   0.8803   0.0550   0.0000  -0.0387  -0.2259    0.294
    23  24.6694   6.3859  -0.5135  10.5270   5.9985   9.2908   0.0597   1.1150   0.8873   0.0500   0.0000  -0.0336  -0.2230    0.288
    24  25.0291   6.9605  -0.4430  10.2197   6.0065   9.1066   0.0598   1.1269   0.8967   0.0453   0.0000  -0.0297  -0.2216    0.283
    25  25.3998   7.5524  -0.3703   9.9031   5.9889   8.9299   0.0580   1.1414   0.9083   0.0410   0.0000  -0.0267  -0.2215    0.279
    26  25.7806   8.1608  -0.2956   9.5777   5.9462   8.7568   0.0540   1.1584   0.9218   0.0369   0.0000  -0.0245  -0.2224    0.277
    27  26.1712   8.7846  -0.2190   9.2440   5.8788   8.5851   0.0475   1.1777   0.9371   0.0329   0.0000  -0.0230  -0.2244    0.275
    28  26.5709   9.4230  -0.1406   8.9025   5.7875   8.4125   0.0376   1.1992   0.9543   0.0292   0.0000  -0.0222  -0.2273    0.273
    29  26.9647  10.0557  -0.0738   8.6530   5.3824   8.2336   0.0296   1.2673   0.9617   0.0259   0.0000  -0.0176  -0.2232    0.268
    30  27.3514  10.6811  -0.0191   8.4988   5.3831   8.1105   0.0297   1.2717   0.9650   0.0230   0.0000  -0.0156  -0.2220    0.266
    31  27.7448  11.3174   0.0366   8.3420   5.3704   7.9887   0.0293   1.2768   0.9689   0.0204   0.0000  -0.0140  -0.2214    0.264
    32  28.1443  11.9635   0.0931   8.1827   5.3448   7.8675   0.0294   1.2824   0.9732   0.0180   0.0000  -0.0129  -0.2213    0.263
    33  28.5492  12.6185   0.1504   8.0213   5.3066   7.7454   0.0300   1.2885   0.9778   0.0159   0.0000  -0.0121  -0.2215    0.262
    34  28.9591  13.2814   0.2084   7.8579   5.2564   7.6218   0.0308   1.2948   0.9825   0.0139   0.0000  -0.0115  -0.2220    0.262
    35  29.3731  13.9510   0.2670   7.6928   5.1948   7.4961   0.0318   1.3012   0.9874   0.0121   0.0000  -0.0111  -0.2227    0.261
    36  29.7907  14.6265   0.3261   7.5263   5.1222   7.3680   0.0327   1.3076   0.9923   0.0103   0.0000  -0.0108  -0.2234    0.261
    37  30.2113  15.3067   0.3856   7.3587   5.0393   7.2372   0.0334   1.3141   0.9972   0.0087   0.0000  -0.0107  -0.2243    0.261
    38  30.6342  15.9907   0.4454   7.1901   4.9468   7.1035   0.0340   1.3204   1.0020   0.0072   0.0000  -0.0107  -0.2253    0.261
    39  31.0587  16.6772   0.5055   7.0209   4.8453   6.9668   0.0343   1.3266   1.0067   0.0057   0.0000  -0.0107  -0.2263    0.261
    40  31.4842  17.3654   0.5657   6.8512   4.7356   6.8270   0.0345   1.3325   1.0112   0.0044   0.0000  -0.0109  -0.2273    0.261
    41  31.9100  18.0541   0.6259   6.6815   4.6182   6.6841   0.0345   1.3380   1.0154   0.0031   0.0000  -0.0111  -0.2284    0.261
    42  32.3355  18.7423   0.6861   6.5119   4.4941   6.5382   0.0342   1.3432   1.0193   0.0019   0.0000  -0.0115  -0.2295    0.261
    43  32.7600  19.4289   0.7462   6.3426   4.3638   6.3893   0.0337   1.3478   1.0228   0.0009   0.0000  -0.0122  -0.2308    0.262
    44  33.1829  20.1128   0.8060   6.1740   4.2281   6.2379   0.0330   1.3520   1.0260   0.0003   0.0000  -0.0133  -0.2323    0.263
    45  33.6034  20.7930   0.8655   6.0064   4.0877   6.0846   0.0321   1.3555   1.0287   0.0004   0.0000  -0.0151  -0.2345    0.265
    46  34.0211  21.4685   0.9246   5.8399   3.9435   5.9303   0.0311   1.3583   1.0308   0.0026   0.0000  -0.0184  -0.2378    0.268
    47  34.4351  22.1382   0.9832   5.6748   3.7961   5.7767   0.0301   1.3592   1.0315   0.0128   0.0000  -0.0248  -0.2437    0.274
    48  34.7955  22.7210   1.0342   5.5312   2.7734   5.6373   0.0294   1.3747   1.0433  -0.0468   0.0000  -0.0444  -0.2606    0.293
    49  35.1476  23.2905   1.0840   5.3908   3.4568   5.4999   0.0289   1.3713   1.0407  -0.0259   0.0000  -0.0504  -0.2658    0.298
    50  35.5398  23.9248   1.1395   5.2344   3.3083   5.3517   0.0285   1.3728   1.0417  -0.0197   0.0000  -0.0530  -0.2685    0.301
    51  35.9260  24.5495   1.1942   5.0805   3.1592   5.2039   0.0284   1.3748   1.0433  -0.0175   0.0000  -0.0542  -0.2700    0.302
    52  36.3056  25.1635   1.2479   4.9291   3.0101   5.0574   0.0285   1.3769   1.0449  -0.0166   0.0000  -0.0548  -0.2708    0.302
    53  36.6781  25.7659   1.3006   4.7806   2.8615   4.9123   0.0288   1.3789   1.0464  -0.0165   0.0000  -0.0551  -0.2714    0.303
    54  37.0428  26.3559   1.3522   4.6352   2.7141   4.7687   0.0293   1.3806   1.0477  -0.0166   0.0000  -0.0551  -0.2717    0.303
    55  37.3992  26.9323   1.4027   4.4931   2.5684   4.6263   0.0300   1.3818   1.0486  -0.0169   0.0000  -0.0550  -0.2717    0.302
    56  37.7468  27.4945   1.4518   4.3545   2.4247   4.4851   0.0310   1.3824   1.0490  -0.0173   0.0000  -0.0547  -0.2716    0.302
    57  38.0850  28.0415   1.4997   4.2197   2.2835   4.3448   0.0323   1.3820   1.0488  -0.0177   0.0000  -0.0543  -0.2712    0.302
    58  38.4133  28.5725   1.5461   4.0888   2.1452   4.2053   0.0339   1.3805   1.0477  -0.0182   0.0000  -0.0538  -0.2705    0.301
    59  38.7312  29.0866   1.5911   3.9621   2.0101   4.0661   0.0359   1.3776   1.0455  -0.0186   0.0000  -0.0531  -0.2695    0.301
    60  39.0382  29.5831   1.6346   3.8397   1.8786   3.9267   0.0383   1.3729   1.0419  -0.0189   0.0000  -0.0523  -0.2680    0.300
    61  39.3338  30.0612   1.6764   3.7219   1.7508   3.7866   0.0411   1.3659   1.0366  -0.0192   0.0000  -0.0513  -0.2660    0.299
    62  39.6175  30.5202   1.7165   3.6087   1.6269   3.6450   0.0443   1.3561   1.0291  -0.0194   0.0000  -0.0500  -0.2633    0.299
    63  39.8890  30.9593   1.7550   3.5005   1.5072   3.5008   0.0479   1.3429   1.0191  -0.0195   0.0000  -0.0485  -0.2598    0.298
    64  40.1478  31.3779   1.7916   3.3973   1.3917   3.3531   0.0517   1.3253   1.0057  -0.0194   0.0000  -0.0467  -0.2554    0.296
    65  40.3935  31.7753   1.8263   3.2994   1.2804   3.2006   0.0556   1.3026   0.9885  -0.0191   0.0000  -0.0447  -0.2500    0.295
    66  40.6258  32.1509   1.8592   3.2068   1.1734   3.0421   0.0593   1.2737   0.9666  -0.0184   0.0000  -0.0427  -0.2437    0.294
    67  40.8442  32.5042   1.8901   3.1197   1.0707   2.8765   0.0622   1.2378   0.9393  -0.0170   0.0000  -0.0411  -0.2365    0.294
    68  41.0485  32.8346   1.9190   3.0383   0.9721   2.7030   0.0639   1.1938   0.9060  -0.0142   0.0000  -0.0406  -0.2290    0.295
    69  41.2438  33.1504   1.9467   2.9604   0.9286   2.5185   0.0639   1.1406   0.8655  -0.0093   0.0000  -0.0426  -0.2221    0.299
    70  41.4291  33.4502   1.9729   2.8866   0.8314   2.3218   0.0594   1.0772   0.8174  -0.0035   0.0000  -0.0492  -0.2176    0.310
    71  41.8199  33.7262   1.9971   2.6622   0.7082   2.1091   0.0535   3.4835   0.8045   0.0018   0.0000  -0.0336  -0.1027    0.292
    72  42.3833  33.9779   2.0191   2.3104   0.5525   1.9200   0.0648   3.6955   0.8534  -0.0508   0.0000  -0.0215  -0.1023    0.275
    73  42.8863  34.2026   2.0388   1.9964   0.4230   1.7298   0.0776   3.8786   0.8957  -0.0855   0.0000  -0.0120  -0.1025    0.263
    74  43.3282  34.4000   2.0560   1.7205   0.3171   1.5346   0.0939   4.0163   0.9275  -0.1179   0.0000  -0.0008  -0.1010    0.251
    75  43.7082  34.5698   2.0709   1.4833   0.2320   1.3304   0.1122   4.0644   0.9386  -0.1514   0.0000   0.0151  -0.0953    0.234
    76  44.0258  34.7116   2.0833   1.2850   0.1649   1.1133   0.1290   3.9575   0.9140  -0.1862   0.0000   0.0369  -0.0832    0.210
    77  44.2804  34.8254   2.0932   1.1261   0.1126   0.8824   0.1418   3.6195   0.8359  -0.2194   0.0000   0.0605  -0.0645    0.178
    78  44.4718  34.9108   2.1007   1.0066   0.0720   0.6393   0.1502   2.9836   0.6890  -0.2415   0.0000   0.0748  -0.0422    0.141
    79  44.5995  34.9679   2.1057   0.9269   0.0398   0.3872   0.1553   2.0198   0.4665  -0.2315   0.0000   0.0654  -0.0213    0.110
    80  44.6634  34.9964   2.1082   0.8870   0.0127   0.1297   0.1580   0.7600   0.1755  -0.1485   0.0000   0.0265  -0.0061    0.099

  Surface # 2     main_wing (YDUP)                        
     # Chordwise = 10   # Spanwise = 80     First strip = 81
     Surface area Ssurf =  250.220919     Ave. chord Cave =    7.118898

 Forces referred to Sref, Cref, Bref about Xref, Yref, Zref
 Standard axis orientation,  X fwd, Z down         
     CLsurf  =   0.48415     Clsurf  =   0.09374
     CYsurf  =   0.01853     Cmsurf  =  -0.11108
     CDsurf  =   0.01674     Cnsurf  =   0.01765
     CDisurf =   0.01674     CDvsurf =   0.00000

 Forces referred to Ssurf, Cave 
     CLsurf  =   0.94894     CDsurf  =   0.03283

 Strip Forces referred to Strip Area, Chord
    j     Xle      Yle      Zle      Chord    Area     c_cl     ai     cl_norm    cl       cd       cdv    cm_c/4     cm_LE   C.P.x/c
    81  22.4080  -0.0036  -0.9570  12.4590   0.1808  10.0778   0.1314   0.8075   0.8075   0.0783   0.0000  -0.0441   0.2463    0.305
    82  22.4080  -0.0327  -0.9570  12.4590   0.5422  10.0778   0.1314   0.8076   0.8076   0.0782   0.0000  -0.0441   0.2463    0.305
    83  22.4080  -0.0907  -0.9570  12.4590   0.9028  10.0781   0.1314   0.8076   0.8076   0.0779   0.0000  -0.0441   0.2463    0.305
    84  22.4080  -0.1775  -0.9570  12.4590   1.2619  10.0792   0.1314   0.8078   0.8078   0.0776   0.0000  -0.0442   0.2464    0.305
    85  22.4080  -0.2932  -0.9570  12.4590   1.6191  10.0819   0.1315   0.8081   0.8081   0.0773   0.0000  -0.0444   0.2467    0.305
    86  22.4080  -0.4374  -0.9570  12.4590   1.9739  10.0871   0.1315   0.8085   0.8085   0.0772   0.0000  -0.0448   0.2472    0.305
    87  22.4080  -0.6100  -0.9570  12.4590   2.3255  10.0962   0.1316   0.8092   0.8092   0.0772   0.0000  -0.0455   0.2481    0.306
    88  22.4080  -0.8106  -0.9570  12.4590   2.6736  10.1110   0.1316   0.8104   0.8104   0.0776   0.0000  -0.0466   0.2495    0.307
    89  22.4080  -1.0391  -0.9570  12.4590   3.0176  10.1340   0.1311   0.8121   0.8121   0.0784   0.0000  -0.0482   0.2516    0.309
    90  22.4080  -1.2949  -0.9570  12.4590   3.3569  10.1688   0.1294   0.8147   0.8147   0.0798   0.0000  -0.0506   0.2546    0.312
    91  22.4080  -1.5778  -0.9570  12.4590   3.6910  10.2212   0.1251   0.8186   0.8186   0.0821   0.0000  -0.0540   0.2591    0.316
    92  22.4080  -1.8873  -0.9570  12.4590   4.0195  10.3016   0.1167   0.8245   0.8245   0.0858   0.0000  -0.0589   0.2657    0.321
    93  22.4080  -2.2230  -0.9570  12.4590   4.3417  10.4338   0.1029   0.8340   0.8340   0.0927   0.0000  -0.0661   0.2755    0.329
    94  22.4080  -2.5842  -0.9570  12.4590   4.6573  10.7323   0.0824   0.8533   0.8533   0.1211   0.0000  -0.0777   0.2931    0.341
    95  22.4974  -2.9170  -0.9395  12.3826   3.6189  11.3073   0.4814   1.1230   0.8936   0.1901   0.0000  -0.0994   0.2848    0.361
    96  22.6846  -3.2159  -0.9028  12.2227   3.7885  11.3154   0.4654   1.1453   0.9113   0.1623   0.0000  -0.1049   0.2923    0.365
    97  22.8826  -3.5322  -0.8639  12.0536   3.9437  11.2711   0.4553   1.1588   0.9221   0.1548   0.0000  -0.1041   0.2937    0.363
    98  23.0912  -3.8653  -0.8230  11.8754   4.0839  11.0432   0.4533   1.1548   0.9189   0.1431   0.0000  -0.0957   0.2855    0.354
    99  23.3498  -4.2783  -0.7723  11.6545   5.7066  10.3360   0.0446   1.1150   0.8873   0.0746   0.0000  -0.0677   0.2526    0.326
   100  23.6607  -4.7750  -0.7113  11.3888   5.8186   9.9766   0.0498   1.1028   0.8776   0.0670   0.0000  -0.0544   0.2390    0.312
   101  23.9847  -5.2923  -0.6478  11.1120   5.9047   9.7106   0.0545   1.1015   0.8766   0.0606   0.0000  -0.0453   0.2309    0.302
   102  24.3210  -5.8296  -0.5818  10.8247   5.9646   9.4887   0.0579   1.1062   0.8803   0.0550   0.0000  -0.0387   0.2259    0.294
   103  24.6694  -6.3859  -0.5135  10.5270   5.9985   9.2908   0.0597   1.1150   0.8873   0.0500   0.0000  -0.0336   0.2230    0.288
   104  25.0291  -6.9605  -0.4430  10.2197   6.0065   9.1066   0.0598   1.1269   0.8967   0.0453   0.0000  -0.0297   0.2216    0.283
   105  25.3998  -7.5524  -0.3703   9.9031   5.9889   8.9299   0.0580   1.1414   0.9083   0.0410   0.0000  -0.0267   0.2215    0.279
   106  25.7806  -8.1608  -0.2956   9.5777   5.9462   8.7568   0.0540   1.1584   0.9218   0.0369   0.0000  -0.0245   0.2224    0.277
   107  26.1712  -8.7846  -0.2190   9.2440   5.8788   8.5851   0.0475   1.1777   0.9371   0.0329   0.0000  -0.0230   0.2244    0.275
   108  26.5709  -9.4230  -0.1406   8.9025   5.7875   8.4125   0.0376   1.1992   0.9543   0.0292   0.0000  -0.0222   0.2273    0.273
   109  26.9647 -10.0557  -0.0738   8.6530   5.3824   8.2336   0.0296   1.2673   0.9617   0.0259   0.0000  -0.0176   0.2232    0.268
   110  27.3514 -10.6811  -0.0191   8.4988   5.3831   8.1105   0.0297   1.2717   0.9650   0.0230   0.0000  -0.0156   0.2220    0.266
   111  27.7448 -11.3174   0.0366   8.3420   5.3704   7.9887   0.0293   1.2768   0.9689   0.0204   0.0000  -0.0140   0.2214    0.264
   112  28.1443 -11.9635   0.0931   8.1827   5.3448   7.8675   0.0294   1.2824   0.9732   0.0180   0.0000  -0.0129   0.2213    0.263
   113  28.5492 -12.6185   0.1504   8.0213   5.3066   7.7454   0.0300   1.2885   0.9778   0.0159   0.0000  -0.0121   0.2215    0.262
   114  28.9591 -13.2814   0.2084   7.8579   5.2564   7.6218   0.0308   1.2948   0.9825   0.0139   0.0000  -0.0115   0.2220    0.262
   115  29.3731 -13.9510   0.2670   7.6928   5.1948   7.4961   0.0318   1.3012   0.9874   0.0121   0.0000  -0.0111   0.2227    0.261
   116  29.7907 -14.6265   0.3261   7.5263   5.1222   7.3680   0.0327   1.3076   0.9923   0.0103   0.0000  -0.0108   0.2234    0.261
   117  30.2113 -15.3067   0.3856   7.3587   5.0393   7.2372   0.0334   1.3141   0.9972   0.0087   0.0000  -0.0107   0.2243    0.261
   118  30.6342 -15.9907   0.4454   7.1901   4.9468   7.1035   0.0340   1.3204   1.0020   0.0072   0.0000  -0.0107   0.2253    0.261
   119  31.0587 -16.6772   0.5055   7.0209   4.8453   6.9668   0.0343   1.3266   1.0067   0.0057   0.0000  -0.0107   0.2263    0.261
   120  31.4842 -17.3654   0.5657   6.8512   4.7356   6.8270   0.0345   1.3325   1.0112   0.0044   0.0000  -0.0109   0.2273    0.261
   121  31.9100 -18.0541   0.6259   6.6815   4.6182   6.6841   0.0345   1.3380   1.0154   0.0031   0.0000  -0.0111   0.2284    0.261
   122  32.3355 -18.7423   0.6861   6.5119   4.4941   6.5382   0.0342   1.3432   1.0193   0.0019   0.0000  -0.0115   0.2295    0.261
   123  32.7600 -19.4289   0.7462   6.3426   4.3638   6.3893   0.0337   1.3478   1.0228   0.0009   0.0000  -0.0122   0.2308    0.262
   124  33.1829 -20.1128   0.8060   6.1740   4.2281   6.2379   0.0330   1.3520   1.0260   0.0003   0.0000  -0.0133   0.2323    0.263
   125  33.6034 -20.7930   0.8655   6.0064   4.0877   6.0846   0.0321   1.3555   1.0287   0.0004   0.0000  -0.0151   0.2345    0.265
   126  34.0211 -21.4685   0.9246   5.8399   3.9435   5.9303   0.0311   1.3583   1.0308   0.0026   0.0000  -0.0184   0.2378    0.268
   127  34.4351 -22.1382   0.9832   5.6748   3.7961   5.7767   0.0301   1.3592   1.0315   0.0128   0.0000  -0.0248   0.2437    0.274
   128  34.7955 -22.7210   1.0342   5.5312   2.7734   5.6373   0.0294   1.3747   1.0433  -0.0468   0.0000  -0.0444   0.2606    0.293
   129  35.1476 -23.2905   1.0840   5.3908   3.4568   5.4999   0.0289   1.3713   1.0407  -0.0259   0.0000  -0.0504   0.2658    0.298
   130  35.5398 -23.9248   1.1395   5.2344   3.3083   5.3517   0.0285   1.3728   1.0417  -0.0197   0.0000  -0.0530   0.2685    0.301
   131  35.9260 -24.5495   1.1942   5.0805   3.1592   5.2039   0.0284   1.3748   1.0433  -0.0175   0.0000  -0.0542   0.2700    0.302
   132  36.3056 -25.1635   1.2479   4.9291   3.0101   5.0574   0.0285   1.3769   1.0449  -0.0166   0.0000  -0.0548   0.2708    0.302
   133  36.6781 -25.7659   1.3006   4.7806   2.8615   4.9123   0.0288   1.3789   1.0464  -0.0165   0.0000  -0.0551   0.2714    0.303
   134  37.0428 -26.3559   1.3522   4.6352   2.7141   4.7687   0.0293   1.3806   1.0477  -0.0166   0.0000  -0.0551   0.2717    0.303
   135  37.3992 -26.9323   1.4027   4.4931   2.5684   4.6263   0.0300   1.3818   1.0486  -0.0169   0.0000  -0.0550   0.2717    0.302
   136  37.7468 -27.4945   1.4518   4.3545   2.4247   4.4851   0.0310   1.3824   1.0490  -0.0173   0.0000  -0.0547   0.2716    0.302
   137  38.0850 -28.0415   1.4997   4.2197   2.2835   4.3448   0.0323   1.3820   1.0488  -0.0177   0.0000  -0.0543   0.2712    0.302
   138  38.4133 -28.5725   1.5461   4.0888   2.1452   4.2053   0.0339   1.3805   1.0477  -0.0182   0.0000  -0.0538   0.2705    0.301
   139  38.7312 -29.0866   1.5911   3.9621   2.0101   4.0661   0.0359   1.3776   1.0455  -0.0186   0.0000  -0.0531   0.2695    0.301
   140  39.0382 -29.5831   1.6346   3.8397   1.8786   3.9267   0.0383   1.3729   1.0419  -0.0189   0.0000  -0.0523   0.2680    0.300
   141  39.3338 -30.0612   1.6764   3.7219   1.7508   3.7866   0.0411   1.3659   1.0366  -0.0192   0.0000  -0.0513   0.2660    0.299
   142  39.6175 -30.5202   1.7165   3.6087   1.6269   3.6450   0.0443   1.3561   1.0291  -0.0194   0.0000  -0.0500   0.2633    0.299
   143  39.8890 -30.9593   1.7550   3.5005   1.5072   3.5008   0.0479   1.3429   1.0191  -0.0195   0.0000  -0.0485   0.2598    0.298
   144  40.1478 -31.3779   1.7916   3.3973   1.3917   3.3531   0.0517   1.3253   1.0057  -0.0194   0.0000  -0.0467   0.2554    0.296
   145  40.3935 -31.7753   1.8263   3.2994   1.2804   3.2006   0.0556   1.3026   0.9885  -0.0191   0.0000  -0.0447   0.2500    0.295
   146  40.6258 -32.1509   1.8592   3.2068   1.1734   3.0421   0.0593   1.2737   0.9666  -0.0184   0.0000  -0.0427   0.2437    0.294
   147  40.8442 -32.5042   1.8901   3.1197   1.0707   2.8765   0.0622   1.2378   0.9393  -0.0170   0.0000  -0.0411   0.2365    0.294
   148  41.0485 -32.8346   1.9190   3.0383   0.9721   2.7030   0.0639   1.1938   0.9060  -0.0142   0.0000  -0.0406   0.2290    0.295
   149  41.2438 -33.1504   1.9467   2.9604   0.9286   2.5185   0.0639   1.1406   0.8655  -0.0093   0.0000  -0.0426   0.2221    0.299
   150  41.4291 -33.4502   1.9729   2.8866   0.8314   2.3218   0.0594   1.0772   0.8174  -0.0035   0.0000  -0.0492   0.2176    0.310
   151  41.8199 -33.7262   1.9971   2.6622   0.7082   2.1091   0.0535   3.4835   0.8045   0.0018   0.0000  -0.0336   0.1027    0.292
   152  42.3833 -33.9779   2.0191   2.3104   0.5525   1.9200   0.0648   3.6955   0.8534  -0.0508   0.0000  -0.0215   0.1023    0.275
   153  42.8863 -34.2026   2.0388   1.9964   0.4230   1.7298   0.0776   3.8786   0.8957  -0.0855   0.0000  -0.0120   0.1025    0.263
   154  43.3282 -34.4000   2.0560   1.7205   0.3171   1.5346   0.0939   4.0163   0.9275  -0.1179   0.0000  -0.0008   0.1010    0.251
   155  43.7082 -34.5698   2.0709   1.4833   0.2320   1.3304   0.1122   4.0644   0.9386  -0.1514   0.0000   0.0151   0.0953    0.234
   156  44.0258 -34.7116   2.0833   1.2850   0.1649   1.1133   0.1290   3.9575   0.9140  -0.1862   0.0000   0.0369   0.0832    0.210
   157  44.2804 -34.8254   2.0932   1.1261   0.1126   0.8824   0.1418   3.6195   0.8359  -0.2194   0.0000   0.0605   0.0645    0.178
   158  44.4718 -34.9108   2.1007   1.0066   0.0720   0.6393   0.1502   2.9836   0.6890  -0.2415   0.0000   0.0748   0.0422    0.141
   159  44.5995 -34.9679   2.1057   0.9269   0.0398   0.3872   0.1553   2.0198   0.4665  -0.2315   0.0000   0.0654   0.0213    0.110
   160  44.6634 -34.9964   2.1082   0.8870   0.0127   0.1297   0.1580   0.7600   0.1755  -0.1485   0.0000   0.0265   0.0061    0.099

  Surface # 3     horizontal_stabilizer                   
     # Chordwise = 10   # Spanwise = 80     First strip =161
     Surface area Ssurf =   33.045257     Ave. chord Cave =    3.385457

 Forces referred to Sref, Cref, Bref about Xref, Yref, Zref
 Standard axis orientation,  X fwd, Z down         
     CLsurf  =   0.02404     Clsurf  =  -0.00158
     CYsurf  =  -0.00238     Cmsurf  =  -0.08397
     CDsurf  =   0.00255     Cnsurf  =   0.00080
     CDisurf =   0.00255     CDvsurf =   0.00000

 Forces referred to Ssurf, Cave 
     CLsurf  =   0.35856     CDsurf  =   0.03783

 Strip Forces referred to Strip Area, Chord
    j     Xle      Yle      Zle      Chord    Area     c_cl     ai     cl_norm    cl       cd       cdv    cm_c/4     cm_LE   C.P.x/c
   161  55.3376   0.0009   2.0821   4.5668   0.0172   2.7767   0.1485   0.5382   0.3985   1.2350   0.0000  -0.0187  -0.1461    0.297
   162  55.3424   0.0084   2.0829   4.5649   0.0516   1.5482   0.1491   0.4255   0.3151   0.1652   0.0000  -0.0181  -0.0889    0.307
   163  55.3520   0.0234   2.0846   4.5613   0.0858   1.4508   0.1501   0.4168   0.3086   0.0810   0.0000  -0.0179  -0.0843    0.308
   164  55.3664   0.0458   2.0871   4.5558   0.1198   1.4246   0.1512   0.4146   0.3070   0.0591   0.0000  -0.0177  -0.0830    0.308
   165  55.3856   0.0757   2.0904   4.5486   0.1535   1.4142   0.1522   0.4141   0.3067   0.0510   0.0000  -0.0173  -0.0823    0.307
   166  55.4095   0.1129   2.0945   4.5395   0.1868   1.4095   0.1532   0.4144   0.3069   0.0475   0.0000  -0.0168  -0.0818    0.305
   167  55.4381   0.1574   2.0994   4.5286   0.2195   1.4073   0.1540   0.4152   0.3075   0.0457   0.0000  -0.0161  -0.0813    0.302
   168  55.4714   0.2092   2.1051   4.5160   0.2516   1.4063   0.1548   0.4163   0.3083   0.0446   0.0000  -0.0153  -0.0808    0.300
   169  55.5092   0.2682   2.1116   4.5017   0.2831   1.4060   0.1556   0.4178   0.3094   0.0439   0.0000  -0.0144  -0.0802    0.297
   170  55.5516   0.3342   2.1189   4.4856   0.3138   1.4062   0.1562   0.4195   0.3107   0.0432   0.0000  -0.0135  -0.0797    0.293
   171  55.5985   0.4072   2.1270   4.4678   0.3437   1.4066   0.1568   0.4215   0.3121   0.0427   0.0000  -0.0125  -0.0792    0.290
   172  55.6498   0.4871   2.1358   4.4483   0.3727   1.4072   0.1573   0.4237   0.3138   0.0422   0.0000  -0.0115  -0.0787    0.287
   173  55.7054   0.5738   2.1453   4.4272   0.4006   1.4078   0.1577   0.4260   0.3155   0.0418   0.0000  -0.0105  -0.0782    0.283
   174  55.7653   0.6670   2.1556   4.4045   0.4275   1.4084   0.1580   0.4286   0.3174   0.0413   0.0000  -0.0095  -0.0778    0.280
   175  55.8293   0.7667   2.1666   4.3802   0.4533   1.4090   0.1582   0.4313   0.3194   0.0410   0.0000  -0.0086  -0.0774    0.277
   176  55.8974   0.8727   2.1783   4.3544   0.4779   1.4094   0.1582   0.4341   0.3215   0.0406   0.0000  -0.0077  -0.0771    0.274
   177  55.9694   0.9848   2.1907   4.3271   0.5013   1.4097   0.1581   0.4371   0.3237   0.0403   0.0000  -0.0068  -0.0768    0.271
   178  56.0453   1.1030   2.2037   4.2983   0.5234   1.4098   0.1578   0.4402   0.3260   0.0400   0.0000  -0.0060  -0.0766    0.268
   179  56.1250   1.2271   2.2174   4.2681   0.5461   1.4096   0.1574   0.4433   0.3283   0.0397   0.0000  -0.0052  -0.0765    0.266
   180  56.2084   1.3570   2.2318   4.2364   0.5656   1.4091   0.1567   0.4466   0.3308   0.0395   0.0000  -0.0046  -0.0765    0.264
   181  56.2954   1.4924   2.2467   4.2035   0.5837   1.4083   0.1559   0.4500   0.3332   0.0393   0.0000  -0.0039  -0.0764    0.262
   182  56.3856   1.6330   2.2623   4.1692   0.6003   1.4071   0.1548   0.4534   0.3358   0.0391   0.0000  -0.0033  -0.0765    0.260
   183  56.4791   1.7786   2.2783   4.1338   0.6155   1.4056   0.1535   0.4569   0.3384   0.0390   0.0000  -0.0028  -0.0766    0.258
   184  56.5757   1.9290   2.2949   4.0971   0.6292   1.4036   0.1520   0.4605   0.3410   0.0389   0.0000  -0.0023  -0.0768    0.257
   185  56.6751   2.0839   2.3120   4.0594   0.6415   1.4013   0.1502   0.4641   0.3437   0.0388   0.0000  -0.0019  -0.0770    0.255
   186  56.7773   2.2430   2.3296   4.0206   0.6523   1.3986   0.1482   0.4677   0.3464   0.0387   0.0000  -0.0015  -0.0772    0.254
   187  56.8822   2.4063   2.3476   3.9809   0.6615   1.3955   0.1461   0.4714   0.3491   0.0386   0.0000  -0.0011  -0.0775    0.253
   188  56.9894   2.5733   2.3661   3.9402   0.6693   1.3919   0.1438   0.4752   0.3519   0.0386   0.0000  -0.0008  -0.0778    0.252
   189  57.0990   2.7439   2.3849   3.8986   0.6757   1.3881   0.1413   0.4790   0.3547   0.0386   0.0000  -0.0005  -0.0782    0.251
   190  57.2106   2.9178   2.4041   3.8563   0.6805   1.3838   0.1388   0.4828   0.3576   0.0386   0.0000  -0.0002  -0.0786    0.251
   191  57.3242   3.0947   2.4236   3.8132   0.6840   1.3792   0.1363   0.4867   0.3605   0.0386   0.0000   0.0000  -0.0790    0.250
   192  57.4395   3.2743   2.4435   3.7695   0.6860   1.3743   0.1337   0.4907   0.3634   0.0386   0.0000   0.0003  -0.0794    0.249
   193  57.5564   3.4564   2.4636   3.7251   0.6866   1.3691   0.1312   0.4947   0.3664   0.0386   0.0000   0.0005  -0.0799    0.249
   194  57.6748   3.6407   2.4839   3.6802   0.6859   1.3635   0.1288   0.4988   0.3694   0.0386   0.0000   0.0007  -0.0804    0.248
   195  57.7943   3.8268   2.5045   3.6349   0.6839   1.3576   0.1264   0.5029   0.3724   0.0386   0.0000   0.0009  -0.0809    0.248
   196  57.9149   4.0146   2.5252   3.5892   0.6806   1.3514   0.1242   0.5071   0.3755   0.0386   0.0000   0.0011  -0.0813    0.247
   197  58.0363   4.2037   2.5461   3.5431   0.6760   1.3448   0.1221   0.5112   0.3786   0.0386   0.0000   0.0013  -0.0818    0.247
   198  58.1584   4.3938   2.5671   3.4968   0.6703   1.3379   0.1201   0.5154   0.3817   0.0386   0.0000   0.0015  -0.0823    0.246
   199  58.2809   4.5847   2.5881   3.4503   0.6635   1.3305   0.1183   0.5196   0.3848   0.0386   0.0000   0.0017  -0.0828    0.245
   200  58.4038   4.7760   2.6093   3.4037   0.6555   1.3227   0.1166   0.5237   0.3878   0.0385   0.0000   0.0020  -0.0833    0.245
   201  58.5267   4.9675   2.6304   3.3571   0.6465   1.3145   0.1151   0.5277   0.3908   0.0385   0.0000   0.0022  -0.0837    0.244
   202  58.6496   5.1588   2.6515   3.3105   0.6366   1.3057   0.1138   0.5316   0.3937   0.0384   0.0000   0.0025  -0.0841    0.244
   203  58.7721   5.3497   2.6726   3.2640   0.6257   1.2963   0.1126   0.5354   0.3965   0.0384   0.0000   0.0027  -0.0845    0.243
   204  58.8942   5.5398   2.6936   3.2177   0.6140   1.2862   0.1117   0.5390   0.3991   0.0383   0.0000   0.0030  -0.0848    0.242
   205  59.0156   5.7289   2.7145   3.1716   0.6014   1.2755   0.1108   0.5423   0.4016   0.0381   0.0000   0.0034  -0.0851    0.242
   206  59.1362   5.9167   2.7352   3.1259   0.5881   1.2640   0.1102   0.5454   0.4039   0.0380   0.0000   0.0037  -0.0853    0.241
   207  59.2558   6.1028   2.7557   3.0806   0.5742   1.2517   0.1098   0.5481   0.4059   0.0378   0.0000   0.0041  -0.0854    0.240
   208  59.3741   6.2871   2.7761   3.0357   0.5596   1.2386   0.1095   0.5505   0.4077   0.0376   0.0000   0.0045  -0.0854    0.239
   209  59.4910   6.4692   2.7962   2.9913   0.5444   1.2245   0.1094   0.5523   0.4091   0.0374   0.0000   0.0050  -0.0853    0.238
   210  59.6063   6.6488   2.8160   2.9476   0.5287   1.2094   0.1095   0.5537   0.4101   0.0371   0.0000   0.0055  -0.0851    0.237
   211  59.7199   6.8257   2.8355   2.9045   0.5126   1.1932   0.1097   0.5545   0.4106   0.0368   0.0000   0.0060  -0.0847    0.235
   212  59.8316   6.9996   2.8547   2.8621   0.4960   1.1758   0.1101   0.5546   0.4107   0.0365   0.0000   0.0066  -0.0842    0.234
   213  59.9411   7.1702   2.8736   2.8206   0.4792   1.1572   0.1107   0.5539   0.4102   0.0361   0.0000   0.0073  -0.0836    0.232
   214  60.0484   7.3372   2.8920   2.7799   0.4620   1.1373   0.1115   0.5525   0.4091   0.0356   0.0000   0.0080  -0.0827    0.230
   215  60.1532   7.5005   2.9100   2.7402   0.4445   1.1159   0.1124   0.5500   0.4073   0.0351   0.0000   0.0088  -0.0816    0.228
   216  60.2554   7.6597   2.9276   2.7014   0.4269   1.0931   0.1135   0.5466   0.4048   0.0345   0.0000   0.0097  -0.0803    0.226
   217  60.3549   7.8145   2.9447   2.6637   0.4091   1.0686   0.1147   0.5420   0.4014   0.0338   0.0000   0.0107  -0.0787    0.223
   218  60.4514   7.9649   2.9613   2.6270   0.3912   1.0424   0.1160   0.5362   0.3971   0.0331   0.0000   0.0117  -0.0769    0.220
   219  60.5449   8.1105   2.9774   2.5916   0.3732   1.0143   0.1174   0.5290   0.3917   0.0322   0.0000   0.0129  -0.0748    0.217
   220  60.6352   8.2511   2.9929   2.5573   0.3551   0.9843   0.1190   0.5203   0.3853   0.0313   0.0000   0.0141  -0.0723    0.213
   221  60.7221   8.3865   3.0079   2.5244   0.3370   0.9523   0.1205   0.5101   0.3777   0.0302   0.0000   0.0154  -0.0696    0.209
   222  60.8055   8.5164   3.0222   2.4927   0.3189   0.9183   0.1221   0.4982   0.3689   0.0291   0.0000   0.0167  -0.0666    0.205
   223  60.8854   8.6408   3.0359   2.4624   0.3009   0.8820   0.1238   0.4845   0.3588   0.0278   0.0000   0.0180  -0.0633    0.200
   224  60.9615   8.7593   3.0490   2.4336   0.2829   0.8435   0.1253   0.4690   0.3473   0.0264   0.0000   0.0193  -0.0597    0.195
   225  61.0337   8.8718   3.0614   2.4061   0.2650   0.8029   0.1269   0.4516   0.3344   0.0249   0.0000   0.0205  -0.0558    0.189
   226  61.1002   8.9753   3.0729   2.3809   0.2336   0.7609   0.1284   0.4326   0.3204   0.0232   0.0000   0.0215  -0.0519    0.183
   227  61.1609   9.0698   3.0833   2.3579   0.2169   0.7178   0.1297   0.4123   0.3053   0.0216   0.0000   0.0224  -0.0478    0.177
   228  61.2176   9.1582   3.0931   2.3364   0.2004   0.6730   0.1310   0.3903   0.2890   0.0198   0.0000   0.0230  -0.0437    0.170
   229  61.2703   9.2403   3.1021   2.3164   0.1839   0.6265   0.1322   0.3666   0.2715   0.0180   0.0000   0.0234  -0.0396    0.164
   230  61.3189   9.3160   3.1105   2.2980   0.1676   0.5782   0.1332   0.3412   0.2527   0.0160   0.0000   0.0235  -0.0354    0.157
   231  61.3634   9.3852   3.1181   2.2811   0.1513   0.5283   0.1342   0.3142   0.2327   0.0141   0.0000   0.0232  -0.0313    0.150
   232  61.4036   9.4478   3.1250   2.2659   0.1351   0.4770   0.1351   0.2858   0.2116   0.0120   0.0000   0.0224  -0.0273    0.144
   233  61.4395   9.5037   3.1312   2.2523   0.1190   0.4242   0.1359   0.2559   0.1895   0.0100   0.0000   0.0213  -0.0234    0.138
   234  61.4710   9.5528   3.1366   2.2403   0.1029   0.3702   0.1366   0.2247   0.1664   0.0079   0.0000   0.0197  -0.0197    0.132
   235  61.4981   9.5950   3.1413   2.2301   0.0870   0.3152   0.1372   0.1924   0.1425   0.0058   0.0000   0.0176  -0.0162    0.126
   236  61.5207   9.6303   3.1452   2.2215   0.0711   0.2592   0.1377   0.1591   0.1178   0.0038   0.0000   0.0151  -0.0129    0.122
   237  61.5389   9.6586   3.1483   2.2146   0.0552   0.2024   0.1382   0.1249   0.0925   0.0017   0.0000   0.0122  -0.0098    0.118
   238  61.5526   9.6798   3.1507   2.2094   0.0394   0.1450   0.1385   0.0902   0.0668  -0.0007   0.0000   0.0090  -0.0068    0.115
   239  61.5617   9.6940   3.1522   2.2059   0.0236   0.0872   0.1387   0.0549   0.0407  -0.0031   0.0000   0.0055  -0.0041    0.115
   240  61.5662   9.7011   3.1530   2.2042   0.0079   0.0291   0.1388   0.0190   0.0141  -0.0039   0.0000   0.0018  -0.0013    0.119

  Surface # 4     horizontal_stabilizer (YDUP)            
     # Chordwise = 10   # Spanwise = 80     First strip =241
     Surface area Ssurf =   33.045257     Ave. chord Cave =    3.385457

 Forces referred to Sref, Cref, Bref about Xref, Yref, Zref
 Standard axis orientation,  X fwd, Z down         
     CLsurf  =   0.02404     Clsurf  =   0.00158
     CYsurf  =   0.00238     Cmsurf  =  -0.08397
     CDsurf  =   0.00255     Cnsurf  =  -0.00080
     CDisurf =   0.00255     CDvsurf =   0.00000

 Forces referred to Ssurf, Cave 
     CLsurf  =   0.35856     CDsurf  =   0.03783

 Strip Forces referred to Strip Area, Chord
    j     Xle      Yle      Zle      Chord    Area     c_cl     ai     cl_norm    cl       cd       cdv    cm_c/4     cm_LE   C.P.x/c
   241  55.3376  -0.0009   2.0821   4.5668   0.0172   2.7767   0.1485   0.5382   0.3985   1.2350   0.0000  -0.0187   0.1461    0.297
   242  55.3424  -0.0084   2.0829   4.5649   0.0516   1.5482   0.1491   0.4255   0.3151   0.1652   0.0000  -0.0181   0.0889    0.307
   243  55.3520  -0.0234   2.0846   4.5613   0.0858   1.4508   0.1501   0.4168   0.3086   0.0810   0.0000  -0.0179   0.0843    0.308
   244  55.3664  -0.0458   2.0871   4.5558   0.1198   1.4246   0.1512   0.4146   0.3070   0.0591   0.0000  -0.0177   0.0830    0.308
   245  55.3856  -0.0757   2.0904   4.5486   0.1535   1.4142   0.1522   0.4141   0.3067   0.0510   0.0000  -0.0173   0.0823    0.307
   246  55.4095  -0.1129   2.0945   4.5395   0.1868   1.4095   0.1532   0.4144   0.3069   0.0475   0.0000  -0.0168   0.0818    0.305
   247  55.4381  -0.1574   2.0994   4.5286   0.2195   1.4073   0.1540   0.4152   0.3075   0.0457   0.0000  -0.0161   0.0813    0.302
   248  55.4714  -0.2092   2.1051   4.5160   0.2516   1.4063   0.1548   0.4163   0.3083   0.0446   0.0000  -0.0153   0.0808    0.300
   249  55.5092  -0.2682   2.1116   4.5017   0.2831   1.4060   0.1556   0.4178   0.3094   0.0439   0.0000  -0.0144   0.0802    0.297
   250  55.5516  -0.3342   2.1189   4.4856   0.3138   1.4062   0.1562   0.4195   0.3107   0.0432   0.0000  -0.0135   0.0797    0.293
   251  55.5985  -0.4072   2.1270   4.4678   0.3437   1.4066   0.1568   0.4215   0.3121   0.0427   0.0000  -0.0125   0.0792    0.290
   252  55.6498  -0.4871   2.1358   4.4483   0.3727   1.4072   0.1573   0.4237   0.3138   0.0422   0.0000  -0.0115   0.0787    0.287
   253  55.7054  -0.5738   2.1453   4.4272   0.4006   1.4078   0.1577   0.4260   0.3155   0.0418   0.0000  -0.0105   0.0782    0.283
   254  55.7653  -0.6670   2.1556   4.4045   0.4275   1.4084   0.1580   0.4286   0.3174   0.0413   0.0000  -0.0095   0.0778    0.280
   255  55.8293  -0.7667   2.1666   4.3802   0.4533   1.4090   0.1582   0.4313   0.3194   0.0410   0.0000  -0.0086   0.0774    0.277
   256  55.8974  -0.8727   2.1783   4.3544   0.4779   1.4094   0.1582   0.4341   0.3215   0.0406   0.0000  -0.0077   0.0771    0.274
   257  55.9694  -0.9848   2.1907   4.3271   0.5013   1.4097   0.1581   0.4371   0.3237   0.0403   0.0000  -0.0068   0.0768    0.271
   258  56.0453  -1.1030   2.2037   4.2983   0.5234   1.4098   0.1578   0.4402   0.3260   0.0400   0.0000  -0.0060   0.0766    0.268
   259  56.1250  -1.2271   2.2174   4.2681   0.5461   1.4096   0.1574   0.4433   0.3283   0.0397   0.0000  -0.0052   0.0765    0.266
   260  56.2084  -1.3570   2.2318   4.2364   0.5656   1.4091   0.1567   0.4466   0.3308   0.0395   0.0000  -0.0046   0.0765    0.264
   261  56.2954  -1.4924   2.2467   4.2035   0.5837   1.4083   0.1559   0.4500   0.3332   0.0393   0.0000  -0.0039   0.0764    0.262
   262  56.3856  -1.6330   2.2623   4.1692   0.6003   1.4071   0.1548   0.4534   0.3358   0.0391   0.0000  -0.0033   0.0765    0.260
   263  56.4791  -1.7786   2.2783   4.1338   0.6155   1.4056   0.1535   0.4569   0.3384   0.0390   0.0000  -0.0028   0.0766    0.258
   264  56.5757  -1.9290   2.2949   4.0971   0.6292   1.4036   0.1520   0.4605   0.3410   0.0389   0.0000  -0.0023   0.0768    0.257
   265  56.6751  -2.0839   2.3120   4.0594   0.6415   1.4013   0.1502   0.4641   0.3437   0.0388   0.0000  -0.0019   0.0770    0.255
   266  56.7773  -2.2430   2.3296   4.0206   0.6523   1.3986   0.1482   0.4677   0.3464   0.0387   0.0000  -0.0015   0.0772    0.254
   267  56.8822  -2.4063   2.3476   3.9809   0.6615   1.3955   0.1461   0.4714   0.3491   0.0386   0.0000  -0.0011   0.0775    0.253
   268  56.9894  -2.5733   2.3661   3.9402   0.6693   1.3919   0.1438   0.4752   0.3519   0.0386   0.0000  -0.0008   0.0778    0.252
   269  57.0990  -2.7439   2.3849   3.8986   0.6757   1.3881   0.1413   0.4790   0.3547   0.0386   0.0000  -0.0005   0.0782    0.251
   270  57.2106  -2.9178   2.4041   3.8563   0.6805   1.3838   0.1388   0.4828   0.3576   0.0386   0.0000  -0.0002   0.0786    0.251
   271  57.3242  -3.0947   2.4236   3.8132   0.6840   1.3792   0.1363   0.4867   0.3605   0.0386   0.0000   0.0000   0.0790    0.250
   272  57.4395  -3.2743   2.4435   3.7695   0.6860   1.3743   0.1337   0.4907   0.3634   0.0386   0.0000   0.0003   0.0794    0.249
   273  57.5564  -3.4564   2.4636   3.7251   0.6866   1.3691   0.1312   0.4947   0.3664   0.0386   0.0000   0.0005   0.0799    0.249
   274  57.6748  -3.6407   2.4839   3.6802   0.6859   1.3635   0.1288   0.4988   0.3694   0.0386   0.0000   0.0007   0.0804    0.248
   275  57.7943  -3.8268   2.5045   3.6349   0.6839   1.3576   0.1264   0.5029   0.3724   0.0386   0.0000   0.0009   0.0809    0.248
   276  57.9149  -4.0146   2.5252   3.5892   0.6806   1.3514   0.1242   0.5071   0.3755   0.0386   0.0000   0.0011   0.0813    0.247
   277  58.0363  -4.2037   2.5461   3.5431   0.6760   1.3448   0.1221   0.5112   0.3786   0.0386   0.0000   0.0013   0.0818    0.247
   278  58.1584  -4.3938   2.5671   3.4968   0.6703   1.3379   0.1201   0.5154   0.3817   0.0386   0.0000   0.0015   0.0823    0.246
   279  58.2809  -4.5847   2.5881   3.4503   0.6635   1.3305   0.1183   0.5196   0.3848   0.0386   0.0000   0.0017   0.0828    0.245
   280  58.4038  -4.7760   2.6093   3.4037   0.6555   1.3227   0.1166   0.5237   0.3878   0.0385   0.0000   0.0020   0.0833    0.245
   281  58.5267  -4.9675   2.6304   3.3571   0.6465   1.3145   0.1151   0.5277   0.3908   0.0385   0.0000   0.0022   0.0837    0.244
   282  58.6496  -5.1588   2.6515   3.3105   0.6366   1.3057   0.1138   0.5316   0.3937   0.0384   0.0000   0.0025   0.0841    0.244
   283  58.7721  -5.3497   2.6726   3.2640   0.6257   1.2963   0.1126   0.5354   0.3965   0.0384   0.0000   0.0027   0.0845    0.243
   284  58.8942  -5.5398   2.6936   3.2177   0.6140   1.2862   0.1117   0.5390   0.3991   0.0383   0.0000   0.0030   0.0848    0.242
   285  59.0156  -5.7289   2.7145   3.1716   0.6014   1.2755   0.1108   0.5423   0.4016   0.0381   0.0000   0.0034   0.0851    0.242
   286  59.1362  -5.9167   2.7352   3.1259   0.5881   1.2640   0.1102   0.5454   0.4039   0.0380   0.0000   0.0037   0.0853    0.241
   287  59.2558  -6.1028   2.7557   3.0806   0.5742   1.2517   0.1098   0.5481   0.4059   0.0378   0.0000   0.0041   0.0854    0.240
   288  59.3741  -6.2871   2.7761   3.0357   0.5596   1.2386   0.1095   0.5505   0.4077   0.0376   0.0000   0.0045   0.0854    0.239
   289  59.4910  -6.4692   2.7962   2.9913   0.5444   1.2245   0.1094   0.5523   0.4091   0.0374   0.0000   0.0050   0.0853    0.238
   290  59.6063  -6.6488   2.8160   2.9476   0.5287   1.2094   0.1095   0.5537   0.4101   0.0371   0.0000   0.0055   0.0851    0.237
   291  59.7199  -6.8257   2.8355   2.9045   0.5126   1.1932   0.1097   0.5545   0.4106   0.0368   0.0000   0.0060   0.0847    0.235
   292  59.8316  -6.9996   2.8547   2.8621   0.4960   1.1758   0.1101   0.5546   0.4107   0.0365   0.0000   0.0066   0.0842    0.234
   293  59.9411  -7.1702   2.8736   2.8206   0.4792   1.1572   0.1107   0.5539   0.4102   0.0361   0.0000   0.0073   0.0836    0.232
   294  60.0484  -7.3372   2.8920   2.7799   0.4620   1.1373   0.1115   0.5525   0.4091   0.0356   0.0000   0.0080   0.0827    0.230
   295  60.1532  -7.5005   2.9100   2.7402   0.4445   1.1159   0.1124   0.5500   0.4073   0.0351   0.0000   0.0088   0.0816    0.228
   296  60.2554  -7.6597   2.9276   2.7014   0.4269   1.0931   0.1135   0.5466   0.4048   0.0345   0.0000   0.0097   0.0803    0.226
   297  60.3549  -7.8145   2.9447   2.6637   0.4091   1.0686   0.1147   0.5420   0.4014   0.0338   0.0000   0.0107   0.0787    0.223
   298  60.4514  -7.9649   2.9613   2.6270   0.3912   1.0424   0.1160   0.5362   0.3971   0.0331   0.0000   0.0117   0.0769    0.220
   299  60.5449  -8.1105   2.9774   2.5916   0.3732   1.0143   0.1174   0.5290   0.3917   0.0322   0.0000   0.0129   0.0748    0.217
   300  60.6352  -8.2511   2.9929   2.5573   0.3551   0.9843   0.1190   0.5203   0.3853   0.0313   0.0000   0.0141   0.0723    0.213
   301  60.7221  -8.3865   3.0079   2.5244   0.3370   0.9523   0.1205   0.5101   0.3777   0.0302   0.0000   0.0154   0.0696    0.209
   302  60.8055  -8.5164   3.0222   2.4927   0.3189   0.9183   0.1221   0.4982   0.3689   0.0291   0.0000   0.0167   0.0666    0.205
   303  60.8854  -8.6408   3.0359   2.4624   0.3009   0.8820   0.1238   0.4845   0.3588   0.0278   0.0000   0.0180   0.0633    0.200
   304  60.9615  -8.7593   3.0490   2.4336   0.2829   0.8435   0.1253   0.4690   0.3473   0.0264   0.0000   0.0193   0.0597    0.195
   305  61.0337  -8.8718   3.0614   2.4061   0.2650   0.8029   0.1269   0.4516   0.3344   0.0249   0.0000   0.0205   0.0558    0.189
   306  61.1002  -8.9753   3.0729   2.3809   0.2336   0.7609   0.1284   0.4326   0.3204   0.0232   0.0000   0.0215   0.0519    0.183
   307  61.1609  -9.0698   3.0833   2.3579   0.2169   0.7178   0.1297   0.4123   0.3053   0.0216   0.0000   0.0224   0.0478    0.177
   308  61.2176  -9.1582   3.0931   2.3364   0.2004   0.6730   0.1310   0.3903   0.2890   0.0198   0.0000   0.0230   0.0437    0.170
   309  61.2703  -9.2403   3.1021   2.3164   0.1839   0.6265   0.1322   0.3666   0.2715   0.0180   0.0000   0.0234   0.0396    0.164
   310  61.3189  -9.3160   3.1105   2.2980   0.1676   0.5782   0.1332   0.3412   0.2527   0.0160   0.0000   0.0235   0.0354    0.157
   311  61.3634  -9.3852   3.1181   2.2811   0.1513   0.5283   0.1342   0.3142   0.2327   0.0141   0.0000   0.0232   0.0313    0.150
   312  61.4036  -9.4478   3.1250   2.2659   0.1351   0.4770   0.1351   0.2858   0.2116   0.0120   0.0000   0.0224   0.0273    0.144
   313  61.4395  -9.5037   3.1312   2.2523   0.1190   0.4242   0.1359   0.2559   0.1895   0.0100   0.0000   0.0213   0.0234    0.138
   314  61.4710  -9.5528   3.1366   2.2403   0.1029   0.3702   0.1366   0.2247   0.1664   0.0079   0.0000   0.0197   0.0197    0.132
   315  61.4981  -9.5950   3.1413   2.2301   0.0870   0.3152   0.1372   0.1924   0.1425   0.0058   0.0000   0.0176   0.0162    0.126
   316  61.5207  -9.6303   3.1452   2.2215   0.0711   0.2592   0.1377   0.1591   0.1178   0.0038   0.0000   0.0151   0.0129    0.122
   317  61.5389  -9.6586   3.1483   2.2146   0.0552   0.2024   0.1382   0.1249   0.0925   0.0017   0.0000   0.0122   0.0098    0.118
   318  61.5526  -9.6798   3.1507   2.2094   0.0394   0.1450   0.1385   0.0902   0.0668  -0.0007   0.0000   0.0090   0.0068    0.115
   319  61.5617  -9.6940   3.1522   2.2059   0.0236   0.0872   0.1387   0.0549   0.0407  -0.0031   0.0000   0.0055   0.0041    0.115
   320  61.5662  -9.7011   3.1530   2.2042   0.0079   0.0291   0.1388   0.0190   0.0141  -0.0039   0.0000   0.0018   0.0013    0.119

  Surface # 5     vertical_stabilizer                     
     # Chordwise = 10   # Spanwise = 80     First strip =321
     Surface area Ssurf =   45.713870     Ave. chord Cave =    5.520999

 Forces referred to Sref, Cref, Bref about Xref, Yref, Zref
 Standard axis orientation,  X fwd, Z down         
     CLsurf  =   0.00000     Clsurf  =   0.00000
     CYsurf  =   0.00000     Cmsurf  =  -0.00000
     CDsurf  =  -0.00000     Cnsurf  =  -0.00000
     CDisurf =  -0.00000     CDvsurf =   0.00000

 Forces referred to Ssurf, Cave 
     CLsurf  =  -0.00000     CDsurf  =  -0.00000

 Strip Forces referred to Strip Area, Chord
    j     Xle      Yle      Zle      Chord    Area     c_cl     ai     cl_norm    cl       cd       cdv    cm_c/4     cm_LE   C.P.x/c
   321  52.2087   0.0000   3.5988   7.9308   0.1517   0.0000  -0.0000   0.0000   0.0000   0.0000   0.0000   0.0000   0.0000  999.000
   322  52.2304   0.0000   3.6208   7.9180   0.1969   0.0000  -0.0000   0.0000   0.0000   0.0000   0.0000   0.0000   0.0000  999.000
   323  52.2577   0.0000   3.6486   7.9018   0.2416   0.0000   0.0000   0.0000   0.0000   0.0000   0.0000   0.0000   0.0000  999.000
   324  52.2906   0.0000   3.6820   7.8823   0.2859   0.0000   0.0000   0.0000   0.0000   0.0000   0.0000   0.0000   0.0000  999.000
   325  52.3291   0.0000   3.7211   7.8595   0.3294   0.0000   0.0000   0.0000   0.0000   0.0000   0.0000   0.0000   0.0000  999.000
   326  52.3732   0.0000   3.7658   7.8334   0.3722   0.0000  -0.0000   0.0000   0.0000  -0.0000   0.0000   0.0000   0.0000  999.000
   327  52.4227   0.0000   3.8161   7.8041   0.4141   0.0000  -0.0000   0.0000   0.0000   0.0000   0.0000   0.0000   0.0000  999.000
   328  52.4777   0.0000   3.8719   7.7715   0.4550   0.0000   0.0000   0.0000   0.0000   0.0000   0.0000   0.0000   0.0000  999.000
   329  52.5380   0.0000   3.9332   7.7358   0.4948   0.0000   0.0000   0.0000   0.0000  -0.0000   0.0000   0.0000   0.0000  999.000
   330  52.6037   0.0000   3.9998   7.6969   0.5334   0.0000  -0.0000   0.0000   0.0000  -0.0000   0.0000   0.0000   0.0000  999.000
   331  52.6745   0.0000   4.0718   7.6550   0.5707   0.0000   0.0000   0.0000   0.0000   0.0000   0.0000   0.0000   0.0000  999.000
   332  52.7505   0.0000   4.1489   7.6100   0.6065   0.0000   0.0000   0.0000   0.0000  -0.0000   0.0000   0.0000   0.0000  999.000
   333  52.8315   0.0000   4.2311   7.5620   0.6408   0.0000  -0.0000   0.0000   0.0000  -0.0000   0.0000   0.0000   0.0000  999.000
   334  52.9174   0.0000   4.3184   7.5111   0.6735   0.0000   0.0000   0.0000   0.0000  -0.0000   0.0000   0.0000   0.0000  999.000
   335  53.0081   0.0000   4.4105   7.4574   0.7046  -0.0000  -0.0000  -0.0000  -0.0000  -0.0000   0.0000   0.0000   0.0000  999.000
   336  53.1035   0.0000   4.5073   7.4009   0.7339  -0.0000  -0.0000  -0.0000  -0.0000  -0.0000   0.0000   0.0000   0.0000  999.000
   337  53.2034   0.0000   4.6088   7.3417   0.7615  -0.0000  -0.0000  -0.0000  -0.0000  -0.0000   0.0000   0.0000   0.0000  999.000
   338  53.3078   0.0000   4.7147   7.2799   0.7871  -0.0000   0.0000  -0.0000  -0.0000   0.0000   0.0000   0.0000   0.0000  999.000
   339  53.4164   0.0000   4.8250   7.2156   0.8109   0.0000   0.0000   0.0000   0.0000  -0.0000   0.0000   0.0000   0.0000  999.000
   340  53.5291   0.0000   4.9394   7.1488   0.8327   0.0000   0.0000   0.0000   0.0000  -0.0000   0.0000   0.0000   0.0000  999.000
   341  53.6458   0.0000   5.0579   7.0797   0.8526  -0.0000  -0.0000  -0.0000  -0.0000   0.0000   0.0000   0.0000   0.0000  999.000
   342  53.7663   0.0000   5.1802   7.0084   0.8704  -0.0000   0.0000  -0.0000  -0.0000  -0.0000   0.0000   0.0000   0.0000  999.000
   343  53.8904   0.0000   5.3063   6.9348   0.8862  -0.0000  -0.0000  -0.0000  -0.0000  -0.0000   0.0000   0.0000   0.0000  999.000
   344  54.0180   0.0000   5.4358   6.8593   0.9000  -0.0000   0.0000  -0.0000  -0.0000   0.0000   0.0000   0.0000   0.0000  999.000
   345  54.1488   0.0000   5.5686   6.7818   0.9118  -0.0000  -0.0000  -0.0000  -0.0000   0.0000   0.0000   0.0000   0.0000  999.000
   346  54.2828   0.0000   5.7046   6.7025   0.9215   0.0000   0.0000   0.0000   0.0000   0.0000   0.0000   0.0000   0.0000  999.000
   347  54.4196   0.0000   5.8436   6.6214   0.9292  -0.0000  -0.0000  -0.0000  -0.0000  -0.0000   0.0000   0.0000   0.0000  999.000
   348  54.5592   0.0000   5.9853   6.5388   0.9349  -0.0000   0.0000  -0.0000  -0.0000  -0.0000   0.0000   0.0000   0.0000  999.000
   349  54.7012   0.0000   6.1295   6.4546   0.9386  -0.0000   0.0000  -0.0000  -0.0000  -0.0000   0.0000   0.0000   0.0000  999.000
   350  54.8456   0.0000   6.2760   6.3691   0.9404  -0.0000  -0.0000  -0.0000  -0.0000  -0.0000   0.0000   0.0000   0.0000  999.000
   351  54.9920   0.0000   6.4247   6.2824   0.9403  -0.0000   0.0000  -0.0000  -0.0000  -0.0000   0.0000   0.0000   0.0000  999.000
   352  55.1403   0.0000   6.5753   6.1946   0.9384  -0.0000   0.0000  -0.0000  -0.0000   0.0000   0.0000   0.0000   0.0000  999.000
   353  55.2903   0.0000   6.7276   6.1057   0.9346  -0.0000   0.0000  -0.0000  -0.0000   0.0000   0.0000   0.0000   0.0000  999.000
   354  55.4418   0.0000   6.8814   6.0160   0.9291  -0.0000  -0.0000  -0.0000  -0.0000   0.0000   0.0000   0.0000   0.0000    1.812
   355  55.5945   0.0000   7.0365   5.9256   0.9219  -0.0000   0.0000  -0.0000  -0.0000  -0.0000   0.0000   0.0000   0.0000  999.000
   356  55.7482   0.0000   7.1925   5.8345   0.9131  -0.0000  -0.0000  -0.0000  -0.0000  -0.0000   0.0000   0.0000   0.0000    1.794
   357  55.9027   0.0000   7.3494   5.7430   0.9027  -0.0000   0.0000  -0.0000  -0.0000   0.0000   0.0000   0.0000   0.0000  999.000
   358  56.0578   0.0000   7.5068   5.6512   0.8909  -0.0000  -0.0000  -0.0000  -0.0000  -0.0000   0.0000   0.0000   0.0000    1.787
   359  56.2132   0.0000   7.6646   5.5591   0.8777  -0.0000   0.0000  -0.0000  -0.0000   0.0000   0.0000   0.0000   0.0000    1.437
   360  56.3688   0.0000   7.8226   5.4670   0.8632  -0.0000   0.0000  -0.0000  -0.0000   0.0000   0.0000   0.0000   0.0000    1.322
   361  56.5242   0.0000   7.9804   5.3750   0.8474  -0.0000   0.0000  -0.0000  -0.0000  -0.0000   0.0000   0.0000   0.0000    1.258
   362  56.6793   0.0000   8.1378   5.2831   0.8306  -0.0000  -0.0000  -0.0000  -0.0000   0.0000   0.0000   0.0000   0.0000    1.051
   363  56.8338   0.0000   8.2947   5.1916   0.8126  -0.0000   0.0000  -0.0000  -0.0000  -0.0000   0.0000   0.0000   0.0000    1.052
   364  56.9876   0.0000   8.4508   5.1005   0.7937  -0.0000  -0.0000  -0.0000  -0.0000  -0.0000   0.0000   0.0000   0.0000    1.115
   365  57.1403   0.0000   8.6059   5.0101   0.7739  -0.0000   0.0000  -0.0000  -0.0000  -0.0000   0.0000   0.0000   0.0000    0.984
   366  57.2918   0.0000   8.7597   4.9203   0.7533  -0.0000   0.0000  -0.0000  -0.0000  -0.0000   0.0000   0.0000   0.0000    0.985
   367  57.4418   0.0000   8.9120   4.8315   0.7320  -0.0000   0.0000  -0.0000  -0.0000   0.0000   0.0000   0.0000   0.0000    0.758
   368  57.5902   0.0000   9.0627   4.7436   0.7101  -0.0000  -0.0000  -0.0000  -0.0000   0.0000   0.0000   0.0000   0.0000    0.851
   369  57.7366   0.0000   9.2114   4.6569   0.6876  -0.0000   0.0000  -0.0000  -0.0000   0.0000   0.0000   0.0000   0.0000    0.527
   370  57.8810   0.0000   9.3579   4.5714   0.6647  -0.0000   0.0000  -0.0000  -0.0000  -0.0000   0.0000   0.0000   0.0000    0.387
   371  58.0230   0.0000   9.5021   4.4873   0.6414  -0.0000  -0.0000  -0.0000  -0.0000   0.0000   0.0000   0.0000   0.0000    0.683
   372  58.1625   0.0000   9.6438   4.4046   0.6178  -0.0000  -0.0000  -0.0000  -0.0000   0.0000   0.0000   0.0000   0.0000    0.597
   373  58.2993   0.0000   9.7826   4.3236   0.5940  -0.0000   0.0000  -0.0000  -0.0000  -0.0000   0.0000   0.0000   0.0000    0.366
   374  58.4331   0.0000   9.9185   4.2444   0.5701  -0.0000  -0.0000  -0.0000  -0.0000  -0.0000   0.0000   0.0000   0.0000    0.341
   375  58.5638   0.0000  10.0512   4.1670   0.5460  -0.0000  -0.0000  -0.0000  -0.0000   0.0000   0.0000  -0.0000   0.0000    0.191
   376  58.6912   0.0000  10.1805   4.0915   0.5219  -0.0000   0.0000  -0.0000  -0.0000  -0.0000   0.0000  -0.0000  -0.0000   -0.194
   377  58.8150   0.0000  10.3063   4.0182   0.4978  -0.0000  -0.0000  -0.0000  -0.0000   0.0000   0.0000  -0.0000   0.0000    0.019
   378  58.9352   0.0000  10.4283   3.9470   0.4738  -0.0000  -0.0000  -0.0000  -0.0000   0.0000   0.0000  -0.0000   0.0000   -0.143
   379  59.0515   0.0000  10.5463   3.8782   0.4500  -0.0000   0.0000  -0.0000  -0.0000  -0.0000   0.0000  -0.0000  -0.0000   -0.981
   380  59.1637   0.0000  10.6603   3.8117   0.4263  -0.0000   0.0000  -0.0000  -0.0000   0.0000   0.0000  -0.0000  -0.0000  999.000
   381  59.2717   0.0000  10.7699   3.7477   0.4028  -0.0000  -0.0000  -0.0000  -0.0000  -0.0000   0.0000  -0.0000  -0.0000   -0.624
   382  59.3754   0.0000  10.8752   3.6863   0.3796  -0.0000  -0.0000  -0.0000  -0.0000  -0.0000   0.0000  -0.0000  -0.0000   -0.299
   383  59.4745   0.0000  10.9758   3.6276   0.3566  -0.0000   0.0000  -0.0000  -0.0000  -0.0000   0.0000  -0.0000  -0.0000  999.000
   384  59.5690   0.0000  11.0717   3.5717   0.3339   0.0000   0.0000   0.0000   0.0000  -0.0000   0.0000  -0.0000  -0.0000  999.000
   385  59.6586   0.0000  11.1628   3.5186   0.3115   0.0000   0.0000   0.0000   0.0000   0.0000   0.0000  -0.0000  -0.0000  999.000
   386  59.7433   0.0000  11.2488   3.4684   0.2894  -0.0000  -0.0000  -0.0000  -0.0000   0.0000   0.0000  -0.0000  -0.0000  999.000
   387  59.8230   0.0000  11.3296   3.4212   0.2677  -0.0000   0.0000  -0.0000  -0.0000   0.0000   0.0000  -0.0000  -0.0000  999.000
   388  59.8974   0.0000  11.4052   3.3771   0.2463  -0.0000  -0.0000  -0.0000  -0.0000   0.0000   0.0000  -0.0000  -0.0000  999.000
   389  59.9666   0.0000  11.4754   3.3362   0.2252  -0.0000  -0.0000  -0.0000  -0.0000   0.0000   0.0000  -0.0000  -0.0000  999.000
   390  60.0304   0.0000  11.5402   3.2984   0.2044  -0.0000  -0.0000  -0.0000  -0.0000   0.0000   0.0000  -0.0000  -0.0000   -0.863
   391  60.0886   0.0000  11.5993   3.2639   0.1839  -0.0000   0.0000  -0.0000  -0.0000  -0.0000   0.0000  -0.0000  -0.0000  999.000
   392  60.1413   0.0000  11.6528   3.2327   0.1637  -0.0000   0.0000  -0.0000  -0.0000  -0.0000   0.0000  -0.0000  -0.0000  999.000
   393  60.1884   0.0000  11.7006   3.2048   0.1438  -0.0000   0.0000  -0.0000  -0.0000  -0.0000   0.0000  -0.0000  -0.0000  999.000
   394  60.2297   0.0000  11.7425   3.1804   0.1241  -0.0000  -0.0000  -0.0000  -0.0000   0.0000   0.0000  -0.0000   0.0000    0.122
   395  60.2652   0.0000  11.7786   3.1593   0.1046  -0.0000  -0.0000  -0.0000  -0.0000  -0.0000   0.0000  -0.0000   0.0000   -0.040
   396  60.2949   0.0000  11.8087   3.1417   0.0853  -0.0000   0.0000  -0.0000  -0.0000   0.0000   0.0000  -0.0000  -0.0000  999.000
   397  60.3187   0.0000  11.8329   3.1276   0.0662  -0.0000  -0.0000  -0.0000  -0.0000  -0.0000   0.0000  -0.0000  -0.0000   -0.731
   398  60.3365   0.0000  11.8511   3.1170   0.0472  -0.0000  -0.0000  -0.0000  -0.0000  -0.0000   0.0000  -0.0000  -0.0000   -0.980
   399  60.3485   0.0000  11.8632   3.1100   0.0283   0.0000   0.0000   0.0000   0.0000  -0.0000   0.0000  -0.0000  -0.0000  999.000
   400  60.3545   0.0000  11.8692   3.1064   0.0094  -0.0000  -0.0000  -0.0000  -0.0000  -0.0000   0.0000  -0.0000  -0.0000   -0.828

  Surface # 6     fuselage_horizontal                     
     # Chordwise = 10   # Spanwise = 10     First strip =401
     Surface area Ssurf =  305.582940     Ave. chord Cave =   52.236400

 Forces referred to Sref, Cref, Bref about Xref, Yref, Zref
 Standard axis orientation,  X fwd, Z down         
     CLsurf  =   0.00985     Clsurf  =  -0.00000
     CYsurf  =  -0.00000     Cmsurf  =   0.05600
     CDsurf  =  -0.00036     Cnsurf  =  -0.00000
     CDisurf =  -0.00036     CDvsurf =   0.00000

 Forces referred to Ssurf, Cave 
     CLsurf  =   0.01582     CDsurf  =  -0.00058

 Strip Forces referred to Strip Area, Chord
    j     Xle      Yle      Zle      Chord    Area     c_cl     ai     cl_norm    cl       cd       cdv    cm_c/4     cm_LE   C.P.x/c
   401   7.4693  -2.6325   0.0000  39.8265  23.2985   0.4973   0.2489   0.0986   0.0135  -0.0045   0.0000   0.0091   0.0008   -0.422
   402   4.3582  -2.0475   0.0000  47.8148  27.9717   0.7739   0.2368   0.0319   0.0164   0.0001   0.0000   0.0095   0.0014   -0.329
   403   2.4947  -1.4625   0.0000  53.5537  31.3289   0.9235   0.2324   0.0214   0.0174   0.0008   0.0000   0.0097   0.0019   -0.311
   404   1.1502  -0.8775   0.0000  58.2257  34.0620   0.9255   0.1847   0.0163   0.0160   0.0006   0.0000   0.0107   0.0031   -0.417
   405   0.2954  -0.2925   0.0000  61.7612  36.1303   0.9229   0.1692   0.0160   0.0153  -0.0008   0.0000   0.0108   0.0050   -0.457
   406   0.2954   0.2925   0.0000  61.7612  36.1303   0.9229   0.1692   0.0160   0.0153  -0.0008   0.0000   0.0108   0.0050   -0.457
   407   1.1502   0.8775   0.0000  58.2257  34.0620   0.9255   0.1847   0.0163   0.0160   0.0006   0.0000   0.0107   0.0031   -0.417
   408   2.4947   1.4625   0.0000  53.5538  31.3289   0.9235   0.2324   0.0214   0.0174   0.0008   0.0000   0.0097   0.0019   -0.311
   409   4.3582   2.0475   0.0000  47.8148  27.9717   0.7739   0.2368   0.0319   0.0164   0.0001   0.0000   0.0095   0.0014   -0.329
   410   7.4692   2.6325   0.0000  39.8266  23.2985   0.4973   0.2489   0.0986   0.0135  -0.0045   0.0000   0.0091   0.0008   -0.422

  Surface # 7     fuselage_vertical                       
     # Chordwise = 10   # Spanwise = 10     First strip =411
     Surface area Ssurf =  302.292047     Ave. chord Cave =   52.236400

 Forces referred to Sref, Cref, Bref about Xref, Yref, Zref
 Standard axis orientation,  X fwd, Z down         
     CLsurf  =  -0.00000     Clsurf  =   0.00000
     CYsurf  =  -0.00000     Cmsurf  =   0.00000
     CDsurf  =   0.00000     Cnsurf  =   0.00000
     CDisurf =   0.00000     CDvsurf =   0.00000

 Forces referred to Ssurf, Cave 
     CLsurf  =   0.00000     CDsurf  =   0.00000

 Strip Forces referred to Strip Area, Chord
    j     Xle      Yle      Zle      Chord    Area     c_cl     ai     cl_norm    cl       cd       cdv    cm_c/4     cm_LE   C.P.x/c
   411   7.4693   0.0000  -2.6041  39.8265  23.0476   0.0000   0.0000   0.0000   0.0000   0.0000   0.0000  -0.0000  -0.0000  999.000
   412   4.3582   0.0000  -2.0255  47.8148  27.6705   0.0000   0.0000   0.0000   0.0000  -0.0000   0.0000  -0.0000  -0.0000  999.000
   413   2.4947   0.0000  -1.4467  53.5537  30.9916   0.0000   0.0000   0.0000   0.0000   0.0000   0.0000   0.0000   0.0000   -0.011
   414   1.1502   0.0000  -0.8680  58.2257  33.6952   0.0000  -0.0000   0.0000   0.0000   0.0000   0.0000   0.0000   0.0000   -0.059
   415   0.2954   0.0000  -0.2894  61.7612  35.7412   0.0000  -0.0000   0.0000   0.0000  -0.0000   0.0000   0.0000   0.0000    0.109
   416   0.2954   0.0000   0.2894  61.7612  35.7412   0.0000   0.0000   0.0000   0.0000  -0.0000   0.0000  -0.0000  -0.0000    0.823
   417   1.1502   0.0000   0.8680  58.2257  33.6952   0.0000  -0.0000   0.0000   0.0000   0.0000   0.0000  -0.0000  -0.0000    0.828
   418   2.4947   0.0000   1.4467  53.5537  30.9916   0.0000  -0.0000   0.0000   0.0000   0.0000   0.0000  -0.0000  -0.0000    0.802
   419   4.3582   0.0000   2.0255  47.8148  27.6705   0.0000  -0.0000   0.0000   0.0000   0.0000   0.0000  -0.0000  -0.0000    0.799
   420   7.4693   0.0000   2.6041  39.8265  23.0476   0.0000  -0.0000   0.0000   0.0000  -0.0000   0.0000  -0.0000  -0.0000    0.828
 ---------------------------------------------------------------
