 ---------------------------------------------------------------
 Surface and Strip Forces by surface

  Sref =  124.86       Cref =  4.4875       Bref =  34.320    
  Xref =  19.176       Yref =  0.0000       Zref =-0.30757E-02

  Surface # 1     main_wing                               
     # Chordwise = 10   # Spanwise = 30     First strip =  1
     Surface area Ssurf =   63.968838     Ave. chord Cave =    3.715026

 Forces referred to Sref, Cref, Bref about Xref, Yref, Zref
 Standard axis orientation,  X fwd, Z down         
     CLsurf  =   0.11089     Clsurf  =  -0.01817
     CYsurf  =  -0.00772     Cmsurf  =   0.00800
     CDsurf  =   0.00159     Cnsurf  =  -0.00002
     CDisurf =   0.00159     CDvsurf =   0.00000

 Forces referred to Ssurf, Cave 
     CLsurf  =   0.21698     CDsurf  =   0.00311

 Strip Forces referred to Strip Area, Chord
    j     Xle      Yle      Zle      Chord    Area     c_cl     ai     cl_norm    cl       cd       cdv    cm_c/4     cm_LE   C.P.x/c
     1  13.6181   0.0114  -0.9295   7.7520   0.3539   1.8366   0.0509   0.3055   0.2369   0.1046   0.0000  -0.0181  -0.0630    0.326
     2  13.6830   0.1025  -0.9255   7.6885   1.0492   1.7644   0.0502   0.2959   0.2295   0.0211   0.0000  -0.0180  -0.0614    0.328
     3  13.8120   0.2837  -0.9176   7.5620   1.7073   1.7549   0.0486   0.2992   0.2321   0.0156   0.0000  -0.0173  -0.0614    0.324
     4  14.0037   0.5530  -0.9059   7.3741   2.3052   1.7420   0.0459   0.3046   0.2362   0.0137   0.0000  -0.0161  -0.0613    0.318
     5  14.2560   0.9075  -0.8904   7.1267   2.8223   1.7177   0.0425   0.3107   0.2410   0.0121   0.0000  -0.0149  -0.0612    0.312
     6  14.5662   1.3432  -0.8714   6.8226   3.2414   1.6767   0.0400   0.3169   0.2458   0.0103   0.0000  -0.0138  -0.0613    0.306
     7  14.9309   1.8554  -0.8490   6.4651   3.5491   1.6149   0.0420   0.3220   0.2498   0.0084   0.0000  -0.0131  -0.0615    0.302
     8  15.3460   2.4386  -0.8236   6.0582   3.7368   1.5294   0.0425   0.3255   0.2525   0.0062   0.0000  -0.0129  -0.0619    0.301
     9  15.8070   3.0862  -0.7953   5.6062   3.8005   1.4199   0.0340   0.3265   0.2533   0.0038   0.0000  -0.0133  -0.0624    0.302
    10  16.2877   3.7613  -0.7658   5.1351   3.4440   1.2956   0.0239   0.3253   0.2523   0.0017   0.0000  -0.0139  -0.0627    0.305
    11  16.7803   4.4532  -0.7356   4.6522   3.3149   1.1634   0.0144   0.3224   0.2501  -0.0000   0.0000  -0.0146  -0.0629    0.309
    12  17.2999   5.1831  -0.7037   4.1429   3.0930   1.0226   0.0017   0.3183   0.2468  -0.0022   0.0000  -0.0156  -0.0630    0.313
    13  17.8026   6.0123  -0.6437   3.7903   3.4706   0.8933  -0.0055   0.2870   0.2357  -0.0028   0.0000  -0.0159  -0.0665    0.318
    14  18.2809   6.9353  -0.5549   3.6075   3.3775   0.7973  -0.0022   0.2692   0.2210  -0.0022   0.0000  -0.0166  -0.0639    0.325
    15  18.7672   7.8737  -0.4645   3.4215   3.2389   0.7163  -0.0001   0.2550   0.2094  -0.0019   0.0000  -0.0175  -0.0621    0.334
    16  19.2562   8.8172  -0.3736   3.2345   3.0619   0.6449   0.0009   0.2428   0.1994  -0.0016   0.0000  -0.0186  -0.0609    0.344
    17  19.7425   9.7556  -0.2833   3.0486   2.8543   0.5802   0.0011   0.2318   0.1903  -0.0014   0.0000  -0.0201  -0.0601    0.356
    18  20.2208  10.6786  -0.1944   2.8657   2.6239   0.5207   0.0006   0.2213   0.1817  -0.0012   0.0000  -0.0224  -0.0603    0.373
    19  20.6858  11.5760  -0.1080   2.6879   2.3787   0.4668  -0.0003   0.2115   0.1737  -0.0006   0.0000  -0.0271  -0.0627    0.406
    20  21.1299  12.4328  -0.0255   2.5181   2.1010   0.4206  -0.0005   0.2034   0.1670  -0.0018   0.0000  -0.0459  -0.0779    0.525
    21  21.5482  13.2400   0.0523   2.3582   1.8520   0.3821   0.0002   0.1973   0.1620  -0.0016   0.0000  -0.0482  -0.0789    0.548
    22  21.9390  13.9941   0.1249   2.2087   1.6074   0.3488   0.0016   0.1924   0.1579  -0.0014   0.0000  -0.0488  -0.0784    0.559
    23  22.2979  14.6868   0.1916   2.0715   1.3716   0.3189   0.0036   0.1875   0.1540  -0.0012   0.0000  -0.0485  -0.0773    0.565
    24  22.6211  15.3105   0.2516   1.9479   1.1479   0.2898   0.0065   0.1812   0.1488  -0.0012   0.0000  -0.0474  -0.0752    0.569
    25  22.9051  15.8583   0.3044   1.8393   0.9381   0.2583   0.0100   0.1711   0.1405  -0.0013   0.0000  -0.0446  -0.0708    0.567
    26  23.1466  16.3244   0.3493   1.7470   0.7427   0.2210   0.0136   0.1540   0.1265  -0.0025   0.0000  -0.0385  -0.0623    0.555
    27  23.5299  16.6722   0.3828   1.4928   0.4131   0.1780   0.0165   0.3980   0.1192  -0.0002   0.0000  -0.0183  -0.0225    0.404
    28  23.9809  16.9098   0.4056   1.1466   0.2292   0.1327   0.0200   0.3864   0.1158  -0.0015   0.0000  -0.0105  -0.0184    0.341
    29  24.2843  17.0696   0.4210   0.9138   0.1104   0.0823   0.0227   0.3007   0.0901  -0.0024   0.0000  -0.0028  -0.0119    0.281
    30  24.4368  17.1499   0.4287   0.7967   0.0322   0.0280   0.0246   0.1172   0.0351  -0.0017   0.0000   0.0003  -0.0040    0.241

  Surface # 2     main_wing (YDUP)                        
     # Chordwise = 10   # Spanwise = 30     First strip = 31
     Surface area Ssurf =   63.968838     Ave. chord Cave =    3.715026

 Forces referred to Sref, Cref, Bref about Xref, Yref, Zref
 Standard axis orientation,  X fwd, Z down         
     CLsurf  =   0.11089     Clsurf  =   0.01817
     CYsurf  =   0.00772     Cmsurf  =   0.00800
     CDsurf  =   0.00159     Cnsurf  =   0.00002
     CDisurf =   0.00159     CDvsurf =   0.00000

 Forces referred to Ssurf, Cave 
     CLsurf  =   0.21698     CDsurf  =   0.00311

 Strip Forces referred to Strip Area, Chord
    j     Xle      Yle      Zle      Chord    Area     c_cl     ai     cl_norm    cl       cd       cdv    cm_c/4     cm_LE   C.P.x/c
    31  13.6181  -0.0114  -0.9295   7.7520   0.3539   1.8366   0.0509   0.3055   0.2369   0.1046   0.0000  -0.0181   0.0630    0.326
    32  13.6830  -0.1025  -0.9255   7.6885   1.0492   1.7644   0.0502   0.2959   0.2295   0.0211   0.0000  -0.0180   0.0614    0.328
    33  13.8120  -0.2837  -0.9176   7.5620   1.7073   1.7549   0.0486   0.2992   0.2321   0.0156   0.0000  -0.0173   0.0614    0.324
    34  14.0037  -0.5530  -0.9059   7.3741   2.3052   1.7420   0.0459   0.3046   0.2362   0.0137   0.0000  -0.0161   0.0613    0.318
    35  14.2560  -0.9075  -0.8904   7.1267   2.8223   1.7177   0.0425   0.3107   0.2410   0.0121   0.0000  -0.0149   0.0612    0.312
    36  14.5662  -1.3432  -0.8714   6.8226   3.2414   1.6767   0.0400   0.3169   0.2458   0.0103   0.0000  -0.0138   0.0613    0.306
    37  14.9309  -1.8554  -0.8490   6.4651   3.5491   1.6149   0.0420   0.3220   0.2498   0.0084   0.0000  -0.0131   0.0615    0.302
    38  15.3460  -2.4386  -0.8236   6.0582   3.7368   1.5294   0.0425   0.3255   0.2525   0.0062   0.0000  -0.0129   0.0619    0.301
    39  15.8070  -3.0862  -0.7953   5.6062   3.8005   1.4199   0.0340   0.3265   0.2533   0.0038   0.0000  -0.0133   0.0624    0.302
    40  16.2877  -3.7613  -0.7658   5.1351   3.4440   1.2956   0.0239   0.3253   0.2523   0.0017   0.0000  -0.0139   0.0627    0.305
    41  16.7803  -4.4532  -0.7356   4.6522   3.3149   1.1634   0.0144   0.3224   0.2501  -0.0000   0.0000  -0.0146   0.0629    0.309
    42  17.2999  -5.1831  -0.7037   4.1429   3.0930   1.0226   0.0017   0.3183   0.2468  -0.0022   0.0000  -0.0156   0.0630    0.313
    43  17.8026  -6.0123  -0.6437   3.7903   3.4706   0.8933  -0.0055   0.2870   0.2357  -0.0028   0.0000  -0.0159   0.0665    0.318
    44  18.2809  -6.9353  -0.5549   3.6075   3.3775   0.7973  -0.0022   0.2692   0.2210  -0.0022   0.0000  -0.0166   0.0639    0.325
    45  18.7672  -7.8737  -0.4645   3.4215   3.2389   0.7163  -0.0001   0.2550   0.2094  -0.0019   0.0000  -0.0175   0.0621    0.334
    46  19.2562  -8.8172  -0.3736   3.2345   3.0619   0.6449   0.0009   0.2428   0.1994  -0.0016   0.0000  -0.0186   0.0609    0.344
    47  19.7425  -9.7556  -0.2833   3.0486   2.8543   0.5802   0.0011   0.2318   0.1903  -0.0014   0.0000  -0.0201   0.0601    0.356
    48  20.2208 -10.6786  -0.1944   2.8657   2.6239   0.5207   0.0006   0.2213   0.1817  -0.0012   0.0000  -0.0224   0.0603    0.373
    49  20.6858 -11.5760  -0.1080   2.6879   2.3787   0.4668  -0.0003   0.2115   0.1737  -0.0006   0.0000  -0.0271   0.0627    0.406
    50  21.1299 -12.4328  -0.0255   2.5181   2.1010   0.4206  -0.0005   0.2034   0.1670  -0.0018   0.0000  -0.0459   0.0779    0.525
    51  21.5482 -13.2400   0.0523   2.3582   1.8520   0.3821   0.0002   0.1973   0.1620  -0.0016   0.0000  -0.0482   0.0789    0.548
    52  21.9390 -13.9941   0.1249   2.2087   1.6074   0.3488   0.0016   0.1924   0.1579  -0.0014   0.0000  -0.0488   0.0784    0.559
    53  22.2979 -14.6868   0.1916   2.0715   1.3716   0.3189   0.0036   0.1875   0.1540  -0.0012   0.0000  -0.0485   0.0773    0.565
    54  22.6211 -15.3105   0.2516   1.9479   1.1479   0.2898   0.0065   0.1812   0.1488  -0.0012   0.0000  -0.0474   0.0752    0.569
    55  22.9051 -15.8583   0.3044   1.8393   0.9381   0.2583   0.0100   0.1711   0.1405  -0.0013   0.0000  -0.0446   0.0708    0.567
    56  23.1466 -16.3244   0.3493   1.7470   0.7427   0.2210   0.0136   0.1540   0.1265  -0.0025   0.0000  -0.0385   0.0623    0.555
    57  23.5299 -16.6722   0.3828   1.4928   0.4131   0.1780   0.0165   0.3980   0.1192  -0.0002   0.0000  -0.0183   0.0225    0.404
    58  23.9809 -16.9098   0.4056   1.1466   0.2292   0.1327   0.0200   0.3864   0.1158  -0.0015   0.0000  -0.0105   0.0184    0.341
    59  24.2843 -17.0696   0.4210   0.9138   0.1104   0.0823   0.0227   0.3007   0.0901  -0.0024   0.0000  -0.0028   0.0119    0.281
    60  24.4368 -17.1499   0.4287   0.7967   0.0322   0.0280   0.0246   0.1172   0.0351  -0.0017   0.0000   0.0003   0.0040    0.241

  Surface # 3     horizontal_stabilizer                   
     # Chordwise = 10   # Spanwise = 30     First strip = 61
     Surface area Ssurf =   20.744605     Ave. chord Cave =    2.848571

 Forces referred to Sref, Cref, Bref about Xref, Yref, Zref
 Standard axis orientation,  X fwd, Z down         
     CLsurf  =  -0.01620     Clsurf  =   0.00147
     CYsurf  =   0.00261     Cmsurf  =   0.05930
     CDsurf  =  -0.00024     Cnsurf  =  -0.00127
     CDisurf =  -0.00024     CDvsurf =   0.00000

 Forces referred to Ssurf, Cave 
     CLsurf  =  -0.09878     CDsurf  =  -0.00144

 Strip Forces referred to Strip Area, Chord
    j     Xle      Yle      Zle      Chord    Area     c_cl     ai     cl_norm    cl       cd       cdv    cm_c/4     cm_LE   C.P.x/c
    61  33.0230   0.0046   1.4667   4.2713   0.0803  -0.3677   0.0125  -0.1111  -0.0861   0.0228   0.0000   0.0052   0.0226    0.311
    62  33.0469   0.0418   1.4723   4.2566   0.2392  -0.4020   0.0122  -0.1218  -0.0944   0.0011   0.0000   0.0051   0.0243    0.304
    63  33.0943   0.1156   1.4835   4.2274   0.3930  -0.4047   0.0118  -0.1235  -0.0957  -0.0004   0.0000   0.0049   0.0243    0.301
    64  33.1649   0.2254   1.5002   4.1839   0.5386  -0.4054   0.0114  -0.1250  -0.0969  -0.0008   0.0000   0.0044   0.0241    0.295
    65  33.2578   0.3698   1.5221   4.1268   0.6730  -0.4054   0.0110  -0.1267  -0.0982  -0.0009   0.0000   0.0037   0.0239    0.288
    66  33.3719   0.5474   1.5490   4.0565   0.7936  -0.4048   0.0106  -0.1287  -0.0998  -0.0011   0.0000   0.0030   0.0236    0.280
    67  33.5097   0.7617   1.5816   3.9717   0.9441  -0.4032   0.0103  -0.1310  -0.1015  -0.0013   0.0000   0.0022   0.0233    0.272
    68  33.6704   1.0116   1.6195   3.8728   1.0344  -0.4004   0.0102  -0.1334  -0.1034  -0.0015   0.0000   0.0015   0.0231    0.265
    69  33.8488   1.2891   1.6616   3.7630   1.1046  -0.3959   0.0103  -0.1357  -0.1052  -0.0016   0.0000   0.0009   0.0229    0.258
    70  34.0430   1.5912   1.7075   3.6435   1.1542  -0.3894   0.0107  -0.1379  -0.1069  -0.0017   0.0000   0.0003   0.0228    0.253
    71  34.2510   1.9146   1.7565   3.5155   1.1831  -0.3805   0.0110  -0.1396  -0.1082  -0.0019   0.0000  -0.0001   0.0227    0.249
    72  34.4703   2.2558   1.8083   3.3805   1.1921  -0.3690   0.0112  -0.1408  -0.1092  -0.0019   0.0000  -0.0005   0.0226    0.245
    73  34.6987   2.6109   1.8622   3.2400   1.1821  -0.3550   0.0109  -0.1413  -0.1096  -0.0020   0.0000  -0.0008   0.0224    0.243
    74  34.9335   2.9762   1.9177   3.0955   1.1548  -0.3385   0.0104  -0.1411  -0.1094  -0.0020   0.0000  -0.0010   0.0222    0.241
    75  35.1723   3.3476   1.9740   2.9485   1.1122  -0.3199   0.0096  -0.1399  -0.1085  -0.0020   0.0000  -0.0012   0.0219    0.239
    76  35.4124   3.7210   2.0307   2.8008   1.0564  -0.2996   0.0088  -0.1380  -0.1070  -0.0019   0.0000  -0.0013   0.0215    0.238
    77  35.6512   4.0924   2.0871   2.6538   0.9900  -0.2781   0.0080  -0.1352  -0.1048  -0.0019   0.0000  -0.0014   0.0210    0.237
    78  35.8861   4.4577   2.1425   2.5093   0.9155  -0.2560   0.0072  -0.1316  -0.1020  -0.0018   0.0000  -0.0015   0.0203    0.236
    79  36.1144   4.8128   2.1964   2.3687   0.8353  -0.2338   0.0065  -0.1273  -0.0987  -0.0017   0.0000  -0.0016   0.0195    0.234
    80  36.3338   5.1540   2.2482   2.2338   0.7518  -0.2119   0.0059  -0.1224  -0.0949  -0.0016   0.0000  -0.0017   0.0186    0.232
    81  36.5417   5.4774   2.2973   2.1058   0.6671  -0.1905   0.0052  -0.1167  -0.0905  -0.0015   0.0000  -0.0020   0.0174    0.228
    82  36.7359   5.7795   2.3431   1.9862   0.5830  -0.1698   0.0046  -0.1103  -0.0855  -0.0014   0.0000  -0.0023   0.0161    0.224
    83  36.9144   6.0570   2.3852   1.8764   0.5012  -0.1499   0.0040  -0.1030  -0.0799  -0.0012   0.0000  -0.0027   0.0146    0.217
    84  37.0750   6.3069   2.4232   1.7776   0.4225  -0.1306   0.0034  -0.0948  -0.0735  -0.0011   0.0000  -0.0031   0.0129    0.207
    85  37.2162   6.5264   2.4565   1.6907   0.3478  -0.1118   0.0029  -0.0853  -0.0661  -0.0010   0.0000  -0.0036   0.0109    0.196
    86  37.3480   6.7314   2.4876   1.6096   0.3326  -0.0924   0.0024  -0.0740  -0.0574  -0.0009   0.0000  -0.0040   0.0088    0.181
    87  37.4657   6.9144   2.5154   1.5372   0.2507  -0.0718   0.0020  -0.0603  -0.0467  -0.0008   0.0000  -0.0041   0.0064    0.163
    88  37.5551   7.0535   2.5365   1.4822   0.1746  -0.0513   0.0017  -0.0446  -0.0346  -0.0006   0.0000  -0.0037   0.0042    0.144
    89  37.6153   7.1471   2.5508   1.4451   0.1029  -0.0308   0.0014  -0.0275  -0.0213  -0.0004   0.0000  -0.0026   0.0023    0.128
    90  37.6455   7.1941   2.5579   1.4265   0.0340  -0.0103   0.0013  -0.0093  -0.0072  -0.0002   0.0000  -0.0009   0.0007    0.120

  Surface # 4     horizontal_stabilizer (YDUP)            
     # Chordwise = 10   # Spanwise = 30     First strip = 91
     Surface area Ssurf =   20.744605     Ave. chord Cave =    2.848571

 Forces referred to Sref, Cref, Bref about Xref, Yref, Zref
 Standard axis orientation,  X fwd, Z down         
     CLsurf  =  -0.01620     Clsurf  =  -0.00147
     CYsurf  =  -0.00261     Cmsurf  =   0.05930
     CDsurf  =  -0.00024     Cnsurf  =   0.00127
     CDisurf =  -0.00024     CDvsurf =   0.00000

 Forces referred to Ssurf, Cave 
     CLsurf  =  -0.09878     CDsurf  =  -0.00144

 Strip Forces referred to Strip Area, Chord
    j     Xle      Yle      Zle      Chord    Area     c_cl     ai     cl_norm    cl       cd       cdv    cm_c/4     cm_LE   C.P.x/c
    91  33.0230  -0.0046   1.4667   4.2713   0.0803  -0.3677   0.0125  -0.1111  -0.0861   0.0228   0.0000   0.0052  -0.0226    0.311
    92  33.0469  -0.0418   1.4723   4.2566   0.2392  -0.4020   0.0122  -0.1218  -0.0944   0.0011   0.0000   0.0051  -0.0243    0.304
    93  33.0943  -0.1156   1.4835   4.2274   0.3930  -0.4047   0.0118  -0.1235  -0.0957  -0.0004   0.0000   0.0049  -0.0243    0.301
    94  33.1649  -0.2254   1.5002   4.1839   0.5386  -0.4054   0.0114  -0.1250  -0.0969  -0.0008   0.0000   0.0044  -0.0241    0.295
    95  33.2578  -0.3698   1.5221   4.1268   0.6730  -0.4054   0.0110  -0.1267  -0.0982  -0.0009   0.0000   0.0037  -0.0239    0.288
    96  33.3719  -0.5474   1.5490   4.0565   0.7936  -0.4048   0.0106  -0.1287  -0.0998  -0.0011   0.0000   0.0030  -0.0236    0.280
    97  33.5097  -0.7617   1.5816   3.9717   0.9441  -0.4032   0.0103  -0.1310  -0.1015  -0.0013   0.0000   0.0022  -0.0233    0.272
    98  33.6704  -1.0116   1.6195   3.8728   1.0344  -0.4004   0.0102  -0.1334  -0.1034  -0.0015   0.0000   0.0015  -0.0231    0.265
    99  33.8488  -1.2891   1.6616   3.7630   1.1046  -0.3959   0.0103  -0.1357  -0.1052  -0.0016   0.0000   0.0009  -0.0229    0.258
   100  34.0430  -1.5912   1.7075   3.6435   1.1542  -0.3894   0.0107  -0.1379  -0.1069  -0.0017   0.0000   0.0003  -0.0228    0.253
   101  34.2510  -1.9146   1.7565   3.5155   1.1831  -0.3805   0.0110  -0.1396  -0.1082  -0.0019   0.0000  -0.0001  -0.0227    0.249
   102  34.4703  -2.2558   1.8083   3.3805   1.1921  -0.3690   0.0112  -0.1408  -0.1092  -0.0019   0.0000  -0.0005  -0.0226    0.245
   103  34.6987  -2.6109   1.8622   3.2400   1.1821  -0.3550   0.0109  -0.1413  -0.1096  -0.0020   0.0000  -0.0008  -0.0224    0.243
   104  34.9335  -2.9762   1.9177   3.0955   1.1548  -0.3385   0.0104  -0.1411  -0.1094  -0.0020   0.0000  -0.0010  -0.0222    0.241
   105  35.1723  -3.3476   1.9740   2.9485   1.1122  -0.3199   0.0096  -0.1399  -0.1085  -0.0020   0.0000  -0.0012  -0.0219    0.239
   106  35.4124  -3.7210   2.0307   2.8008   1.0564  -0.2996   0.0088  -0.1380  -0.1070  -0.0019   0.0000  -0.0013  -0.0215    0.238
   107  35.6512  -4.0924   2.0871   2.6538   0.9900  -0.2781   0.0080  -0.1352  -0.1048  -0.0019   0.0000  -0.0014  -0.0210    0.237
   108  35.8861  -4.4577   2.1425   2.5093   0.9155  -0.2560   0.0072  -0.1316  -0.1020  -0.0018   0.0000  -0.0015  -0.0203    0.236
   109  36.1144  -4.8128   2.1964   2.3687   0.8353  -0.2338   0.0065  -0.1273  -0.0987  -0.0017   0.0000  -0.0016  -0.0195    0.234
   110  36.3338  -5.1540   2.2482   2.2338   0.7518  -0.2119   0.0059  -0.1224  -0.0949  -0.0016   0.0000  -0.0017  -0.0186    0.232
   111  36.5417  -5.4774   2.2973   2.1058   0.6671  -0.1905   0.0052  -0.1167  -0.0905  -0.0015   0.0000  -0.0020  -0.0174    0.228
   112  36.7359  -5.7795   2.3431   1.9862   0.5830  -0.1698   0.0046  -0.1103  -0.0855  -0.0014   0.0000  -0.0023  -0.0161    0.224
   113  36.9144  -6.0570   2.3852   1.8764   0.5012  -0.1499   0.0040  -0.1030  -0.0799  -0.0012   0.0000  -0.0027  -0.0146    0.217
   114  37.0750  -6.3069   2.4232   1.7776   0.4225  -0.1306   0.0034  -0.0948  -0.0735  -0.0011   0.0000  -0.0031  -0.0129    0.207
   115  37.2162  -6.5264   2.4565   1.6907   0.3478  -0.1118   0.0029  -0.0853  -0.0661  -0.0010   0.0000  -0.0036  -0.0109    0.196
   116  37.3480  -6.7314   2.4876   1.6096   0.3326  -0.0924   0.0024  -0.0740  -0.0574  -0.0009   0.0000  -0.0040  -0.0088    0.181
   117  37.4657  -6.9144   2.5154   1.5372   0.2507  -0.0718   0.0020  -0.0603  -0.0467  -0.0008   0.0000  -0.0041  -0.0064    0.163
   118  37.5551  -7.0535   2.5365   1.4822   0.1746  -0.0513   0.0017  -0.0446  -0.0346  -0.0006   0.0000  -0.0037  -0.0042    0.144
   119  37.6153  -7.1471   2.5508   1.4451   0.1029  -0.0308   0.0014  -0.0275  -0.0213  -0.0004   0.0000  -0.0026  -0.0023    0.128
   120  37.6455  -7.1941   2.5579   1.4265   0.0340  -0.0103   0.0013  -0.0093  -0.0072  -0.0002   0.0000  -0.0009  -0.0007    0.120

  Surface # 5     vertical_stabilizer                     
     # Chordwise = 10   # Spanwise = 30     First strip =121
     Surface area Ssurf =   34.910363     Ave. chord Cave =    4.190920

 Forces referred to Sref, Cref, Bref about Xref, Yref, Zref
 Standard axis orientation,  X fwd, Z down         
     CLsurf  =  -0.00000     Clsurf  =   0.00000
     CYsurf  =   0.00000     Cmsurf  =   0.00000
     CDsurf  =   0.00000     Cnsurf  =  -0.00000
     CDisurf =   0.00000     CDvsurf =   0.00000

 Forces referred to Ssurf, Cave 
     CLsurf  =  -0.00000     CDsurf  =   0.00000

 Strip Forces referred to Strip Area, Chord
    j     Xle      Yle      Zle      Chord    Area     c_cl     ai     cl_norm    cl       cd       cdv    cm_c/4     cm_LE   C.P.x/c
   121  27.0137   0.0000   1.5690  10.0347   0.6931  -0.0000   0.0000  -0.0000  -0.0000   0.0000   0.0000   0.0000   0.0000    0.515
   122  27.2327   0.0000   1.6601   9.8296   1.1101  -0.0000  -0.0000  -0.0000  -0.0000   0.0000   0.0000   0.0000   0.0000    0.579
   123  27.5561   0.0000   1.7947   9.5266   1.4857  -0.0000  -0.0000  -0.0000  -0.0000   0.0000   0.0000   0.0000   0.0000    0.626
   124  27.9815   0.0000   1.9717   9.1281   1.8040  -0.0000  -0.0000  -0.0000  -0.0000   0.0000   0.0000   0.0000   0.0000    0.592
   125  28.5051   0.0000   2.1895   8.6377   2.0517  -0.0000  -0.0000  -0.0000  -0.0000   0.0000   0.0000   0.0000   0.0000    0.451
   126  29.1220   0.0000   2.4462   8.0598   2.2181  -0.0000   0.0000  -0.0000  -0.0000   0.0000   0.0000   0.0000   0.0000    0.304
   127  29.8264   0.0000   2.7392   7.4000   2.2957  -0.0000  -0.0000  -0.0000  -0.0000   0.0000   0.0000   0.0000   0.0000    0.459
   128  30.6115   0.0000   3.0659   6.6646   2.2808  -0.0000   0.0000  -0.0000  -0.0000  -0.0000   0.0000   0.0000   0.0000    0.353
   129  31.4694   0.0000   3.4228   5.8609   2.1733  -0.0000  -0.0000  -0.0000  -0.0000   0.0000   0.0000   0.0000   0.0000    0.477
   130  32.3918   0.0000   3.8066   4.9969   1.9773  -0.0000   0.0000  -0.0000  -0.0000  -0.0000   0.0000   0.0000   0.0000    0.360
   131  33.0131   0.0000   4.1929   4.4389   1.6667  -0.0000   0.0000  -0.0000  -0.0000  -0.0000   0.0000   0.0000   0.0000    0.417
   132  33.3001   0.0000   4.5764   4.2198   1.6478  -0.0000  -0.0000  -0.0000  -0.0000   0.0000   0.0000   0.0000   0.0000    0.345
   133  33.5969   0.0000   4.9729   3.9932   1.6033  -0.0000  -0.0000  -0.0000  -0.0000  -0.0000   0.0000   0.0000   0.0000    0.407
   134  33.9004   0.0000   5.3784   3.7615   1.5362  -0.0000   0.0000  -0.0000  -0.0000   0.0000   0.0000   0.0000   0.0000    0.324
   135  34.2075   0.0000   5.7886   3.5271   1.4499  -0.0000  -0.0000  -0.0000  -0.0000   0.0000   0.0000   0.0000   0.0000    0.300
   136  34.5150   0.0000   6.1995   3.2923   1.3482  -0.0000  -0.0000  -0.0000  -0.0000  -0.0000   0.0000   0.0000   0.0000    0.379
   137  34.8197   0.0000   6.6066   3.0597   1.2352  -0.0000   0.0000  -0.0000  -0.0000  -0.0000   0.0000   0.0000   0.0000    0.387
   138  35.1185   0.0000   7.0058   2.8315   1.1147  -0.0000   0.0000  -0.0000  -0.0000  -0.0000   0.0000  -0.0000   0.0000    0.178
   139  35.4083   0.0000   7.3929   2.6103   0.9908  -0.0000   0.0000  -0.0000  -0.0000  -0.0000   0.0000  -0.0000   0.0000    0.246
   140  35.6860   0.0000   7.7640   2.3983   0.8670  -0.0000   0.0000  -0.0000  -0.0000  -0.0000   0.0000   0.0000   0.0000    0.255
   141  35.9487   0.0000   8.1150   2.1977   0.7464  -0.0000   0.0000  -0.0000  -0.0000  -0.0000   0.0000   0.0000   0.0000    0.293
   142  36.1937   0.0000   8.4424   2.0106   0.6318  -0.0000  -0.0000  -0.0000  -0.0000  -0.0000   0.0000   0.0000   0.0000    0.300
   143  36.4185   0.0000   8.7426   1.8390   0.5251  -0.0000   0.0000  -0.0000  -0.0000  -0.0000   0.0000   0.0000   0.0000    0.292
   144  36.6206   0.0000   9.0127   1.6847   0.4276  -0.0000  -0.0000  -0.0000  -0.0000  -0.0000   0.0000  -0.0000   0.0000    0.214
   145  36.7980   0.0000   9.2496   1.5493   0.3400  -0.0000   0.0000  -0.0000  -0.0000  -0.0000   0.0000  -0.0000   0.0000    0.198
   146  36.9487   0.0000   9.4510   1.4342   0.2622  -0.0000  -0.0000  -0.0000  -0.0000  -0.0000   0.0000  -0.0000   0.0000    0.186
   147  37.0713   0.0000   9.6148   1.3407   0.1933  -0.0000   0.0000  -0.0000  -0.0000  -0.0000   0.0000  -0.0000   0.0000    0.129
   148  37.1643   0.0000   9.7391   1.2696   0.1322  -0.0000   0.0000  -0.0000  -0.0000  -0.0000   0.0000  -0.0000   0.0000    0.076
   149  37.2269   0.0000   9.8227   1.2218   0.0769  -0.0000   0.0000  -0.0000  -0.0000  -0.0000   0.0000  -0.0000   0.0000    0.129
   150  37.2584   0.0000   9.8647   1.1978   0.0252  -0.0000  -0.0000  -0.0000  -0.0000  -0.0000   0.0000  -0.0000   0.0000    0.139

  Surface # 6     fuselage_horizontal                     
     # Chordwise = 10   # Spanwise = 10     First strip =151
     Surface area Ssurf =  123.841199     Ave. chord Cave =   33.112620

 Forces referred to Sref, Cref, Bref about Xref, Yref, Zref
 Standard axis orientation,  X fwd, Z down         
     CLsurf  =  -0.00517     Clsurf  =   0.00000
     CYsurf  =   0.00000     Cmsurf  =  -0.00918
     CDsurf  =   0.00003     Cnsurf  =   0.00000
     CDisurf =   0.00003     CDvsurf =   0.00000

 Forces referred to Ssurf, Cave 
     CLsurf  =  -0.00521     CDsurf  =   0.00003

 Strip Forces referred to Strip Area, Chord
    j     Xle      Yle      Zle      Chord    Area     c_cl     ai     cl_norm    cl       cd       cdv    cm_c/4     cm_LE   C.P.x/c
   151   5.0231  -1.6830   0.0000  26.5957   9.9468  -0.1392  -0.0073  -0.0660  -0.0052  -0.0002   0.0000   0.0008   0.0003    0.398
   152   2.9203  -1.3090   0.0000  31.2096  11.6724  -0.1807  -0.0016  -0.0226  -0.0058  -0.0000   0.0000   0.0006   0.0005    0.358
   153   1.6676  -0.9350   0.0000  34.0626  12.7394  -0.1836   0.0157  -0.0132  -0.0054   0.0001   0.0000   0.0001   0.0005    0.278
   154   0.7666  -0.5610   0.0000  36.1620  13.5246  -0.1807   0.0246  -0.0084  -0.0050   0.0001   0.0000  -0.0001   0.0005    0.221
   155   0.1963  -0.1870   0.0000  37.5333  14.0374  -0.1788   0.0282  -0.0055  -0.0048   0.0001   0.0000  -0.0003   0.0006    0.193
   156   0.1963   0.1870   0.0000  37.5333  14.0374  -0.1788   0.0282  -0.0055  -0.0048   0.0001   0.0000  -0.0003   0.0006    0.193
   157   0.7666   0.5610   0.0000  36.1620  13.5246  -0.1807   0.0246  -0.0084  -0.0050   0.0001   0.0000  -0.0001   0.0005    0.221
   158   1.6676   0.9350   0.0000  34.0626  12.7394  -0.1836   0.0157  -0.0132  -0.0054   0.0001   0.0000   0.0001   0.0005    0.278
   159   2.9202   1.3090   0.0000  31.2096  11.6724  -0.1807  -0.0016  -0.0226  -0.0058  -0.0000   0.0000   0.0006   0.0005    0.358
   160   5.0231   1.6830   0.0000  26.5957   9.9468  -0.1392  -0.0073  -0.0660  -0.0052  -0.0002   0.0000   0.0008   0.0003    0.398

  Surface # 7     fuselage_vertical                       
     # Chordwise = 10   # Spanwise = 10     First strip =161
     Surface area Ssurf =  123.841199     Ave. chord Cave =   33.112620

 Forces referred to Sref, Cref, Bref about Xref, Yref, Zref
 Standard axis orientation,  X fwd, Z down         
     CLsurf  =   0.00000     Clsurf  =   0.00000
     CYsurf  =   0.00000     Cmsurf  =  -0.00000
     CDsurf  =   0.00000     Cnsurf  =  -0.00000
     CDisurf =   0.00000     CDvsurf =   0.00000

 Forces referred to Ssurf, Cave 
     CLsurf  =  -0.00000     CDsurf  =   0.00000

 Strip Forces referred to Strip Area, Chord
    j     Xle      Yle      Zle      Chord    Area     c_cl     ai     cl_norm    cl       cd       cdv    cm_c/4     cm_LE   C.P.x/c
   161   5.0231   0.0000  -1.6830  26.5957   9.9468   0.0000  -0.0000   0.0000   0.0000  -0.0000   0.0000  -0.0000  -0.0000    1.089
   162   2.9203   0.0000  -1.3090  31.2096  11.6724   0.0000  -0.0000   0.0000   0.0000   0.0000   0.0000  -0.0000  -0.0000  999.000
   163   1.6676   0.0000  -0.9350  34.0626  12.7394  -0.0000   0.0000  -0.0000  -0.0000   0.0000   0.0000  -0.0000   0.0000    0.022
   164   0.7666   0.0000  -0.5610  36.1620  13.5246  -0.0000   0.0000  -0.0000  -0.0000  -0.0000   0.0000   0.0000   0.0000    0.751
   165   0.1963   0.0000  -0.1870  37.5333  14.0374  -0.0000   0.0000  -0.0000  -0.0000  -0.0000   0.0000   0.0000   0.0000    0.797
   166   0.1963   0.0000   0.1870  37.5333  14.0374  -0.0000   0.0000  -0.0000  -0.0000   0.0000   0.0000   0.0000   0.0000    0.620
   167   0.7666   0.0000   0.5610  36.1620  13.5246  -0.0000   0.0000  -0.0000  -0.0000  -0.0000   0.0000   0.0000   0.0000    0.884
   168   1.6676   0.0000   0.9350  34.0626  12.7394  -0.0000   0.0000  -0.0000  -0.0000   0.0000   0.0000   0.0000   0.0000    0.801
   169   2.9202   0.0000   1.3090  31.2096  11.6724  -0.0000   0.0000  -0.0000  -0.0000   0.0000   0.0000  -0.0000  -0.0000   -0.034
   170   5.0231   0.0000   1.6830  26.5957   9.9468  -0.0000  -0.0000  -0.0000  -0.0000   0.0000   0.0000   0.0000   0.0000    0.880
 ---------------------------------------------------------------
