 ---------------------------------------------------------------
 Surface and Strip Forces by surface

  Sref =  124.86       Cref =  4.4875       Bref =  34.320    
  Xref =  19.176       Yref =  0.0000       Zref =-0.30757E-02

  Surface # 1     main_wing                               
     # Chordwise = 10   # Spanwise = 30     First strip =  1
     Surface area Ssurf =   63.968838     Ave. chord Cave =    3.715026

 Forces referred to Sref, Cref, Bref about Xref, Yref, Zref
 Standard axis orientation,  X fwd, Z down         
     CLsurf  =   0.40458     Clsurf  =  -0.07868
     CYsurf  =  -0.02233     Cmsurf  =   0.00589
     CDsurf  =   0.01422     Cnsurf  =  -0.01002
     CDisurf =   0.01422     CDvsurf =   0.00000

 Forces referred to Ssurf, Cave 
     CLsurf  =   0.79084     CDsurf  =   0.02776

 Strip Forces referred to Strip Area, Chord
    j     Xle      Yle      Zle      Chord    Area     c_cl     ai     cl_norm    cl       cd       cdv    cm_c/4     cm_LE   C.P.x/c
     1  13.6181   0.0114  -0.9295   7.7520   0.3539   5.2048   0.1769   0.7648   0.5923   0.6837   0.0000  -0.0401  -0.1707    0.318
     2  13.6830   0.1025  -0.9255   7.6885   1.0492   4.7331   0.1766   0.7800   0.6041   0.1307   0.0000  -0.0398  -0.1591    0.316
     3  13.8120   0.2837  -0.9176   7.5620   1.7073   4.6927   0.1752   0.7920   0.6134   0.0960   0.0000  -0.0374  -0.1582    0.311
     4  14.0037   0.5530  -0.9059   7.3741   2.3052   4.6690   0.1722   0.8100   0.6274   0.0855   0.0000  -0.0337  -0.1578    0.304
     5  14.2560   0.9075  -0.8904   7.1267   2.8223   4.6339   0.1663   0.8336   0.6456   0.0769   0.0000  -0.0296  -0.1580    0.296
     6  14.5662   1.3432  -0.8714   6.8226   3.2414   4.5767   0.1537   0.8617   0.6674   0.0683   0.0000  -0.0257  -0.1591    0.289
     7  14.9309   1.8554  -0.8490   6.4651   3.5491   4.4899   0.1286   0.8939   0.6924   0.0594   0.0000  -0.0226  -0.1614    0.283
     8  15.3460   2.4386  -0.8236   6.0582   3.7368   4.3680   0.1035   0.9300   0.7203   0.0499   0.0000  -0.0204  -0.1651    0.278
     9  15.8070   3.0862  -0.7953   5.6062   3.8005   4.2082   0.0901   0.9702   0.7514   0.0394   0.0000  -0.0193  -0.1703    0.276
    10  16.2877   3.7613  -0.7658   5.1351   3.4440   4.0201   0.0785   1.0138   0.7852   0.0292   0.0000  -0.0188  -0.1766    0.274
    11  16.7803   4.4532  -0.7356   4.6522   3.3149   3.8121   0.0647   1.0629   0.8232   0.0192   0.0000  -0.0186  -0.1839    0.273
    12  17.2999   5.1831  -0.7037   4.1429   3.0930   3.5847   0.0432   1.1249   0.8712   0.0046   0.0000  -0.0178  -0.1927    0.270
    13  17.8026   6.0123  -0.6437   3.7903   3.4706   3.3481   0.0287   1.0925   0.8901  -0.0009   0.0000  -0.0126  -0.2110    0.264
    14  18.2809   6.9353  -0.5549   3.6075   3.3775   3.1628   0.0271   1.0842   0.8833   0.0000   0.0000  -0.0128  -0.2096    0.264
    15  18.7672   7.8737  -0.4645   3.4215   3.2389   2.9914   0.0234   1.0812   0.8809  -0.0005   0.0000  -0.0133  -0.2095    0.265
    16  19.2562   8.8172  -0.3736   3.2345   3.0619   2.8260   0.0208   1.0806   0.8804  -0.0013   0.0000  -0.0140  -0.2100    0.266
    17  19.7425   9.7556  -0.2833   3.0486   2.8543   2.6631   0.0198   1.0806   0.8804  -0.0023   0.0000  -0.0150  -0.2109    0.267
    18  20.2208  10.6786  -0.1944   2.8657   2.6239   2.5013   0.0199   1.0798   0.8797  -0.0029   0.0000  -0.0165  -0.2120    0.269
    19  20.6858  11.5760  -0.1080   2.6879   2.3787   2.3408   0.0205   1.0771   0.8776  -0.0015   0.0000  -0.0200  -0.2147    0.273
    20  21.1299  12.4328  -0.0255   2.5181   2.1010   2.1848   0.0223   1.0746   0.8756  -0.0116   0.0000  -0.0365  -0.2286    0.292
    21  21.5482  13.2400   0.0523   2.3582   1.8520   2.0335   0.0261   1.0676   0.8698  -0.0081   0.0000  -0.0376  -0.2283    0.293
    22  21.9390  13.9941   0.1249   2.2087   1.6074   1.8828   0.0318   1.0552   0.8597  -0.0072   0.0000  -0.0366  -0.2252    0.293
    23  22.2979  14.6868   0.1916   2.0715   1.3716   1.7279   0.0397   1.0325   0.8412  -0.0066   0.0000  -0.0341  -0.2188    0.291
    24  22.6211  15.3105   0.2516   1.9479   1.1479   1.5613   0.0498   0.9921   0.8083  -0.0058   0.0000  -0.0301  -0.2080    0.287
    25  22.9051  15.8583   0.3044   1.8393   0.9381   1.3742   0.0612   0.9246   0.7533  -0.0043   0.0000  -0.0252  -0.1913    0.284
    26  23.1466  16.3244   0.3493   1.7470   0.7427   1.1586   0.0729   0.8200   0.6681   0.0003   0.0000  -0.0234  -0.1707    0.285
    27  23.5299  16.6722   0.3828   1.4928   0.4131   0.9227   0.0842   2.0887   0.6252  -0.0195   0.0000  -0.0106  -0.0820    0.267
    28  23.9809  16.9098   0.4056   1.1466   0.2292   0.6818   0.0981   2.0244   0.6060  -0.0548   0.0000   0.0160  -0.0670    0.224
    29  24.2843  17.0696   0.4210   0.9138   0.1104   0.4200   0.1086   1.5804   0.4731  -0.0801   0.0000   0.0395  -0.0394    0.166
    30  24.4368  17.1499   0.4287   0.7967   0.0322   0.1420   0.1144   0.6251   0.1871  -0.0603   0.0000   0.0253  -0.0107    0.115

  Surface # 2     main_wing (YDUP)                        
     # Chordwise = 10   # Spanwise = 30     First strip = 31
     Surface area Ssurf =   63.968838     Ave. chord Cave =    3.715026

 Forces referred to Sref, Cref, Bref about Xref, Yref, Zref
 Standard axis orientation,  X fwd, Z down         
     CLsurf  =   0.40458     Clsurf  =   0.07868
     CYsurf  =   0.02233     Cmsurf  =   0.00589
     CDsurf  =   0.01422     Cnsurf  =   0.01002
     CDisurf =   0.01422     CDvsurf =   0.00000

 Forces referred to Ssurf, Cave 
     CLsurf  =   0.79084     CDsurf  =   0.02776

 Strip Forces referred to Strip Area, Chord
    j     Xle      Yle      Zle      Chord    Area     c_cl     ai     cl_norm    cl       cd       cdv    cm_c/4     cm_LE   C.P.x/c
    31  13.6181  -0.0114  -0.9295   7.7520   0.3539   5.2048   0.1769   0.7648   0.5923   0.6837   0.0000  -0.0401   0.1707    0.318
    32  13.6830  -0.1025  -0.9255   7.6885   1.0492   4.7331   0.1766   0.7800   0.6041   0.1307   0.0000  -0.0398   0.1591    0.316
    33  13.8120  -0.2837  -0.9176   7.5620   1.7073   4.6927   0.1752   0.7920   0.6134   0.0960   0.0000  -0.0374   0.1582    0.311
    34  14.0037  -0.5530  -0.9059   7.3741   2.3052   4.6690   0.1722   0.8100   0.6274   0.0855   0.0000  -0.0337   0.1578    0.304
    35  14.2560  -0.9075  -0.8904   7.1267   2.8223   4.6339   0.1663   0.8336   0.6456   0.0769   0.0000  -0.0296   0.1580    0.296
    36  14.5662  -1.3432  -0.8714   6.8226   3.2414   4.5767   0.1537   0.8617   0.6674   0.0683   0.0000  -0.0257   0.1591    0.289
    37  14.9309  -1.8554  -0.8490   6.4651   3.5491   4.4899   0.1286   0.8939   0.6924   0.0594   0.0000  -0.0226   0.1614    0.283
    38  15.3460  -2.4386  -0.8236   6.0582   3.7368   4.3680   0.1035   0.9300   0.7203   0.0499   0.0000  -0.0204   0.1651    0.278
    39  15.8070  -3.0862  -0.7953   5.6062   3.8005   4.2082   0.0901   0.9702   0.7514   0.0394   0.0000  -0.0193   0.1703    0.276
    40  16.2877  -3.7613  -0.7658   5.1351   3.4440   4.0201   0.0785   1.0138   0.7852   0.0292   0.0000  -0.0188   0.1766    0.274
    41  16.7803  -4.4532  -0.7356   4.6522   3.3149   3.8121   0.0647   1.0629   0.8232   0.0192   0.0000  -0.0186   0.1839    0.273
    42  17.2999  -5.1831  -0.7037   4.1429   3.0930   3.5847   0.0432   1.1249   0.8712   0.0046   0.0000  -0.0178   0.1927    0.270
    43  17.8026  -6.0123  -0.6437   3.7903   3.4706   3.3481   0.0287   1.0925   0.8901  -0.0009   0.0000  -0.0126   0.2110    0.264
    44  18.2809  -6.9353  -0.5549   3.6075   3.3775   3.1628   0.0271   1.0842   0.8833   0.0000   0.0000  -0.0128   0.2096    0.264
    45  18.7672  -7.8737  -0.4645   3.4215   3.2389   2.9914   0.0234   1.0812   0.8809  -0.0005   0.0000  -0.0133   0.2095    0.265
    46  19.2562  -8.8172  -0.3736   3.2345   3.0619   2.8260   0.0208   1.0806   0.8804  -0.0013   0.0000  -0.0140   0.2100    0.266
    47  19.7425  -9.7556  -0.2833   3.0486   2.8543   2.6631   0.0198   1.0806   0.8804  -0.0023   0.0000  -0.0150   0.2109    0.267
    48  20.2208 -10.6786  -0.1944   2.8657   2.6239   2.5013   0.0199   1.0798   0.8797  -0.0029   0.0000  -0.0165   0.2120    0.269
    49  20.6858 -11.5760  -0.1080   2.6879   2.3787   2.3408   0.0205   1.0771   0.8776  -0.0015   0.0000  -0.0200   0.2147    0.273
    50  21.1299 -12.4328  -0.0255   2.5181   2.1010   2.1848   0.0223   1.0746   0.8756  -0.0116   0.0000  -0.0365   0.2286    0.292
    51  21.5482 -13.2400   0.0523   2.3582   1.8520   2.0335   0.0261   1.0676   0.8698  -0.0081   0.0000  -0.0376   0.2283    0.293
    52  21.9390 -13.9941   0.1249   2.2087   1.6074   1.8828   0.0318   1.0552   0.8597  -0.0072   0.0000  -0.0366   0.2252    0.293
    53  22.2979 -14.6868   0.1916   2.0715   1.3716   1.7279   0.0397   1.0325   0.8412  -0.0066   0.0000  -0.0341   0.2188    0.291
    54  22.6211 -15.3105   0.2516   1.9479   1.1479   1.5613   0.0498   0.9921   0.8083  -0.0058   0.0000  -0.0301   0.2080    0.287
    55  22.9051 -15.8583   0.3044   1.8393   0.9381   1.3742   0.0612   0.9246   0.7533  -0.0043   0.0000  -0.0252   0.1913    0.284
    56  23.1466 -16.3244   0.3493   1.7470   0.7427   1.1586   0.0729   0.8200   0.6681   0.0003   0.0000  -0.0234   0.1707    0.285
    57  23.5299 -16.6722   0.3828   1.4928   0.4131   0.9227   0.0842   2.0887   0.6252  -0.0195   0.0000  -0.0106   0.0820    0.267
    58  23.9809 -16.9098   0.4056   1.1466   0.2292   0.6818   0.0981   2.0244   0.6060  -0.0548   0.0000   0.0160   0.0670    0.224
    59  24.2843 -17.0696   0.4210   0.9138   0.1104   0.4200   0.1086   1.5804   0.4731  -0.0801   0.0000   0.0395   0.0394    0.166
    60  24.4368 -17.1499   0.4287   0.7967   0.0322   0.1420   0.1144   0.6251   0.1871  -0.0603   0.0000   0.0253   0.0107    0.115

  Surface # 3     horizontal_stabilizer                   
     # Chordwise = 10   # Spanwise = 30     First strip = 61
     Surface area Ssurf =   20.744605     Ave. chord Cave =    2.848571

 Forces referred to Sref, Cref, Bref about Xref, Yref, Zref
 Standard axis orientation,  X fwd, Z down         
     CLsurf  =   0.04212     Clsurf  =  -0.00432
     CYsurf  =  -0.00674     Cmsurf  =  -0.15801
     CDsurf  =   0.00329     Cnsurf  =   0.00297
     CDisurf =   0.00329     CDvsurf =   0.00000

 Forces referred to Ssurf, Cave 
     CLsurf  =   0.25672     CDsurf  =   0.01978

 Strip Forces referred to Strip Area, Chord
    j     Xle      Yle      Zle      Chord    Area     c_cl     ai     cl_norm    cl       cd       cdv    cm_c/4     cm_LE   C.P.x/c
    61  33.0230   0.0046   1.4667   4.2713   0.0803   0.9926   0.1250   0.2888   0.2204   0.1117   0.0000  -0.0126  -0.0610    0.307
    62  33.0469   0.0418   1.4723   4.2566   0.2392   0.8625   0.1254   0.2630   0.2007   0.0275   0.0000  -0.0123  -0.0545    0.311
    63  33.0943   0.1156   1.4835   4.2274   0.3930   0.8527   0.1255   0.2627   0.2005   0.0220   0.0000  -0.0117  -0.0538    0.308
    64  33.1649   0.2254   1.5002   4.1839   0.5386   0.8504   0.1250   0.2649   0.2022   0.0209   0.0000  -0.0106  -0.0532    0.303
    65  33.2578   0.3698   1.5221   4.1268   0.6730   0.8493   0.1238   0.2684   0.2048   0.0204   0.0000  -0.0093  -0.0527    0.296
    66  33.3719   0.5474   1.5490   4.0565   0.7936   0.8483   0.1217   0.2728   0.2082   0.0201   0.0000  -0.0079  -0.0523    0.288
    67  33.5097   0.7617   1.5816   3.9717   0.9441   0.8467   0.1185   0.2782   0.2123   0.0199   0.0000  -0.0066  -0.0520    0.281
    68  33.6704   1.0116   1.6195   3.8728   1.0344   0.8443   0.1140   0.2846   0.2172   0.0198   0.0000  -0.0053  -0.0520    0.275
    69  33.8488   1.2891   1.6616   3.7630   1.1046   0.8410   0.1084   0.2919   0.2227   0.0197   0.0000  -0.0042  -0.0523    0.269
    70  34.0430   1.5912   1.7075   3.6435   1.1542   0.8369   0.1021   0.3000   0.2290   0.0198   0.0000  -0.0033  -0.0529    0.265
    71  34.2510   1.9146   1.7565   3.5155   1.1831   0.8319   0.0957   0.3092   0.2360   0.0199   0.0000  -0.0026  -0.0538    0.261
    72  34.4703   2.2558   1.8083   3.3805   1.1921   0.8262   0.0901   0.3194   0.2437   0.0200   0.0000  -0.0019  -0.0550    0.258
    73  34.6987   2.6109   1.8622   3.2400   1.1821   0.8196   0.0856   0.3307   0.2524   0.0202   0.0000  -0.0013  -0.0563    0.255
    74  34.9335   2.9762   1.9177   3.0955   1.1548   0.8121   0.0823   0.3430   0.2618   0.0204   0.0000  -0.0008  -0.0579    0.253
    75  35.1723   3.3476   1.9740   2.9485   1.1122   0.8032   0.0799   0.3563   0.2719   0.0205   0.0000  -0.0002  -0.0596    0.251
    76  35.4124   3.7210   2.0307   2.8008   1.0564   0.7923   0.0783   0.3701   0.2825   0.0206   0.0000   0.0004  -0.0614    0.248
    77  35.6512   4.0924   2.0871   2.6538   0.9900   0.7789   0.0773   0.3841   0.2932   0.0207   0.0000   0.0012  -0.0631    0.246
    78  35.8861   4.4577   2.1425   2.5093   0.9155   0.7623   0.0769   0.3977   0.3035   0.0206   0.0000   0.0020  -0.0646    0.243
    79  36.1144   4.8128   2.1964   2.3687   0.8353   0.7417   0.0772   0.4101   0.3130   0.0204   0.0000   0.0031  -0.0658    0.240
    80  36.3338   5.1540   2.2482   2.2338   0.7518   0.7164   0.0780   0.4202   0.3207   0.0200   0.0000   0.0044  -0.0664    0.236
    81  36.5417   5.4774   2.2973   2.1058   0.6671   0.6858   0.0795   0.4268   0.3257   0.0193   0.0000   0.0060  -0.0661    0.232
    82  36.7359   5.7795   2.3431   1.9862   0.5830   0.6490   0.0816   0.4284   0.3269   0.0184   0.0000   0.0081  -0.0646    0.225
    83  36.9144   6.0570   2.3852   1.8764   0.5012   0.6056   0.0841   0.4233   0.3230   0.0172   0.0000   0.0106  -0.0616    0.217
    84  37.0750   6.3069   2.4232   1.7776   0.4225   0.5551   0.0870   0.4097   0.3127   0.0157   0.0000   0.0135  -0.0569    0.207
    85  37.2162   6.5264   2.4565   1.6907   0.3478   0.4972   0.0898   0.3860   0.2946   0.0137   0.0000   0.0164  -0.0505    0.194
    86  37.3480   6.7314   2.4876   1.6096   0.3326   0.4286   0.0927   0.3497   0.2669   0.0114   0.0000   0.0191  -0.0422    0.178
    87  37.4657   6.9144   2.5154   1.5372   0.2507   0.3455   0.0954   0.2954   0.2254   0.0084   0.0000   0.0206  -0.0319    0.159
    88  37.5551   7.0535   2.5365   1.4822   0.1746   0.2535   0.0976   0.2249   0.1717   0.0051   0.0000   0.0191  -0.0214    0.139
    89  37.6153   7.1471   2.5508   1.4451   0.1029   0.1548   0.0991   0.1411   0.1077   0.0020   0.0000   0.0139  -0.0118    0.121
    90  37.6455   7.1941   2.5579   1.4265   0.0340   0.0521   0.0999   0.0484   0.0369  -0.0011   0.0000   0.0051  -0.0037    0.112

  Surface # 4     horizontal_stabilizer (YDUP)            
     # Chordwise = 10   # Spanwise = 30     First strip = 91
     Surface area Ssurf =   20.744605     Ave. chord Cave =    2.848571

 Forces referred to Sref, Cref, Bref about Xref, Yref, Zref
 Standard axis orientation,  X fwd, Z down         
     CLsurf  =   0.04212     Clsurf  =   0.00432
     CYsurf  =   0.00674     Cmsurf  =  -0.15801
     CDsurf  =   0.00329     Cnsurf  =  -0.00297
     CDisurf =   0.00329     CDvsurf =   0.00000

 Forces referred to Ssurf, Cave 
     CLsurf  =   0.25672     CDsurf  =   0.01978

 Strip Forces referred to Strip Area, Chord
    j     Xle      Yle      Zle      Chord    Area     c_cl     ai     cl_norm    cl       cd       cdv    cm_c/4     cm_LE   C.P.x/c
    91  33.0230  -0.0046   1.4667   4.2713   0.0803   0.9926   0.1250   0.2888   0.2204   0.1117   0.0000  -0.0126   0.0610    0.307
    92  33.0469  -0.0418   1.4723   4.2566   0.2392   0.8625   0.1254   0.2630   0.2007   0.0275   0.0000  -0.0123   0.0545    0.311
    93  33.0943  -0.1156   1.4835   4.2274   0.3930   0.8527   0.1255   0.2627   0.2005   0.0220   0.0000  -0.0117   0.0538    0.308
    94  33.1649  -0.2254   1.5002   4.1839   0.5386   0.8504   0.1250   0.2649   0.2022   0.0209   0.0000  -0.0106   0.0532    0.303
    95  33.2578  -0.3698   1.5221   4.1268   0.6730   0.8493   0.1238   0.2684   0.2048   0.0204   0.0000  -0.0093   0.0527    0.296
    96  33.3719  -0.5474   1.5490   4.0565   0.7936   0.8483   0.1217   0.2728   0.2082   0.0201   0.0000  -0.0079   0.0523    0.288
    97  33.5097  -0.7617   1.5816   3.9717   0.9441   0.8467   0.1185   0.2782   0.2123   0.0199   0.0000  -0.0066   0.0520    0.281
    98  33.6704  -1.0116   1.6195   3.8728   1.0344   0.8443   0.1140   0.2846   0.2172   0.0198   0.0000  -0.0053   0.0520    0.275
    99  33.8488  -1.2891   1.6616   3.7630   1.1046   0.8410   0.1084   0.2919   0.2227   0.0197   0.0000  -0.0042   0.0523    0.269
   100  34.0430  -1.5912   1.7075   3.6435   1.1542   0.8369   0.1021   0.3000   0.2290   0.0198   0.0000  -0.0033   0.0529    0.265
   101  34.2510  -1.9146   1.7565   3.5155   1.1831   0.8319   0.0957   0.3092   0.2360   0.0199   0.0000  -0.0026   0.0538    0.261
   102  34.4703  -2.2558   1.8083   3.3805   1.1921   0.8262   0.0901   0.3194   0.2437   0.0200   0.0000  -0.0019   0.0550    0.258
   103  34.6987  -2.6109   1.8622   3.2400   1.1821   0.8196   0.0856   0.3307   0.2524   0.0202   0.0000  -0.0013   0.0563    0.255
   104  34.9335  -2.9762   1.9177   3.0955   1.1548   0.8121   0.0823   0.3430   0.2618   0.0204   0.0000  -0.0008   0.0579    0.253
   105  35.1723  -3.3476   1.9740   2.9485   1.1122   0.8032   0.0799   0.3563   0.2719   0.0205   0.0000  -0.0002   0.0596    0.251
   106  35.4124  -3.7210   2.0307   2.8008   1.0564   0.7923   0.0783   0.3701   0.2825   0.0206   0.0000   0.0004   0.0614    0.248
   107  35.6512  -4.0924   2.0871   2.6538   0.9900   0.7789   0.0773   0.3841   0.2932   0.0207   0.0000   0.0012   0.0631    0.246
   108  35.8861  -4.4577   2.1425   2.5093   0.9155   0.7623   0.0769   0.3977   0.3035   0.0206   0.0000   0.0020   0.0646    0.243
   109  36.1144  -4.8128   2.1964   2.3687   0.8353   0.7417   0.0772   0.4101   0.3130   0.0204   0.0000   0.0031   0.0658    0.240
   110  36.3338  -5.1540   2.2482   2.2338   0.7518   0.7164   0.0780   0.4202   0.3207   0.0200   0.0000   0.0044   0.0664    0.236
   111  36.5417  -5.4774   2.2973   2.1058   0.6671   0.6858   0.0795   0.4268   0.3257   0.0193   0.0000   0.0060   0.0661    0.232
   112  36.7359  -5.7795   2.3431   1.9862   0.5830   0.6490   0.0816   0.4284   0.3269   0.0184   0.0000   0.0081   0.0646    0.225
   113  36.9144  -6.0570   2.3852   1.8764   0.5012   0.6056   0.0841   0.4233   0.3230   0.0172   0.0000   0.0106   0.0616    0.217
   114  37.0750  -6.3069   2.4232   1.7776   0.4225   0.5551   0.0870   0.4097   0.3127   0.0157   0.0000   0.0135   0.0569    0.207
   115  37.2162  -6.5264   2.4565   1.6907   0.3478   0.4972   0.0898   0.3860   0.2946   0.0137   0.0000   0.0164   0.0505    0.194
   116  37.3480  -6.7314   2.4876   1.6096   0.3326   0.4286   0.0927   0.3497   0.2669   0.0114   0.0000   0.0191   0.0422    0.178
   117  37.4657  -6.9144   2.5154   1.5372   0.2507   0.3455   0.0954   0.2954   0.2254   0.0084   0.0000   0.0206   0.0319    0.159
   118  37.5551  -7.0535   2.5365   1.4822   0.1746   0.2535   0.0976   0.2249   0.1717   0.0051   0.0000   0.0191   0.0214    0.139
   119  37.6153  -7.1471   2.5508   1.4451   0.1029   0.1548   0.0991   0.1411   0.1077   0.0020   0.0000   0.0139   0.0118    0.121
   120  37.6455  -7.1941   2.5579   1.4265   0.0340   0.0521   0.0999   0.0484   0.0369  -0.0011   0.0000   0.0051   0.0037    0.112

  Surface # 5     vertical_stabilizer                     
     # Chordwise = 10   # Spanwise = 30     First strip =121
     Surface area Ssurf =   34.910363     Ave. chord Cave =    4.190920

 Forces referred to Sref, Cref, Bref about Xref, Yref, Zref
 Standard axis orientation,  X fwd, Z down         
     CLsurf  =  -0.00000     Clsurf  =  -0.00000
     CYsurf  =  -0.00000     Cmsurf  =   0.00000
     CDsurf  =   0.00000     Cnsurf  =   0.00000
     CDisurf =   0.00000     CDvsurf =   0.00000

 Forces referred to Ssurf, Cave 
     CLsurf  =   0.00000     CDsurf  =   0.00000

 Strip Forces referred to Strip Area, Chord
    j     Xle      Yle      Zle      Chord    Area     c_cl     ai     cl_norm    cl       cd       cdv    cm_c/4     cm_LE   C.P.x/c
   121  27.0137   0.0000   1.5690  10.0347   0.6931  -0.0000  -0.0000  -0.0000  -0.0000   0.0000   0.0000   0.0000   0.0000    1.724
   122  27.2327   0.0000   1.6601   9.8296   1.1101   0.0000  -0.0000   0.0000   0.0000  -0.0000   0.0000   0.0000   0.0000   -0.473
   123  27.5561   0.0000   1.7947   9.5266   1.4857  -0.0000  -0.0000  -0.0000  -0.0000  -0.0000   0.0000   0.0000   0.0000    1.686
   124  27.9815   0.0000   1.9717   9.1281   1.8040  -0.0000  -0.0000  -0.0000  -0.0000   0.0000   0.0000   0.0000   0.0000    1.053
   125  28.5051   0.0000   2.1895   8.6377   2.0517  -0.0000  -0.0000  -0.0000  -0.0000  -0.0000   0.0000   0.0000   0.0000    1.956
   126  29.1220   0.0000   2.4462   8.0598   2.2181  -0.0000  -0.0000  -0.0000  -0.0000   0.0000   0.0000   0.0000   0.0000    1.064
   127  29.8264   0.0000   2.7392   7.4000   2.2957   0.0000   0.0000   0.0000   0.0000   0.0000   0.0000  -0.0000  -0.0000  999.000
   128  30.6115   0.0000   3.0659   6.6646   2.2808  -0.0000  -0.0000  -0.0000  -0.0000  -0.0000   0.0000  -0.0000   0.0000   -0.181
   129  31.4694   0.0000   3.4228   5.8609   2.1733  -0.0000  -0.0000  -0.0000  -0.0000  -0.0000   0.0000   0.0000   0.0000    0.513
   130  32.3918   0.0000   3.8066   4.9969   1.9773  -0.0000  -0.0000  -0.0000  -0.0000   0.0000   0.0000  -0.0000  -0.0000  999.000
   131  33.0131   0.0000   4.1929   4.4389   1.6667   0.0000  -0.0000   0.0000   0.0000   0.0000   0.0000  -0.0000  -0.0000    0.492
   132  33.3001   0.0000   4.5764   4.2198   1.6478   0.0000   0.0000   0.0000   0.0000   0.0000   0.0000  -0.0000  -0.0000    0.671
   133  33.5969   0.0000   4.9729   3.9932   1.6033   0.0000   0.0000   0.0000   0.0000   0.0000   0.0000  -0.0000  -0.0000    0.328
   134  33.9004   0.0000   5.3784   3.7615   1.5362   0.0000   0.0000   0.0000   0.0000  -0.0000   0.0000   0.0000  -0.0000    0.156
   135  34.2075   0.0000   5.7886   3.5271   1.4499   0.0000  -0.0000   0.0000   0.0000  -0.0000   0.0000  -0.0000  -0.0000    0.356
   136  34.5150   0.0000   6.1995   3.2923   1.3482   0.0000  -0.0000   0.0000   0.0000   0.0000   0.0000  -0.0000  -0.0000    0.331
   137  34.8197   0.0000   6.6066   3.0597   1.2352   0.0000  -0.0000   0.0000   0.0000  -0.0000   0.0000   0.0000  -0.0000    0.144
   138  35.1185   0.0000   7.0058   2.8315   1.1147   0.0000  -0.0000   0.0000   0.0000  -0.0000   0.0000   0.0000  -0.0000    0.099
   139  35.4083   0.0000   7.3929   2.6103   0.9908   0.0000   0.0000   0.0000   0.0000  -0.0000   0.0000  -0.0000  -0.0000    0.260
   140  35.6860   0.0000   7.7640   2.3983   0.8670   0.0000  -0.0000   0.0000   0.0000  -0.0000   0.0000   0.0000  -0.0000    0.083
   141  35.9487   0.0000   8.1150   2.1977   0.7464   0.0000  -0.0000   0.0000   0.0000  -0.0000   0.0000   0.0000   0.0000   -0.199
   142  36.1937   0.0000   8.4424   2.0106   0.6318   0.0000  -0.0000   0.0000   0.0000   0.0000   0.0000   0.0000  -0.0000    0.092
   143  36.4185   0.0000   8.7426   1.8390   0.5251   0.0000  -0.0000   0.0000   0.0000  -0.0000   0.0000   0.0000  -0.0000    0.157
   144  36.6206   0.0000   9.0127   1.6847   0.4276   0.0000   0.0000   0.0000   0.0000   0.0000   0.0000  -0.0000  -0.0000    0.291
   145  36.7980   0.0000   9.2496   1.5493   0.3400   0.0000   0.0000   0.0000   0.0000  -0.0000   0.0000   0.0000   0.0000   -0.250
   146  36.9487   0.0000   9.4510   1.4342   0.2622   0.0000   0.0000   0.0000   0.0000   0.0000   0.0000   0.0000   0.0000   -0.372
   147  37.0713   0.0000   9.6148   1.3407   0.1933   0.0000   0.0000   0.0000   0.0000   0.0000   0.0000   0.0000  -0.0000    0.063
   148  37.1643   0.0000   9.7391   1.2696   0.1322   0.0000   0.0000   0.0000   0.0000  -0.0000   0.0000   0.0000   0.0000   -0.176
   149  37.2269   0.0000   9.8227   1.2218   0.0769   0.0000   0.0000   0.0000   0.0000  -0.0000   0.0000   0.0000   0.0000   -0.159
   150  37.2584   0.0000   9.8647   1.1978   0.0252   0.0000   0.0000   0.0000   0.0000  -0.0000   0.0000   0.0000   0.0000   -0.132

  Surface # 6     fuselage_horizontal                     
     # Chordwise = 10   # Spanwise = 10     First strip =151
     Surface area Ssurf =  123.841199     Ave. chord Cave =   33.112620

 Forces referred to Sref, Cref, Bref about Xref, Yref, Zref
 Standard axis orientation,  X fwd, Z down         
     CLsurf  =   0.01064     Clsurf  =   0.00000
     CYsurf  =   0.00000     Cmsurf  =   0.07130
     CDsurf  =  -0.00022     Cnsurf  =  -0.00000
     CDisurf =  -0.00022     CDvsurf =   0.00000

 Forces referred to Ssurf, Cave 
     CLsurf  =   0.01073     CDsurf  =  -0.00022

 Strip Forces referred to Strip Area, Chord
    j     Xle      Yle      Zle      Chord    Area     c_cl     ai     cl_norm    cl       cd       cdv    cm_c/4     cm_LE   C.P.x/c
   151   5.0231  -1.6830   0.0000  26.5957   9.9468   0.2419   0.1816   0.1028   0.0096  -0.0032   0.0000   0.0047   0.0003   -0.237
   152   2.9203  -1.3090   0.0000  31.2096  11.6724   0.3434   0.1955   0.0419   0.0112  -0.0010   0.0000   0.0058   0.0008   -0.268
   153   1.6676  -0.9350   0.0000  34.0626  12.7394   0.3755   0.1802   0.0266   0.0111  -0.0001   0.0000   0.0070   0.0014   -0.379
   154   0.7666  -0.5610   0.0000  36.1620  13.5246   0.3938   0.1754   0.0181   0.0109   0.0006   0.0000   0.0075   0.0022   -0.442
   155   0.1963  -0.1870   0.0000  37.5333  14.0374   0.4046   0.1758   0.0123   0.0106   0.0017   0.0000   0.0077   0.0034   -0.471
   156   0.1963   0.1870   0.0000  37.5333  14.0374   0.4046   0.1758   0.0123   0.0106   0.0017   0.0000   0.0077   0.0034   -0.471
   157   0.7666   0.5610   0.0000  36.1620  13.5246   0.3938   0.1754   0.0181   0.0109   0.0006   0.0000   0.0075   0.0022   -0.442
   158   1.6676   0.9350   0.0000  34.0626  12.7394   0.3755   0.1802   0.0266   0.0111  -0.0001   0.0000   0.0070   0.0014   -0.379
   159   2.9202   1.3090   0.0000  31.2096  11.6724   0.3434   0.1955   0.0419   0.0112  -0.0010   0.0000   0.0058   0.0008   -0.268
   160   5.0231   1.6830   0.0000  26.5957   9.9468   0.2419   0.1816   0.1028   0.0096  -0.0032   0.0000   0.0047   0.0003   -0.237

  Surface # 7     fuselage_vertical                       
     # Chordwise = 10   # Spanwise = 10     First strip =161
     Surface area Ssurf =  123.841199     Ave. chord Cave =   33.112620

 Forces referred to Sref, Cref, Bref about Xref, Yref, Zref
 Standard axis orientation,  X fwd, Z down         
     CLsurf  =   0.00000     Clsurf  =  -0.00000
     CYsurf  =  -0.00000     Cmsurf  =  -0.00000
     CDsurf  =   0.00000     Cnsurf  =   0.00000
     CDisurf =   0.00000     CDvsurf =   0.00000

 Forces referred to Ssurf, Cave 
     CLsurf  =   0.00000     CDsurf  =   0.00000

 Strip Forces referred to Strip Area, Chord
    j     Xle      Yle      Zle      Chord    Area     c_cl     ai     cl_norm    cl       cd       cdv    cm_c/4     cm_LE   C.P.x/c
   161   5.0231   0.0000  -1.6830  26.5957   9.9468  -0.0000   0.0000  -0.0000  -0.0000   0.0000   0.0000   0.0000   0.0000  999.000
   162   2.9203   0.0000  -1.3090  31.2096  11.6724   0.0000   0.0000   0.0000   0.0000   0.0000   0.0000  -0.0000  -0.0000    0.518
   163   1.6676   0.0000  -0.9350  34.0626  12.7394   0.0000   0.0000   0.0000   0.0000   0.0000   0.0000  -0.0000  -0.0000    0.807
   164   0.7666   0.0000  -0.5610  36.1620  13.5246   0.0000  -0.0000   0.0000   0.0000   0.0000   0.0000  -0.0000  -0.0000    1.042
   165   0.1963   0.0000  -0.1870  37.5333  14.0374   0.0000  -0.0000   0.0000   0.0000   0.0000   0.0000  -0.0000  -0.0000    0.907
   166   0.1963   0.0000   0.1870  37.5333  14.0374   0.0000   0.0000   0.0000   0.0000  -0.0000   0.0000  -0.0000  -0.0000    0.896
   167   0.7666   0.0000   0.5610  36.1620  13.5246   0.0000  -0.0000   0.0000   0.0000   0.0000   0.0000  -0.0000  -0.0000    0.791
   168   1.6676   0.0000   0.9350  34.0626  12.7394   0.0000  -0.0000   0.0000   0.0000   0.0000   0.0000  -0.0000  -0.0000    1.269
   169   2.9202   0.0000   1.3090  31.2096  11.6724   0.0000   0.0000   0.0000   0.0000  -0.0000   0.0000  -0.0000  -0.0000    1.105
   170   5.0231   0.0000   1.6830  26.5957   9.9468   0.0000  -0.0000   0.0000   0.0000   0.0000   0.0000  -0.0000  -0.0000    1.099
 ---------------------------------------------------------------
