 ---------------------------------------------------------------
 Surface and Strip Forces by surface

  Sref =  124.86       Cref =  4.4875       Bref =  34.320    
  Xref =  19.176       Yref =  0.0000       Zref =-0.30757E-02

  Surface # 1     main_wing                               
     # Chordwise = 10   # Spanwise = 30     First strip =  1
     Surface area Ssurf =   63.968838     Ave. chord Cave =    3.715026

 Forces referred to Sref, Cref, Bref about Xref, Yref, Zref
 Standard axis orientation,  X fwd, Z down         
     CLsurf  =   0.17411     Clsurf  =  -0.03134
     CYsurf  =  -0.01152     Cmsurf  =   0.00899
     CDsurf  =   0.00313     Cnsurf  =  -0.00110
     CDisurf =   0.00313     CDvsurf =   0.00000

 Forces referred to Ssurf, Cave 
     CLsurf  =   0.34059     CDsurf  =   0.00611

 Strip Forces referred to Strip Area, Chord
    j     Xle      Yle      Zle      Chord    Area     c_cl     ai     cl_norm    cl       cd       cdv    cm_c/4     cm_LE   C.P.x/c
     1  13.6181   0.0114  -0.9295   7.7520   0.3539   2.5153   0.0843   0.4116   0.3188   0.1676   0.0000  -0.0192  -0.0820    0.310
     2  13.6830   0.1025  -0.9255   7.6885   1.0492   2.4030   0.0837   0.4021   0.3115   0.0357   0.0000  -0.0192  -0.0795    0.312
     3  13.8120   0.2837  -0.9176   7.5620   1.7073   2.3904   0.0821   0.4071   0.3153   0.0272   0.0000  -0.0180  -0.0793    0.307
     4  14.0037   0.5530  -0.9059   7.3741   2.3052   2.3758   0.0794   0.4151   0.3215   0.0240   0.0000  -0.0162  -0.0791    0.300
     5  14.2560   0.9075  -0.8904   7.1267   2.8223   2.3492   0.0754   0.4248   0.3291   0.0211   0.0000  -0.0144  -0.0791    0.294
     6  14.5662   1.3432  -0.8714   6.8226   3.2414   2.3043   0.0702   0.4355   0.3373   0.0182   0.0000  -0.0128  -0.0794    0.288
     7  14.9309   1.8554  -0.8490   6.4651   3.5491   2.2365   0.0643   0.4462   0.3456   0.0151   0.0000  -0.0117  -0.0802    0.284
     8  15.3460   2.4386  -0.8236   6.0582   3.7368   2.1422   0.0573   0.4562   0.3534   0.0118   0.0000  -0.0112  -0.0814    0.282
     9  15.8070   3.0862  -0.7953   5.6062   3.8005   2.0205   0.0473   0.4652   0.3603   0.0081   0.0000  -0.0114  -0.0829    0.282
    10  16.2877   3.7613  -0.7658   5.1351   3.4440   1.8809   0.0368   0.4730   0.3664   0.0047   0.0000  -0.0118  -0.0845    0.282
    11  16.7803   4.4532  -0.7356   4.6522   3.3149   1.7308   0.0260   0.4805   0.3722   0.0018   0.0000  -0.0124  -0.0861    0.283
    12  17.2999   5.1831  -0.7037   4.1429   3.0930   1.5700   0.0109   0.4897   0.3793  -0.0022   0.0000  -0.0131  -0.0881    0.284
    13  17.8026   6.0123  -0.6437   3.7903   3.4706   1.4189   0.0020   0.4577   0.3747  -0.0035   0.0000  -0.0126  -0.0948    0.284
    14  18.2809   6.9353  -0.5549   3.6075   3.3775   1.3048   0.0037   0.4422   0.3620  -0.0026   0.0000  -0.0132  -0.0925    0.286
    15  18.7672   7.8737  -0.4645   3.4215   3.2389   1.2061   0.0040   0.4309   0.3528  -0.0022   0.0000  -0.0139  -0.0911    0.289
    16  19.2562   8.8172  -0.3736   3.2345   3.0619   1.1165   0.0041   0.4220   0.3455  -0.0020   0.0000  -0.0148  -0.0902    0.293
    17  19.7425   9.7556  -0.2833   3.0486   2.8543   1.0327   0.0042   0.4141   0.3390  -0.0019   0.0000  -0.0158  -0.0897    0.297
    18  20.2208  10.6786  -0.1944   2.8657   2.6239   0.9527   0.0040   0.4064   0.3327  -0.0016   0.0000  -0.0174  -0.0897    0.302
    19  20.6858  11.5760  -0.1080   2.6879   2.3787   0.8763   0.0035   0.3985   0.3263  -0.0008   0.0000  -0.0207  -0.0912    0.313
    20  21.1299  12.4328  -0.0255   2.5181   2.1010   0.8062   0.0036   0.3914   0.3205  -0.0037   0.0000  -0.0369  -0.1043    0.365
    21  21.5482  13.2400   0.0523   2.3582   1.8520   0.7432   0.0050   0.3853   0.3154  -0.0025   0.0000  -0.0385  -0.1046    0.372
    22  21.9390  13.9941   0.1249   2.2087   1.6074   0.6848   0.0074   0.3790   0.3103  -0.0020   0.0000  -0.0386  -0.1035    0.374
    23  22.2979  14.6868   0.1916   2.0715   1.3716   0.6282   0.0108   0.3707   0.3035  -0.0017   0.0000  -0.0381  -0.1015    0.375
    24  22.6211  15.3105   0.2516   1.9479   1.1479   0.5701   0.0154   0.3578   0.2929  -0.0013   0.0000  -0.0368  -0.0980    0.376
    25  22.9051  15.8583   0.3044   1.8393   0.9381   0.5061   0.0211   0.3363   0.2753  -0.0010   0.0000  -0.0345  -0.0920    0.375
    26  23.1466  16.3244   0.3493   1.7470   0.7427   0.4311   0.0271   0.3016   0.2470  -0.0012   0.0000  -0.0309  -0.0825    0.375
    27  23.5299  16.6722   0.3828   1.4928   0.4131   0.3466   0.0326   0.7814   0.2324  -0.0007   0.0000  -0.0153  -0.0348    0.316
    28  23.9809  16.9098   0.4056   1.1466   0.2292   0.2584   0.0394   0.7589   0.2257  -0.0060   0.0000  -0.0044  -0.0289    0.270
    29  24.2843  17.0696   0.4210   0.9138   0.1104   0.1604   0.0452   0.5916   0.1759  -0.0094   0.0000   0.0063  -0.0180    0.214
    30  24.4368  17.1499   0.4287   0.7967   0.0322   0.0545   0.0487   0.2309   0.0687  -0.0066   0.0000   0.0058  -0.0054    0.165

  Surface # 2     main_wing (YDUP)                        
     # Chordwise = 10   # Spanwise = 30     First strip = 31
     Surface area Ssurf =   63.968838     Ave. chord Cave =    3.715026

 Forces referred to Sref, Cref, Bref about Xref, Yref, Zref
 Standard axis orientation,  X fwd, Z down         
     CLsurf  =   0.17411     Clsurf  =   0.03134
     CYsurf  =   0.01152     Cmsurf  =   0.00899
     CDsurf  =   0.00313     Cnsurf  =   0.00110
     CDisurf =   0.00313     CDvsurf =   0.00000

 Forces referred to Ssurf, Cave 
     CLsurf  =   0.34059     CDsurf  =   0.00611

 Strip Forces referred to Strip Area, Chord
    j     Xle      Yle      Zle      Chord    Area     c_cl     ai     cl_norm    cl       cd       cdv    cm_c/4     cm_LE   C.P.x/c
    31  13.6181  -0.0114  -0.9295   7.7520   0.3539   2.5153   0.0843   0.4116   0.3188   0.1676   0.0000  -0.0192   0.0820    0.310
    32  13.6830  -0.1025  -0.9255   7.6885   1.0492   2.4030   0.0837   0.4021   0.3115   0.0357   0.0000  -0.0192   0.0795    0.312
    33  13.8120  -0.2837  -0.9176   7.5620   1.7073   2.3904   0.0821   0.4071   0.3153   0.0272   0.0000  -0.0180   0.0793    0.307
    34  14.0037  -0.5530  -0.9059   7.3741   2.3052   2.3758   0.0794   0.4151   0.3215   0.0240   0.0000  -0.0162   0.0791    0.300
    35  14.2560  -0.9075  -0.8904   7.1267   2.8223   2.3492   0.0754   0.4248   0.3291   0.0211   0.0000  -0.0144   0.0791    0.294
    36  14.5662  -1.3432  -0.8714   6.8226   3.2414   2.3043   0.0702   0.4355   0.3373   0.0182   0.0000  -0.0128   0.0794    0.288
    37  14.9309  -1.8554  -0.8490   6.4651   3.5491   2.2365   0.0643   0.4462   0.3456   0.0151   0.0000  -0.0117   0.0802    0.284
    38  15.3460  -2.4386  -0.8236   6.0582   3.7368   2.1422   0.0573   0.4562   0.3534   0.0118   0.0000  -0.0112   0.0814    0.282
    39  15.8070  -3.0862  -0.7953   5.6062   3.8005   2.0205   0.0473   0.4652   0.3603   0.0081   0.0000  -0.0114   0.0829    0.282
    40  16.2877  -3.7613  -0.7658   5.1351   3.4440   1.8809   0.0368   0.4730   0.3664   0.0047   0.0000  -0.0118   0.0845    0.282
    41  16.7803  -4.4532  -0.7356   4.6522   3.3149   1.7308   0.0260   0.4805   0.3722   0.0018   0.0000  -0.0124   0.0861    0.283
    42  17.2999  -5.1831  -0.7037   4.1429   3.0930   1.5700   0.0109   0.4897   0.3793  -0.0022   0.0000  -0.0131   0.0881    0.284
    43  17.8026  -6.0123  -0.6437   3.7903   3.4706   1.4189   0.0020   0.4577   0.3747  -0.0035   0.0000  -0.0126   0.0948    0.284
    44  18.2809  -6.9353  -0.5549   3.6075   3.3775   1.3048   0.0037   0.4422   0.3620  -0.0026   0.0000  -0.0132   0.0925    0.286
    45  18.7672  -7.8737  -0.4645   3.4215   3.2389   1.2061   0.0040   0.4309   0.3528  -0.0022   0.0000  -0.0139   0.0911    0.289
    46  19.2562  -8.8172  -0.3736   3.2345   3.0619   1.1165   0.0041   0.4220   0.3455  -0.0020   0.0000  -0.0148   0.0902    0.293
    47  19.7425  -9.7556  -0.2833   3.0486   2.8543   1.0327   0.0042   0.4141   0.3390  -0.0019   0.0000  -0.0158   0.0897    0.297
    48  20.2208 -10.6786  -0.1944   2.8657   2.6239   0.9527   0.0040   0.4064   0.3327  -0.0016   0.0000  -0.0174   0.0897    0.302
    49  20.6858 -11.5760  -0.1080   2.6879   2.3787   0.8763   0.0035   0.3985   0.3263  -0.0008   0.0000  -0.0207   0.0912    0.313
    50  21.1299 -12.4328  -0.0255   2.5181   2.1010   0.8062   0.0036   0.3914   0.3205  -0.0037   0.0000  -0.0369   0.1043    0.365
    51  21.5482 -13.2400   0.0523   2.3582   1.8520   0.7432   0.0050   0.3853   0.3154  -0.0025   0.0000  -0.0385   0.1046    0.372
    52  21.9390 -13.9941   0.1249   2.2087   1.6074   0.6848   0.0074   0.3790   0.3103  -0.0020   0.0000  -0.0386   0.1035    0.374
    53  22.2979 -14.6868   0.1916   2.0715   1.3716   0.6282   0.0108   0.3707   0.3035  -0.0017   0.0000  -0.0381   0.1015    0.375
    54  22.6211 -15.3105   0.2516   1.9479   1.1479   0.5701   0.0154   0.3578   0.2929  -0.0013   0.0000  -0.0368   0.0980    0.376
    55  22.9051 -15.8583   0.3044   1.8393   0.9381   0.5061   0.0211   0.3363   0.2753  -0.0010   0.0000  -0.0345   0.0920    0.375
    56  23.1466 -16.3244   0.3493   1.7470   0.7427   0.4311   0.0271   0.3016   0.2470  -0.0012   0.0000  -0.0309   0.0825    0.375
    57  23.5299 -16.6722   0.3828   1.4928   0.4131   0.3466   0.0326   0.7814   0.2324  -0.0007   0.0000  -0.0153   0.0348    0.316
    58  23.9809 -16.9098   0.4056   1.1466   0.2292   0.2584   0.0394   0.7589   0.2257  -0.0060   0.0000  -0.0044   0.0289    0.270
    59  24.2843 -17.0696   0.4210   0.9138   0.1104   0.1604   0.0452   0.5916   0.1759  -0.0094   0.0000   0.0063   0.0180    0.214
    60  24.4368 -17.1499   0.4287   0.7967   0.0322   0.0545   0.0487   0.2309   0.0687  -0.0066   0.0000   0.0058   0.0054    0.165

  Surface # 3     horizontal_stabilizer                   
     # Chordwise = 10   # Spanwise = 30     First strip = 61
     Surface area Ssurf =   20.744605     Ave. chord Cave =    2.848571

 Forces referred to Sref, Cref, Bref about Xref, Yref, Zref
 Standard axis orientation,  X fwd, Z down         
     CLsurf  =   0.00271     Clsurf  =  -0.00041
     CYsurf  =  -0.00043     Cmsurf  =  -0.01071
     CDsurf  =   0.00007     Cnsurf  =   0.00022
     CDisurf =   0.00007     CDvsurf =   0.00000

 Forces referred to Ssurf, Cave 
     CLsurf  =   0.01651     CDsurf  =   0.00045

 Strip Forces referred to Strip Area, Chord
    j     Xle      Yle      Zle      Chord    Area     c_cl     ai     cl_norm    cl       cd       cdv    cm_c/4     cm_LE   C.P.x/c
    61  33.0230   0.0046   1.4667   4.2713   0.0803  -0.0004   0.0428  -0.0001  -0.0001   0.0000   0.0000  -0.0010  -0.0008  999.000
    62  33.0469   0.0418   1.4723   4.2566   0.2392  -0.0004   0.0427  -0.0001  -0.0001  -0.0000   0.0000  -0.0010  -0.0008  999.000
    63  33.0943   0.1156   1.4835   4.2274   0.3930  -0.0003   0.0425  -0.0001  -0.0001  -0.0000   0.0000  -0.0010  -0.0009  999.000
    64  33.1649   0.2254   1.5002   4.1839   0.5386  -0.0002   0.0422  -0.0000  -0.0000  -0.0000   0.0000  -0.0011  -0.0009  999.000
    65  33.2578   0.3698   1.5221   4.1268   0.6730   0.0002   0.0416   0.0001   0.0000  -0.0000   0.0000  -0.0011  -0.0009  999.000
    66  33.3719   0.5474   1.5490   4.0565   0.7936   0.0008   0.0409   0.0003   0.0002   0.0000   0.0000  -0.0011  -0.0010  999.000
    67  33.5097   0.7617   1.5816   3.9717   0.9441   0.0019   0.0399   0.0006   0.0005   0.0000   0.0000  -0.0011  -0.0010  999.000
    68  33.6704   1.0116   1.6195   3.8728   1.0344   0.0036   0.0386   0.0012   0.0009   0.0000   0.0000  -0.0011  -0.0011    1.473
    69  33.8488   1.2891   1.6616   3.7630   1.1046   0.0061   0.0372   0.0021   0.0016   0.0001   0.0000  -0.0011  -0.0013    0.958
    70  34.0430   1.5912   1.7075   3.6435   1.1542   0.0097   0.0358   0.0035   0.0027   0.0001   0.0000  -0.0012  -0.0015    0.686
    71  34.2510   1.9146   1.7565   3.5155   1.1831   0.0146   0.0343   0.0054   0.0041   0.0001   0.0000  -0.0012  -0.0019    0.530
    72  34.4703   2.2558   1.8083   3.3805   1.1921   0.0208   0.0329   0.0080   0.0061   0.0002   0.0000  -0.0011  -0.0023    0.435
    73  34.6987   2.6109   1.8622   3.2400   1.1821   0.0283   0.0315   0.0113   0.0087   0.0003   0.0000  -0.0011  -0.0028    0.375
    74  34.9335   2.9762   1.9177   3.0955   1.1548   0.0370   0.0302   0.0155   0.0119   0.0004   0.0000  -0.0010  -0.0034    0.334
    75  35.1723   3.3476   1.9740   2.9485   1.1122   0.0464   0.0290   0.0204   0.0157   0.0005   0.0000  -0.0009  -0.0041    0.307
    76  35.4124   3.7210   2.0307   2.8008   1.0564   0.0562   0.0280   0.0260   0.0200   0.0006   0.0000  -0.0008  -0.0049    0.288
    77  35.6512   4.0924   2.0871   2.6538   0.9900   0.0657   0.0271   0.0321   0.0247   0.0008   0.0000  -0.0006  -0.0058    0.273
    78  35.8861   4.4577   2.1425   2.5093   0.9155   0.0745   0.0265   0.0385   0.0297   0.0009   0.0000  -0.0004  -0.0066    0.263
    79  36.1144   4.8128   2.1964   2.3687   0.8353   0.0820   0.0260   0.0449   0.0346   0.0010   0.0000  -0.0001  -0.0075    0.254
    80  36.3338   5.1540   2.2482   2.2338   0.7518   0.0878   0.0258   0.0509   0.0393   0.0011   0.0000   0.0002  -0.0082    0.246
    81  36.5417   5.4774   2.2973   2.1058   0.6671   0.0915   0.0258   0.0563   0.0434   0.0011   0.0000   0.0005  -0.0088    0.239
    82  36.7359   5.7795   2.3431   1.9862   0.5830   0.0929   0.0259   0.0606   0.0467   0.0012   0.0000   0.0009  -0.0092    0.231
    83  36.9144   6.0570   2.3852   1.8764   0.5012   0.0918   0.0262   0.0634   0.0489   0.0012   0.0000   0.0014  -0.0093    0.222
    84  37.0750   6.3069   2.4232   1.7776   0.4225   0.0882   0.0267   0.0643   0.0496   0.0011   0.0000   0.0019  -0.0089    0.211
    85  37.2162   6.5264   2.4565   1.6907   0.3478   0.0820   0.0272   0.0629   0.0485   0.0010   0.0000   0.0025  -0.0082    0.198
    86  37.3480   6.7314   2.4876   1.6096   0.3326   0.0731   0.0277   0.0589   0.0454   0.0009   0.0000   0.0031  -0.0071    0.182
    87  37.4657   6.9144   2.5154   1.5372   0.2507   0.0604   0.0282   0.0510   0.0393   0.0007   0.0000   0.0035  -0.0054    0.161
    88  37.5551   7.0535   2.5365   1.4822   0.1746   0.0452   0.0287   0.0395   0.0305   0.0005   0.0000   0.0033  -0.0037    0.140
    89  37.6153   7.1471   2.5508   1.4451   0.1029   0.0279   0.0290   0.0251   0.0193   0.0003   0.0000   0.0025  -0.0020    0.121
    90  37.6455   7.1941   2.5579   1.4265   0.0340   0.0094   0.0291   0.0086   0.0066   0.0000   0.0000   0.0009  -0.0006    0.110

  Surface # 4     horizontal_stabilizer (YDUP)            
     # Chordwise = 10   # Spanwise = 30     First strip = 91
     Surface area Ssurf =   20.744605     Ave. chord Cave =    2.848571

 Forces referred to Sref, Cref, Bref about Xref, Yref, Zref
 Standard axis orientation,  X fwd, Z down         
     CLsurf  =   0.00271     Clsurf  =   0.00041
     CYsurf  =   0.00043     Cmsurf  =  -0.01071
     CDsurf  =   0.00007     Cnsurf  =  -0.00022
     CDisurf =   0.00007     CDvsurf =   0.00000

 Forces referred to Ssurf, Cave 
     CLsurf  =   0.01651     CDsurf  =   0.00045

 Strip Forces referred to Strip Area, Chord
    j     Xle      Yle      Zle      Chord    Area     c_cl     ai     cl_norm    cl       cd       cdv    cm_c/4     cm_LE   C.P.x/c
    91  33.0230  -0.0046   1.4667   4.2713   0.0803  -0.0004   0.0428  -0.0001  -0.0001   0.0000   0.0000  -0.0010   0.0008  999.000
    92  33.0469  -0.0418   1.4723   4.2566   0.2392  -0.0004   0.0427  -0.0001  -0.0001  -0.0000   0.0000  -0.0010   0.0008  999.000
    93  33.0943  -0.1156   1.4835   4.2274   0.3930  -0.0003   0.0425  -0.0001  -0.0001  -0.0000   0.0000  -0.0010   0.0009  999.000
    94  33.1649  -0.2254   1.5002   4.1839   0.5386  -0.0002   0.0422  -0.0000  -0.0000  -0.0000   0.0000  -0.0011   0.0009  999.000
    95  33.2578  -0.3698   1.5221   4.1268   0.6730   0.0002   0.0416   0.0001   0.0000  -0.0000   0.0000  -0.0011   0.0009  999.000
    96  33.3719  -0.5474   1.5490   4.0565   0.7936   0.0008   0.0409   0.0003   0.0002   0.0000   0.0000  -0.0011   0.0010  999.000
    97  33.5097  -0.7617   1.5816   3.9717   0.9441   0.0019   0.0399   0.0006   0.0005   0.0000   0.0000  -0.0011   0.0010  999.000
    98  33.6704  -1.0116   1.6195   3.8728   1.0344   0.0036   0.0386   0.0012   0.0009   0.0000   0.0000  -0.0011   0.0011    1.473
    99  33.8488  -1.2891   1.6616   3.7630   1.1046   0.0061   0.0372   0.0021   0.0016   0.0001   0.0000  -0.0011   0.0013    0.958
   100  34.0430  -1.5912   1.7075   3.6435   1.1542   0.0097   0.0358   0.0035   0.0027   0.0001   0.0000  -0.0012   0.0015    0.686
   101  34.2510  -1.9146   1.7565   3.5155   1.1831   0.0146   0.0343   0.0054   0.0041   0.0001   0.0000  -0.0012   0.0019    0.530
   102  34.4703  -2.2558   1.8083   3.3805   1.1921   0.0208   0.0329   0.0080   0.0061   0.0002   0.0000  -0.0011   0.0023    0.435
   103  34.6987  -2.6109   1.8622   3.2400   1.1821   0.0283   0.0315   0.0113   0.0087   0.0003   0.0000  -0.0011   0.0028    0.375
   104  34.9335  -2.9762   1.9177   3.0955   1.1548   0.0370   0.0302   0.0155   0.0119   0.0004   0.0000  -0.0010   0.0034    0.334
   105  35.1723  -3.3476   1.9740   2.9485   1.1122   0.0464   0.0290   0.0204   0.0157   0.0005   0.0000  -0.0009   0.0041    0.307
   106  35.4124  -3.7210   2.0307   2.8008   1.0564   0.0562   0.0280   0.0260   0.0200   0.0006   0.0000  -0.0008   0.0049    0.288
   107  35.6512  -4.0924   2.0871   2.6538   0.9900   0.0657   0.0271   0.0321   0.0247   0.0008   0.0000  -0.0006   0.0058    0.273
   108  35.8861  -4.4577   2.1425   2.5093   0.9155   0.0745   0.0265   0.0385   0.0297   0.0009   0.0000  -0.0004   0.0066    0.263
   109  36.1144  -4.8128   2.1964   2.3687   0.8353   0.0820   0.0260   0.0449   0.0346   0.0010   0.0000  -0.0001   0.0075    0.254
   110  36.3338  -5.1540   2.2482   2.2338   0.7518   0.0878   0.0258   0.0509   0.0393   0.0011   0.0000   0.0002   0.0082    0.246
   111  36.5417  -5.4774   2.2973   2.1058   0.6671   0.0915   0.0258   0.0563   0.0434   0.0011   0.0000   0.0005   0.0088    0.239
   112  36.7359  -5.7795   2.3431   1.9862   0.5830   0.0929   0.0259   0.0606   0.0467   0.0012   0.0000   0.0009   0.0092    0.231
   113  36.9144  -6.0570   2.3852   1.8764   0.5012   0.0918   0.0262   0.0634   0.0489   0.0012   0.0000   0.0014   0.0093    0.222
   114  37.0750  -6.3069   2.4232   1.7776   0.4225   0.0882   0.0267   0.0643   0.0496   0.0011   0.0000   0.0019   0.0089    0.211
   115  37.2162  -6.5264   2.4565   1.6907   0.3478   0.0820   0.0272   0.0629   0.0485   0.0010   0.0000   0.0025   0.0082    0.198
   116  37.3480  -6.7314   2.4876   1.6096   0.3326   0.0731   0.0277   0.0589   0.0454   0.0009   0.0000   0.0031   0.0071    0.182
   117  37.4657  -6.9144   2.5154   1.5372   0.2507   0.0604   0.0282   0.0510   0.0393   0.0007   0.0000   0.0035   0.0054    0.161
   118  37.5551  -7.0535   2.5365   1.4822   0.1746   0.0452   0.0287   0.0395   0.0305   0.0005   0.0000   0.0033   0.0037    0.140
   119  37.6153  -7.1471   2.5508   1.4451   0.1029   0.0279   0.0290   0.0251   0.0193   0.0003   0.0000   0.0025   0.0020    0.121
   120  37.6455  -7.1941   2.5579   1.4265   0.0340   0.0094   0.0291   0.0086   0.0066   0.0000   0.0000   0.0009   0.0006    0.110

  Surface # 5     vertical_stabilizer                     
     # Chordwise = 10   # Spanwise = 30     First strip =121
     Surface area Ssurf =   34.910363     Ave. chord Cave =    4.190920

 Forces referred to Sref, Cref, Bref about Xref, Yref, Zref
 Standard axis orientation,  X fwd, Z down         
     CLsurf  =  -0.00000     Clsurf  =   0.00000
     CYsurf  =   0.00000     Cmsurf  =   0.00000
     CDsurf  =   0.00000     Cnsurf  =  -0.00000
     CDisurf =   0.00000     CDvsurf =   0.00000

 Forces referred to Ssurf, Cave 
     CLsurf  =  -0.00000     CDsurf  =   0.00000

 Strip Forces referred to Strip Area, Chord
    j     Xle      Yle      Zle      Chord    Area     c_cl     ai     cl_norm    cl       cd       cdv    cm_c/4     cm_LE   C.P.x/c
   121  27.0137   0.0000   1.5690  10.0347   0.6931  -0.0000  -0.0000  -0.0000  -0.0000   0.0000   0.0000   0.0000   0.0000    0.586
   122  27.2327   0.0000   1.6601   9.8296   1.1101  -0.0000  -0.0000  -0.0000  -0.0000   0.0000   0.0000   0.0000   0.0000    0.517
   123  27.5561   0.0000   1.7947   9.5266   1.4857  -0.0000  -0.0000  -0.0000  -0.0000  -0.0000   0.0000   0.0000   0.0000    0.536
   124  27.9815   0.0000   1.9717   9.1281   1.8040  -0.0000   0.0000  -0.0000  -0.0000   0.0000   0.0000   0.0000   0.0000    0.483
   125  28.5051   0.0000   2.1895   8.6377   2.0517  -0.0000  -0.0000  -0.0000  -0.0000  -0.0000   0.0000   0.0000   0.0000    0.434
   126  29.1220   0.0000   2.4462   8.0598   2.2181  -0.0000  -0.0000  -0.0000  -0.0000  -0.0000   0.0000   0.0000   0.0000    0.765
   127  29.8264   0.0000   2.7392   7.4000   2.2957  -0.0000   0.0000  -0.0000  -0.0000   0.0000   0.0000   0.0000   0.0000    0.786
   128  30.6115   0.0000   3.0659   6.6646   2.2808  -0.0000  -0.0000  -0.0000  -0.0000   0.0000   0.0000   0.0000   0.0000    0.697
   129  31.4694   0.0000   3.4228   5.8609   2.1733  -0.0000  -0.0000  -0.0000  -0.0000   0.0000   0.0000   0.0000   0.0000    0.728
   130  32.3918   0.0000   3.8066   4.9969   1.9773  -0.0000   0.0000  -0.0000  -0.0000  -0.0000   0.0000   0.0000   0.0000    0.521
   131  33.0131   0.0000   4.1929   4.4389   1.6667  -0.0000  -0.0000  -0.0000  -0.0000   0.0000   0.0000   0.0000   0.0000    0.493
   132  33.3001   0.0000   4.5764   4.2198   1.6478  -0.0000  -0.0000  -0.0000  -0.0000   0.0000   0.0000   0.0000   0.0000    0.398
   133  33.5969   0.0000   4.9729   3.9932   1.6033  -0.0000  -0.0000  -0.0000  -0.0000   0.0000   0.0000   0.0000   0.0000    0.503
   134  33.9004   0.0000   5.3784   3.7615   1.5362  -0.0000  -0.0000  -0.0000  -0.0000   0.0000   0.0000   0.0000   0.0000    0.408
   135  34.2075   0.0000   5.7886   3.5271   1.4499  -0.0000  -0.0000  -0.0000  -0.0000   0.0000   0.0000   0.0000   0.0000    0.384
   136  34.5150   0.0000   6.1995   3.2923   1.3482  -0.0000   0.0000  -0.0000  -0.0000  -0.0000   0.0000  -0.0000   0.0000    0.068
   137  34.8197   0.0000   6.6066   3.0597   1.2352  -0.0000  -0.0000  -0.0000  -0.0000  -0.0000   0.0000  -0.0000   0.0000    0.235
   138  35.1185   0.0000   7.0058   2.8315   1.1147  -0.0000  -0.0000  -0.0000  -0.0000   0.0000   0.0000  -0.0000   0.0000    0.143
   139  35.4083   0.0000   7.3929   2.6103   0.9908  -0.0000  -0.0000  -0.0000  -0.0000   0.0000   0.0000  -0.0000   0.0000    0.153
   140  35.6860   0.0000   7.7640   2.3983   0.8670  -0.0000  -0.0000  -0.0000  -0.0000   0.0000   0.0000   0.0000   0.0000    0.416
   141  35.9487   0.0000   8.1150   2.1977   0.7464  -0.0000   0.0000  -0.0000  -0.0000   0.0000   0.0000  -0.0000   0.0000    0.222
   142  36.1937   0.0000   8.4424   2.0106   0.6318  -0.0000  -0.0000  -0.0000  -0.0000   0.0000   0.0000   0.0000   0.0000    0.286
   143  36.4185   0.0000   8.7426   1.8390   0.5251  -0.0000  -0.0000  -0.0000  -0.0000  -0.0000   0.0000  -0.0000   0.0000    0.072
   144  36.6206   0.0000   9.0127   1.6847   0.4276  -0.0000  -0.0000  -0.0000  -0.0000   0.0000   0.0000  -0.0000   0.0000   -0.013
   145  36.7980   0.0000   9.2496   1.5493   0.3400  -0.0000  -0.0000  -0.0000  -0.0000   0.0000   0.0000   0.0000   0.0000    0.447
   146  36.9487   0.0000   9.4510   1.4342   0.2622  -0.0000   0.0000  -0.0000  -0.0000   0.0000   0.0000  -0.0000   0.0000    0.122
   147  37.0713   0.0000   9.6148   1.3407   0.1933  -0.0000  -0.0000  -0.0000  -0.0000  -0.0000   0.0000  -0.0000   0.0000    0.107
   148  37.1643   0.0000   9.7391   1.2696   0.1322  -0.0000   0.0000  -0.0000  -0.0000  -0.0000   0.0000  -0.0000   0.0000    0.151
   149  37.2269   0.0000   9.8227   1.2218   0.0769  -0.0000  -0.0000  -0.0000  -0.0000  -0.0000   0.0000   0.0000   0.0000    0.569
   150  37.2584   0.0000   9.8647   1.1978   0.0252  -0.0000  -0.0000  -0.0000  -0.0000  -0.0000   0.0000   0.0000   0.0000    0.374

  Surface # 6     fuselage_horizontal                     
     # Chordwise = 10   # Spanwise = 10     First strip =151
     Surface area Ssurf =  123.841199     Ave. chord Cave =   33.112620

 Forces referred to Sref, Cref, Bref about Xref, Yref, Zref
 Standard axis orientation,  X fwd, Z down         
     CLsurf  =  -0.00049     Clsurf  =  -0.00000
     CYsurf  =   0.00000     Cmsurf  =   0.01554
     CDsurf  =  -0.00012     Cnsurf  =   0.00000
     CDisurf =  -0.00012     CDvsurf =   0.00000

 Forces referred to Ssurf, Cave 
     CLsurf  =  -0.00049     CDsurf  =  -0.00012

 Strip Forces referred to Strip Area, Chord
    j     Xle      Yle      Zle      Chord    Area     c_cl     ai     cl_norm    cl       cd       cdv    cm_c/4     cm_LE   C.P.x/c
   151   5.0231  -1.6830   0.0000  26.5957   9.9468  -0.0240   0.0463  -0.0110  -0.0009  -0.0006   0.0000   0.0020   0.0003  999.000
   152   2.9203  -1.3090   0.0000  31.2096  11.6724  -0.0222   0.0546  -0.0027  -0.0007  -0.0002   0.0000   0.0022   0.0006  999.000
   153   1.6676  -0.9350   0.0000  34.0626  12.7394  -0.0167   0.0605  -0.0012  -0.0005  -0.0001   0.0000   0.0023   0.0008  999.000
   154   0.7666  -0.5610   0.0000  36.1620  13.5246  -0.0112   0.0648  -0.0005  -0.0003   0.0000   0.0000   0.0023   0.0010  999.000
   155   0.1963  -0.1870   0.0000  37.5333  14.0374  -0.0077   0.0674  -0.0002  -0.0002   0.0001   0.0000   0.0022   0.0016  999.000
   156   0.1963   0.1870   0.0000  37.5333  14.0374  -0.0077   0.0674  -0.0002  -0.0002   0.0001   0.0000   0.0022   0.0016  999.000
   157   0.7666   0.5610   0.0000  36.1620  13.5246  -0.0112   0.0648  -0.0005  -0.0003   0.0000   0.0000   0.0023   0.0010  999.000
   158   1.6676   0.9350   0.0000  34.0626  12.7394  -0.0167   0.0605  -0.0012  -0.0005  -0.0001   0.0000   0.0023   0.0008  999.000
   159   2.9202   1.3090   0.0000  31.2096  11.6724  -0.0222   0.0546  -0.0027  -0.0007  -0.0002   0.0000   0.0022   0.0006  999.000
   160   5.0231   1.6830   0.0000  26.5957   9.9468  -0.0240   0.0463  -0.0110  -0.0009  -0.0006   0.0000   0.0020   0.0003  999.000

  Surface # 7     fuselage_vertical                       
     # Chordwise = 10   # Spanwise = 10     First strip =161
     Surface area Ssurf =  123.841199     Ave. chord Cave =   33.112620

 Forces referred to Sref, Cref, Bref about Xref, Yref, Zref
 Standard axis orientation,  X fwd, Z down         
     CLsurf  =  -0.00000     Clsurf  =  -0.00000
     CYsurf  =   0.00000     Cmsurf  =   0.00000
     CDsurf  =  -0.00000     Cnsurf  =  -0.00000
     CDisurf =  -0.00000     CDvsurf =   0.00000

 Forces referred to Ssurf, Cave 
     CLsurf  =  -0.00000     CDsurf  =  -0.00000

 Strip Forces referred to Strip Area, Chord
    j     Xle      Yle      Zle      Chord    Area     c_cl     ai     cl_norm    cl       cd       cdv    cm_c/4     cm_LE   C.P.x/c
   161   5.0231   0.0000  -1.6830  26.5957   9.9468   0.0000  -0.0000   0.0000   0.0000   0.0000   0.0000  -0.0000  -0.0000  999.000
   162   2.9203   0.0000  -1.3090  31.2096  11.6724  -0.0000  -0.0000  -0.0000  -0.0000   0.0000   0.0000  -0.0000   0.0000    0.224
   163   1.6676   0.0000  -0.9350  34.0626  12.7394  -0.0000  -0.0000  -0.0000  -0.0000  -0.0000   0.0000   0.0000   0.0000    0.554
   164   0.7666   0.0000  -0.5610  36.1620  13.5246  -0.0000  -0.0000  -0.0000  -0.0000   0.0000   0.0000   0.0000   0.0000    0.499
   165   0.1963   0.0000  -0.1870  37.5333  14.0374  -0.0000   0.0000  -0.0000  -0.0000   0.0000   0.0000   0.0000   0.0000    0.697
   166   0.1963   0.0000   0.1870  37.5333  14.0374  -0.0000  -0.0000  -0.0000  -0.0000   0.0000   0.0000   0.0000   0.0000    0.599
   167   0.7666   0.0000   0.5610  36.1620  13.5246  -0.0000   0.0000  -0.0000  -0.0000  -0.0000   0.0000   0.0000   0.0000    0.750
   168   1.6676   0.0000   0.9350  34.0626  12.7394  -0.0000   0.0000  -0.0000  -0.0000   0.0000   0.0000  -0.0000   0.0000    0.084
   169   2.9202   0.0000   1.3090  31.2096  11.6724  -0.0000   0.0000  -0.0000  -0.0000  -0.0000   0.0000  -0.0000   0.0000    0.121
   170   5.0231   0.0000   1.6830  26.5957   9.9468  -0.0000  -0.0000  -0.0000  -0.0000  -0.0000   0.0000   0.0000   0.0000    0.600
 ---------------------------------------------------------------
