 ---------------------------------------------------------------
 Surface and Strip Forces by surface

  Sref =  490.60       Cref =  8.4083       Bref =  70.000    
  Xref =  0.0000       Yref =  0.0000       Zref =  0.0000    

  Surface # 1     main_wing                               
     # Chordwise = 10   # Spanwise = 70     First strip =  1
     Surface area Ssurf =  250.220834     Ave. chord Cave =    7.118896

 Forces referred to Sref, Cref, Bref about Xref, Yref, Zref
 Standard axis orientation,  X fwd, Z down         
     CLsurf  =   0.16832     Clsurf  =  -0.02952
     CYsurf  =  -0.01314     Cmsurf  =  -0.63515
     CDsurf  =   0.00297     Cnsurf  =   0.00485
     CDisurf =   0.00297     CDvsurf =   0.00000

 Forces referred to Ssurf, Cave 
     CLsurf  =   0.33101     CDsurf  =   0.00582

 Strip Forces referred to Strip Area, Chord
    j     Xle      Yle      Zle      Chord    Area     c_cl     ai     cl_norm    cl       cd       cdv    cm_c/4     cm_LE   C.P.x/c
     1  22.4080   0.0042  -0.9570  12.4590   0.2104   4.1200  -0.0193   0.3305   0.3305   0.0100   0.0000  -0.0427  -0.1254    0.379
     2  22.4080   0.0380  -0.9570  12.4590   0.6307   4.1200  -0.0193   0.3305   0.3305   0.0100   0.0000  -0.0427  -0.1254    0.379
     3  22.4080   0.1054  -0.9570  12.4590   1.0498   4.1206  -0.0193   0.3306   0.3306   0.0098   0.0000  -0.0428  -0.1255    0.379
     4  22.4080   0.2065  -0.9570  12.4590   1.4668   4.1226  -0.0194   0.3308   0.3308   0.0097   0.0000  -0.0429  -0.1256    0.380
     5  22.4080   0.3408  -0.9570  12.4590   1.8808   4.1274  -0.0197   0.3311   0.3311   0.0096   0.0000  -0.0431  -0.1260    0.380
     6  22.4080   0.5083  -0.9570  12.4590   2.2910   4.1369  -0.0201   0.3319   0.3319   0.0095   0.0000  -0.0436  -0.1267    0.382
     7  22.4080   0.7085  -0.9570  12.4590   2.6966   4.1534  -0.0209   0.3332   0.3332   0.0095   0.0000  -0.0445  -0.1278    0.384
     8  22.4080   0.9411  -0.9570  12.4590   3.0968   4.1804  -0.0220   0.3354   0.3354   0.0096   0.0000  -0.0459  -0.1298    0.387
     9  22.4080   1.2055  -0.9570  12.4590   3.4907   4.2226  -0.0234   0.3388   0.3388   0.0097   0.0000  -0.0480  -0.1327    0.392
    10  22.4080   1.5013  -0.9570  12.4590   3.8776   4.2871  -0.0250   0.3440   0.3440   0.0101   0.0000  -0.0511  -0.1371    0.399
    11  22.4080   1.8278  -0.9570  12.4590   4.2567   4.3863  -0.0264   0.3519   0.3519   0.0106   0.0000  -0.0557  -0.1438    0.408
    12  22.4080   2.1844  -0.9570  12.4590   4.6273   4.5450  -0.0270   0.3646   0.3646   0.0117   0.0000  -0.0629  -0.1541    0.423
    13  22.4080   2.5704  -0.9570  12.4590   4.9885   4.8407  -0.0261   0.3882   0.3882   0.0166   0.0000  -0.0753  -0.1724    0.444
    14  22.5966   3.0754  -0.9200  12.2979   7.5875   5.5627   0.4001   0.5603   0.4503   0.0667   0.0000  -0.1050  -0.1857    0.483
    15  22.9924   3.7075  -0.8424  11.9598   7.8494   5.5259   0.4076   0.5726   0.4601   0.0632   0.0000  -0.1051  -0.1879    0.478
    16  23.3450   4.2708  -0.7732  11.6585   5.5431   4.6510  -0.0112   0.4963   0.3988   0.0094   0.0000  -0.0707  -0.1453    0.427
    17  23.6484   4.7553  -0.7137  11.3993   5.7056   4.2594  -0.0091   0.4649   0.3736   0.0085   0.0000  -0.0556  -0.1271    0.399
    18  23.9670   5.2641  -0.6513  11.1271   5.8372   3.9899  -0.0069   0.4462   0.3585   0.0073   0.0000  -0.0457  -0.1154    0.377
    19  24.3002   5.7964  -0.5859  10.8424   5.9373   3.7803  -0.0045   0.4339   0.3487   0.0062   0.0000  -0.0385  -0.1072    0.360
    20  24.6474   6.3509  -0.5178  10.5458   6.0058   3.6066  -0.0023   0.4256   0.3420   0.0052   0.0000  -0.0330  -0.1012    0.347
    21  25.0079   6.9266  -0.4471  10.2379   6.0430   3.4564  -0.0005   0.4202   0.3377   0.0044   0.0000  -0.0288  -0.0967    0.335
    22  25.3809   7.5223  -0.3740   9.9192   6.0490   3.3226   0.0010   0.4169   0.3350   0.0036   0.0000  -0.0256  -0.0934    0.326
    23  25.7657   8.1368  -0.2985   9.5905   6.0244   3.2005   0.0019   0.4154   0.3338   0.0028   0.0000  -0.0231  -0.0910    0.319
    24  26.1614   8.7690  -0.2209   9.2523   5.9700   3.0870   0.0020   0.4153   0.3338   0.0022   0.0000  -0.0212  -0.0893    0.313
    25  26.5674   9.4174  -0.1413   8.9055   5.8867   2.9799   0.0008   0.4166   0.3348   0.0016   0.0000  -0.0198  -0.0884    0.309
    26  27.0024  10.1168  -0.0685   8.6379   6.4402   2.8794   0.0008   0.4375   0.3335   0.0010   0.0000  -0.0180  -0.0866    0.304
    27  27.4662  10.8669  -0.0029   8.4530   6.4244   2.7917   0.0034   0.4335   0.3304   0.0006   0.0000  -0.0165  -0.0847    0.300
    28  27.9384  11.6306   0.0640   8.2648   6.3881   2.7092   0.0049   0.4303   0.3280   0.0002   0.0000  -0.0156  -0.0834    0.297
    29  28.4181  12.4065   0.1318   8.0736   6.3319   2.6301   0.0059   0.4276   0.3260  -0.0001   0.0000  -0.0149  -0.0824    0.296
    30  28.9043  13.1928   0.2006   7.8797   6.2569   2.5532   0.0067   0.4253   0.3242  -0.0004   0.0000  -0.0146  -0.0817    0.295
    31  29.3961  13.9881   0.2702   7.6837   6.1641   2.4779   0.0072   0.4233   0.3227  -0.0006   0.0000  -0.0144  -0.0813    0.295
    32  29.8923  14.7908   0.3404   7.4858   6.0545   2.4035   0.0076   0.4215   0.3213  -0.0007   0.0000  -0.0144  -0.0809    0.295
    33  30.3921  15.5992   0.4112   7.2866   5.9293   2.3294   0.0078   0.4197   0.3199  -0.0009   0.0000  -0.0144  -0.0807    0.295
    34  30.8945  16.4116   0.4822   7.0863   5.7897   2.2553   0.0080   0.4178   0.3185  -0.0010   0.0000  -0.0146  -0.0806    0.296
    35  31.3984  17.2266   0.5535   6.8855   5.6369   2.1807   0.0079   0.4158   0.3169  -0.0011   0.0000  -0.0149  -0.0805    0.297
    36  31.9027  18.0423   0.6249   6.6844   5.4723   2.1054   0.0077   0.4135   0.3152  -0.0011   0.0000  -0.0153  -0.0805    0.299
    37  32.4066  18.8573   0.6962   6.4835   5.2972   2.0290   0.0073   0.4108   0.3132  -0.0011   0.0000  -0.0160  -0.0806    0.301
    38  32.9089  19.6698   0.7673   6.2832   5.1129   1.9516   0.0066   0.4078   0.3108  -0.0010   0.0000  -0.0170  -0.0809    0.305
    39  33.4087  20.4781   0.8380   6.0840   4.9207   1.8737   0.0057   0.4043   0.3082  -0.0008   0.0000  -0.0188  -0.0819    0.311
    40  33.9050  21.2808   0.9082   5.8861   4.7221   1.7960   0.0046   0.4005   0.3053   0.0001   0.0000  -0.0220  -0.0840    0.322
    41  34.3967  22.0761   0.9778   5.6901   4.5183   1.7202   0.0035   0.3967   0.3024   0.0029   0.0000  -0.0288  -0.0892    0.345
    42  34.7955  22.7211   1.0342   5.5311   2.7734   1.6571   0.0027   0.3935   0.3000  -0.0062   0.0000  -0.0502  -0.1068    0.417
    43  35.1799  23.3428   1.0886   5.3779   4.0090   1.5967   0.0022   0.3900   0.2973  -0.0054   0.0000  -0.0571  -0.1121    0.442
    44  35.6353  24.0794   1.1531   5.1963   3.8090   1.5308   0.0017   0.3869   0.2949  -0.0048   0.0000  -0.0600  -0.1140    0.453
    45  36.0826  24.8028   1.2163   5.0180   3.6083   1.4674   0.0015   0.3840   0.2928  -0.0043   0.0000  -0.0613  -0.1147    0.460
    46  36.5209  25.5117   1.2784   4.8433   3.4082   1.4068   0.0015   0.3814   0.2908  -0.0040   0.0000  -0.0620  -0.1149    0.463
    47  36.9492  26.2045   1.3390   4.6725   3.2096   1.3488   0.0015   0.3791   0.2890  -0.0038   0.0000  -0.0624  -0.1148    0.466
    48  37.3668  26.8799   1.3981   4.5060   3.0133   1.2933   0.0018   0.3769   0.2873  -0.0036   0.0000  -0.0626  -0.1146    0.468
    49  37.7728  27.5366   1.4555   4.3442   2.8202   1.2400   0.0021   0.3748   0.2857  -0.0035   0.0000  -0.0626  -0.1143    0.469
    50  38.1664  28.1731   1.5112   4.1873   2.6312   1.1886   0.0026   0.3728   0.2842  -0.0034   0.0000  -0.0626  -0.1140    0.470
    51  38.5467  28.7882   1.5650   4.0357   2.4467   1.1390   0.0031   0.3706   0.2825  -0.0033   0.0000  -0.0625  -0.1136    0.471
    52  38.9130  29.3807   1.6168   3.8896   2.2675   1.0909   0.0039   0.3683   0.2807  -0.0033   0.0000  -0.0624  -0.1131    0.472
    53  39.2646  29.9494   1.6666   3.7494   2.0939   1.0439   0.0048   0.3656   0.2787  -0.0032   0.0000  -0.0622  -0.1124    0.473
    54  39.6008  30.4931   1.7142   3.6154   1.9264   0.9979   0.0059   0.3625   0.2763  -0.0032   0.0000  -0.0618  -0.1116    0.474
    55  39.9208  31.0107   1.7595   3.4878   1.7654   0.9524   0.0073   0.3586   0.2734  -0.0031   0.0000  -0.0614  -0.1106    0.475
    56  40.2241  31.5013   1.8024   3.3669   1.6109   0.9069   0.0090   0.3537   0.2696  -0.0031   0.0000  -0.0607  -0.1092    0.475
    57  40.5101  31.9637   1.8428   3.2529   1.4631   0.8606   0.0110   0.3474   0.2648  -0.0031   0.0000  -0.0597  -0.1073    0.475
    58  40.7780  32.3972   1.8807   3.1461   1.3219   0.8127   0.0131   0.3392   0.2586  -0.0032   0.0000  -0.0581  -0.1047    0.475
    59  41.0275  32.8007   1.9161   3.0466   1.1875   0.7624   0.0151   0.3287   0.2505  -0.0035   0.0000  -0.0559  -0.1011    0.473
    60  41.2443  33.1513   1.9467   2.9602   0.9321   0.7115   0.0168   0.3157   0.2407  -0.0049   0.0000  -0.0526  -0.0961    0.468
    61  41.4296  33.4511   1.9730   2.8863   0.8279   0.6598   0.0171   0.3005   0.2291  -0.0094   0.0000  -0.0474  -0.0892    0.457
    62  41.8525  33.7408   1.9984   2.6418   0.7761   0.6037   0.0163   1.0472   0.2285   0.0040   0.0000  -0.0253  -0.0341    0.361
    63  42.4709  34.0170   2.0225   2.2558   0.5879   0.5477   0.0209   1.1136   0.2430  -0.0020   0.0000  -0.0187  -0.0329    0.327
    64  43.0147  34.2599   2.0438   1.9163   0.4349   0.4893   0.0257   1.1717   0.2557  -0.0058   0.0000  -0.0146  -0.0326    0.307
    65  43.4828  34.4691   2.0621   1.6240   0.3131   0.4275   0.0317   1.2085   0.2637  -0.0092   0.0000  -0.0102  -0.0316    0.289
    66  43.8744  34.6440   2.0774   1.3796   0.2184   0.3610   0.0381   1.2018   0.2623  -0.0126   0.0000  -0.0039  -0.0289    0.265
    67  44.1886  34.7843   2.0896   1.1834   0.1461   0.2886   0.0437   1.1208   0.2446  -0.0159   0.0000   0.0044  -0.0237    0.232
    68  44.4248  34.8899   2.0989   1.0359   0.0915   0.2106   0.0477   0.9351   0.2041  -0.0183   0.0000   0.0120  -0.0164    0.191
    69  44.5826  34.9603   2.1050   0.9375   0.0498   0.1282   0.0502   0.6299   0.1375  -0.0176   0.0000   0.0137  -0.0087    0.150
    70  44.6615  34.9956   2.1081   0.8882   0.0157   0.0431   0.0518   0.2239   0.0489  -0.0101   0.0000   0.0061  -0.0026    0.126

  Surface # 2     main_wing (YDUP)                        
     # Chordwise = 10   # Spanwise = 70     First strip = 71
     Surface area Ssurf =  250.220834     Ave. chord Cave =    7.118896

 Forces referred to Sref, Cref, Bref about Xref, Yref, Zref
 Standard axis orientation,  X fwd, Z down         
     CLsurf  =   0.16832     Clsurf  =   0.02952
     CYsurf  =   0.01314     Cmsurf  =  -0.63515
     CDsurf  =   0.00297     Cnsurf  =  -0.00485
     CDisurf =   0.00297     CDvsurf =   0.00000

 Forces referred to Ssurf, Cave 
     CLsurf  =   0.33101     CDsurf  =   0.00582

 Strip Forces referred to Strip Area, Chord
    j     Xle      Yle      Zle      Chord    Area     c_cl     ai     cl_norm    cl       cd       cdv    cm_c/4     cm_LE   C.P.x/c
    71  22.4080  -0.0042  -0.9570  12.4590   0.2104   4.1200  -0.0193   0.3305   0.3305   0.0100   0.0000  -0.0427   0.1254    0.379
    72  22.4080  -0.0380  -0.9570  12.4590   0.6307   4.1200  -0.0193   0.3305   0.3305   0.0100   0.0000  -0.0427   0.1254    0.379
    73  22.4080  -0.1054  -0.9570  12.4590   1.0498   4.1206  -0.0193   0.3306   0.3306   0.0098   0.0000  -0.0428   0.1255    0.379
    74  22.4080  -0.2065  -0.9570  12.4590   1.4668   4.1226  -0.0194   0.3308   0.3308   0.0097   0.0000  -0.0429   0.1256    0.380
    75  22.4080  -0.3408  -0.9570  12.4590   1.8808   4.1274  -0.0197   0.3311   0.3311   0.0096   0.0000  -0.0431   0.1260    0.380
    76  22.4080  -0.5083  -0.9570  12.4590   2.2910   4.1369  -0.0201   0.3319   0.3319   0.0095   0.0000  -0.0436   0.1267    0.382
    77  22.4080  -0.7085  -0.9570  12.4590   2.6966   4.1534  -0.0209   0.3332   0.3332   0.0095   0.0000  -0.0445   0.1278    0.384
    78  22.4080  -0.9411  -0.9570  12.4590   3.0968   4.1804  -0.0220   0.3354   0.3354   0.0096   0.0000  -0.0459   0.1298    0.387
    79  22.4080  -1.2055  -0.9570  12.4590   3.4907   4.2226  -0.0234   0.3388   0.3388   0.0097   0.0000  -0.0480   0.1327    0.392
    80  22.4080  -1.5013  -0.9570  12.4590   3.8776   4.2871  -0.0250   0.3440   0.3440   0.0101   0.0000  -0.0511   0.1371    0.399
    81  22.4080  -1.8278  -0.9570  12.4590   4.2567   4.3863  -0.0264   0.3519   0.3519   0.0106   0.0000  -0.0557   0.1438    0.408
    82  22.4080  -2.1844  -0.9570  12.4590   4.6273   4.5450  -0.0270   0.3646   0.3646   0.0117   0.0000  -0.0629   0.1541    0.423
    83  22.4080  -2.5704  -0.9570  12.4590   4.9885   4.8407  -0.0261   0.3882   0.3882   0.0166   0.0000  -0.0753   0.1724    0.444
    84  22.5966  -3.0754  -0.9200  12.2979   7.5875   5.5627   0.4001   0.5603   0.4503   0.0667   0.0000  -0.1050   0.1857    0.483
    85  22.9924  -3.7075  -0.8424  11.9598   7.8494   5.5259   0.4076   0.5726   0.4601   0.0632   0.0000  -0.1051   0.1879    0.478
    86  23.3450  -4.2708  -0.7732  11.6585   5.5431   4.6510  -0.0112   0.4963   0.3988   0.0094   0.0000  -0.0707   0.1453    0.427
    87  23.6484  -4.7553  -0.7137  11.3993   5.7056   4.2594  -0.0091   0.4649   0.3736   0.0085   0.0000  -0.0556   0.1271    0.399
    88  23.9670  -5.2641  -0.6513  11.1271   5.8372   3.9899  -0.0069   0.4462   0.3585   0.0073   0.0000  -0.0457   0.1154    0.377
    89  24.3002  -5.7964  -0.5859  10.8424   5.9373   3.7803  -0.0045   0.4339   0.3487   0.0062   0.0000  -0.0385   0.1072    0.360
    90  24.6474  -6.3509  -0.5178  10.5458   6.0058   3.6066  -0.0023   0.4256   0.3420   0.0052   0.0000  -0.0330   0.1012    0.347
    91  25.0079  -6.9266  -0.4471  10.2379   6.0430   3.4564  -0.0005   0.4202   0.3377   0.0044   0.0000  -0.0288   0.0967    0.335
    92  25.3809  -7.5223  -0.3740   9.9192   6.0490   3.3226   0.0010   0.4169   0.3350   0.0036   0.0000  -0.0256   0.0934    0.326
    93  25.7657  -8.1368  -0.2985   9.5905   6.0244   3.2005   0.0019   0.4154   0.3338   0.0028   0.0000  -0.0231   0.0910    0.319
    94  26.1614  -8.7690  -0.2209   9.2523   5.9700   3.0870   0.0020   0.4153   0.3338   0.0022   0.0000  -0.0212   0.0893    0.313
    95  26.5674  -9.4174  -0.1413   8.9055   5.8867   2.9799   0.0008   0.4166   0.3348   0.0016   0.0000  -0.0198   0.0884    0.309
    96  27.0024 -10.1168  -0.0685   8.6379   6.4402   2.8794   0.0008   0.4375   0.3335   0.0010   0.0000  -0.0180   0.0866    0.304
    97  27.4662 -10.8669  -0.0029   8.4530   6.4244   2.7917   0.0034   0.4335   0.3304   0.0006   0.0000  -0.0165   0.0847    0.300
    98  27.9384 -11.6306   0.0640   8.2648   6.3881   2.7092   0.0049   0.4303   0.3280   0.0002   0.0000  -0.0156   0.0834    0.297
    99  28.4181 -12.4065   0.1318   8.0736   6.3319   2.6301   0.0059   0.4276   0.3260  -0.0001   0.0000  -0.0149   0.0824    0.296
   100  28.9043 -13.1928   0.2006   7.8797   6.2569   2.5532   0.0067   0.4253   0.3242  -0.0004   0.0000  -0.0146   0.0817    0.295
   101  29.3961 -13.9881   0.2702   7.6837   6.1641   2.4779   0.0072   0.4233   0.3227  -0.0006   0.0000  -0.0144   0.0813    0.295
   102  29.8923 -14.7908   0.3404   7.4858   6.0545   2.4035   0.0076   0.4215   0.3213  -0.0007   0.0000  -0.0144   0.0809    0.295
   103  30.3921 -15.5992   0.4112   7.2866   5.9293   2.3294   0.0078   0.4197   0.3199  -0.0009   0.0000  -0.0144   0.0807    0.295
   104  30.8945 -16.4116   0.4822   7.0863   5.7897   2.2553   0.0080   0.4178   0.3185  -0.0010   0.0000  -0.0146   0.0806    0.296
   105  31.3984 -17.2266   0.5535   6.8855   5.6369   2.1807   0.0079   0.4158   0.3169  -0.0011   0.0000  -0.0149   0.0805    0.297
   106  31.9027 -18.0423   0.6249   6.6844   5.4723   2.1054   0.0077   0.4135   0.3152  -0.0011   0.0000  -0.0153   0.0805    0.299
   107  32.4066 -18.8573   0.6962   6.4835   5.2972   2.0290   0.0073   0.4108   0.3132  -0.0011   0.0000  -0.0160   0.0806    0.301
   108  32.9089 -19.6698   0.7673   6.2832   5.1129   1.9516   0.0066   0.4078   0.3108  -0.0010   0.0000  -0.0170   0.0809    0.305
   109  33.4087 -20.4781   0.8380   6.0840   4.9207   1.8737   0.0057   0.4043   0.3082  -0.0008   0.0000  -0.0188   0.0819    0.311
   110  33.9050 -21.2808   0.9082   5.8861   4.7221   1.7960   0.0046   0.4005   0.3053   0.0001   0.0000  -0.0220   0.0840    0.322
   111  34.3967 -22.0761   0.9778   5.6901   4.5183   1.7202   0.0035   0.3967   0.3024   0.0029   0.0000  -0.0288   0.0892    0.345
   112  34.7955 -22.7211   1.0342   5.5311   2.7734   1.6571   0.0027   0.3935   0.3000  -0.0062   0.0000  -0.0502   0.1068    0.417
   113  35.1799 -23.3428   1.0886   5.3779   4.0090   1.5967   0.0022   0.3900   0.2973  -0.0054   0.0000  -0.0571   0.1121    0.442
   114  35.6353 -24.0794   1.1531   5.1963   3.8090   1.5308   0.0017   0.3869   0.2949  -0.0048   0.0000  -0.0600   0.1140    0.453
   115  36.0826 -24.8028   1.2163   5.0180   3.6083   1.4674   0.0015   0.3840   0.2928  -0.0043   0.0000  -0.0613   0.1147    0.460
   116  36.5209 -25.5117   1.2784   4.8433   3.4082   1.4068   0.0015   0.3814   0.2908  -0.0040   0.0000  -0.0620   0.1149    0.463
   117  36.9492 -26.2045   1.3390   4.6725   3.2096   1.3488   0.0015   0.3791   0.2890  -0.0038   0.0000  -0.0624   0.1148    0.466
   118  37.3668 -26.8799   1.3981   4.5060   3.0133   1.2933   0.0018   0.3769   0.2873  -0.0036   0.0000  -0.0626   0.1146    0.468
   119  37.7728 -27.5366   1.4555   4.3442   2.8202   1.2400   0.0021   0.3748   0.2857  -0.0035   0.0000  -0.0626   0.1143    0.469
   120  38.1664 -28.1731   1.5112   4.1873   2.6312   1.1886   0.0026   0.3728   0.2842  -0.0034   0.0000  -0.0626   0.1140    0.470
   121  38.5467 -28.7882   1.5650   4.0357   2.4467   1.1390   0.0031   0.3706   0.2825  -0.0033   0.0000  -0.0625   0.1136    0.471
   122  38.9130 -29.3807   1.6168   3.8896   2.2675   1.0909   0.0039   0.3683   0.2807  -0.0033   0.0000  -0.0624   0.1131    0.472
   123  39.2646 -29.9494   1.6666   3.7494   2.0939   1.0439   0.0048   0.3656   0.2787  -0.0032   0.0000  -0.0622   0.1124    0.473
   124  39.6008 -30.4931   1.7142   3.6154   1.9264   0.9979   0.0059   0.3625   0.2763  -0.0032   0.0000  -0.0618   0.1116    0.474
   125  39.9208 -31.0107   1.7595   3.4878   1.7654   0.9524   0.0073   0.3586   0.2734  -0.0031   0.0000  -0.0614   0.1106    0.475
   126  40.2241 -31.5013   1.8024   3.3669   1.6109   0.9069   0.0090   0.3537   0.2696  -0.0031   0.0000  -0.0607   0.1092    0.475
   127  40.5101 -31.9637   1.8428   3.2529   1.4631   0.8606   0.0110   0.3474   0.2648  -0.0031   0.0000  -0.0597   0.1073    0.475
   128  40.7780 -32.3972   1.8807   3.1461   1.3219   0.8127   0.0131   0.3392   0.2586  -0.0032   0.0000  -0.0581   0.1047    0.475
   129  41.0275 -32.8007   1.9161   3.0466   1.1875   0.7624   0.0151   0.3287   0.2505  -0.0035   0.0000  -0.0559   0.1011    0.473
   130  41.2443 -33.1513   1.9467   2.9602   0.9321   0.7115   0.0168   0.3157   0.2407  -0.0049   0.0000  -0.0526   0.0961    0.468
   131  41.4296 -33.4511   1.9730   2.8863   0.8279   0.6598   0.0171   0.3005   0.2291  -0.0094   0.0000  -0.0474   0.0892    0.457
   132  41.8525 -33.7408   1.9984   2.6418   0.7761   0.6037   0.0163   1.0472   0.2285   0.0040   0.0000  -0.0253   0.0341    0.361
   133  42.4709 -34.0170   2.0225   2.2558   0.5879   0.5477   0.0209   1.1136   0.2430  -0.0020   0.0000  -0.0187   0.0329    0.327
   134  43.0147 -34.2599   2.0438   1.9163   0.4349   0.4893   0.0257   1.1717   0.2557  -0.0058   0.0000  -0.0146   0.0326    0.307
   135  43.4828 -34.4691   2.0621   1.6240   0.3131   0.4275   0.0317   1.2085   0.2637  -0.0092   0.0000  -0.0102   0.0316    0.289
   136  43.8744 -34.6440   2.0774   1.3796   0.2184   0.3610   0.0381   1.2018   0.2623  -0.0126   0.0000  -0.0039   0.0289    0.265
   137  44.1886 -34.7843   2.0896   1.1834   0.1461   0.2886   0.0437   1.1208   0.2446  -0.0159   0.0000   0.0044   0.0237    0.232
   138  44.4248 -34.8899   2.0989   1.0359   0.0915   0.2106   0.0477   0.9351   0.2041  -0.0183   0.0000   0.0120   0.0164    0.191
   139  44.5826 -34.9603   2.1050   0.9375   0.0498   0.1282   0.0502   0.6299   0.1375  -0.0176   0.0000   0.0137   0.0087    0.150
   140  44.6615 -34.9956   2.1081   0.8882   0.0157   0.0431   0.0518   0.2239   0.0489  -0.0101   0.0000   0.0061   0.0026    0.126

  Surface # 3     horizontal_stabilizer                   
     # Chordwise = 10   # Spanwise = 70     First strip =141
     Surface area Ssurf =   33.045236     Ave. chord Cave =    3.385454

 Forces referred to Sref, Cref, Bref about Xref, Yref, Zref
 Standard axis orientation,  X fwd, Z down         
     CLsurf  =  -0.00148     Clsurf  =   0.00006
     CYsurf  =   0.00018     Cmsurf  =   0.01017
     CDsurf  =  -0.00006     Cnsurf  =  -0.00015
     CDisurf =  -0.00006     CDvsurf =   0.00000

 Forces referred to Ssurf, Cave 
     CLsurf  =  -0.02213     CDsurf  =  -0.00093

 Strip Forces referred to Strip Area, Chord
    j     Xle      Yle      Zle      Chord    Area     c_cl     ai     cl_norm    cl       cd       cdv    cm_c/4     cm_LE   C.P.x/c
   141  55.3378   0.0012   2.0821   4.5667   0.0218  -0.1322   0.0412  -0.0392  -0.0293   0.0088   0.0000   0.0016   0.0075    0.304
   142  55.3439   0.0107   2.0832   4.5644   0.0654  -0.1425   0.0412  -0.0418  -0.0312  -0.0002   0.0000   0.0015   0.0079    0.299
   143  55.3560   0.0296   2.0853   4.5598   0.1087  -0.1434   0.0411  -0.0421  -0.0314  -0.0009   0.0000   0.0015   0.0080    0.299
   144  55.3743   0.0580   2.0884   4.5529   0.1516  -0.1436   0.0410  -0.0422  -0.0315  -0.0011   0.0000   0.0015   0.0080    0.297
   145  55.3985   0.0958   2.0926   4.5437   0.1940  -0.1438   0.0409  -0.0424  -0.0316  -0.0012   0.0000   0.0014   0.0079    0.296
   146  55.4288   0.1429   2.0978   4.5322   0.2357  -0.1439   0.0409  -0.0425  -0.0317  -0.0012   0.0000   0.0014   0.0079    0.293
   147  55.4649   0.1992   2.1040   4.5185   0.2766  -0.1441   0.0408  -0.0427  -0.0319  -0.0012   0.0000   0.0013   0.0078    0.290
   148  55.5069   0.2646   2.1112   4.5025   0.3165  -0.1443   0.0408  -0.0429  -0.0320  -0.0012   0.0000   0.0012   0.0078    0.287
   149  55.5546   0.3389   2.1194   4.4844   0.3554  -0.1446   0.0409  -0.0432  -0.0322  -0.0012   0.0000   0.0011   0.0077    0.283
   150  55.6080   0.4221   2.1286   4.4642   0.3930  -0.1449   0.0410  -0.0434  -0.0324  -0.0013   0.0000   0.0009   0.0077    0.279
   151  55.6670   0.5139   2.1387   4.4418   0.4292  -0.1452   0.0411  -0.0438  -0.0327  -0.0013   0.0000   0.0008   0.0076    0.275
   152  55.7314   0.6141   2.1498   4.4174   0.4640  -0.1457   0.0413  -0.0441  -0.0330  -0.0013   0.0000   0.0007   0.0076    0.270
   153  55.8011   0.7227   2.1618   4.3910   0.4973  -0.1462   0.0416  -0.0446  -0.0333  -0.0013   0.0000   0.0005   0.0075    0.266
   154  55.8759   0.8392   2.1746   4.3626   0.5288  -0.1467   0.0419  -0.0450  -0.0336  -0.0013   0.0000   0.0004   0.0075    0.262
   155  55.9558   0.9636   2.1884   4.3323   0.5586  -0.1473   0.0423  -0.0455  -0.0340  -0.0014   0.0000   0.0003   0.0075    0.258
   156  56.0405   1.0955   2.2029   4.3001   0.5866  -0.1479   0.0428  -0.0460  -0.0344  -0.0014   0.0000   0.0002   0.0074    0.255
   157  56.1315   1.2373   2.2186   4.2656   0.6352  -0.1485   0.0434  -0.0466  -0.0348  -0.0014   0.0000   0.0000   0.0074    0.251
   158  56.2289   1.3889   2.2353   4.2287   0.6600  -0.1491   0.0441  -0.0472  -0.0352  -0.0015   0.0000  -0.0001   0.0074    0.247
   159  56.3307   1.5475   2.2528   4.1900   0.6826  -0.1496   0.0449  -0.0478  -0.0357  -0.0015   0.0000  -0.0002   0.0074    0.244
   160  56.4368   1.7127   2.2711   4.1498   0.7031  -0.1500   0.0457  -0.0484  -0.0361  -0.0015   0.0000  -0.0003   0.0074    0.240
   161  56.5469   1.8842   2.2900   4.1080   0.7214  -0.1502   0.0466  -0.0489  -0.0365  -0.0015   0.0000  -0.0005   0.0074    0.237
   162  56.6609   2.0617   2.3096   4.0648   0.7375  -0.1502   0.0475  -0.0494  -0.0369  -0.0016   0.0000  -0.0006   0.0073    0.234
   163  56.7785   2.2448   2.3298   4.0202   0.7513  -0.1498   0.0483  -0.0499  -0.0372  -0.0016   0.0000  -0.0007   0.0073    0.231
   164  56.8994   2.4331   2.3506   3.9743   0.7630  -0.1490   0.0491  -0.0502  -0.0375  -0.0016   0.0000  -0.0008   0.0073    0.228
   165  57.0234   2.6263   2.3719   3.9273   0.7724  -0.1478   0.0497  -0.0504  -0.0376  -0.0016   0.0000  -0.0009   0.0072    0.225
   166  57.1504   2.8240   2.3937   3.8791   0.7796  -0.1459   0.0501  -0.0504  -0.0376  -0.0016   0.0000  -0.0010   0.0071    0.223
   167  57.2799   3.0257   2.4160   3.8300   0.7846  -0.1435   0.0503  -0.0501  -0.0374  -0.0016   0.0000  -0.0011   0.0070    0.220
   168  57.4118   3.2311   2.4387   3.7800   0.7875  -0.1404   0.0503  -0.0497  -0.0371  -0.0016   0.0000  -0.0012   0.0069    0.218
   169  57.5458   3.4398   2.4617   3.7292   0.7883  -0.1365   0.0499  -0.0490  -0.0366  -0.0016   0.0000  -0.0013   0.0067    0.216
   170  57.6816   3.6513   2.4851   3.6777   0.7871  -0.1319   0.0492  -0.0480  -0.0358  -0.0016   0.0000  -0.0013   0.0065    0.214
   171  57.8189   3.8651   2.5087   3.6256   0.7840  -0.1265   0.0483  -0.0467  -0.0349  -0.0015   0.0000  -0.0013   0.0063    0.212
   172  57.9575   4.0810   2.5325   3.5730   0.7789  -0.1205   0.0471  -0.0451  -0.0337  -0.0015   0.0000  -0.0014   0.0060    0.210
   173  58.0971   4.2984   2.5565   3.5200   0.7721  -0.1137   0.0457  -0.0432  -0.0323  -0.0014   0.0000  -0.0014   0.0057    0.208
   174  58.2374   4.5169   2.5806   3.4668   0.7635  -0.1064   0.0443  -0.0411  -0.0307  -0.0013   0.0000  -0.0014   0.0054    0.206
   175  58.3781   4.7361   2.6048   3.4134   0.7532  -0.0985   0.0427  -0.0386  -0.0288  -0.0012   0.0000  -0.0013   0.0050    0.204
   176  58.5190   4.9555   2.6291   3.3600   0.7414  -0.0902   0.0412  -0.0359  -0.0268  -0.0011   0.0000  -0.0013   0.0046    0.202
   177  58.6597   5.1746   2.6533   3.3066   0.7282  -0.0816   0.0397  -0.0330  -0.0247  -0.0010   0.0000  -0.0012   0.0042    0.200
   178  58.8000   5.3931   2.6774   3.2534   0.7136  -0.0728   0.0382  -0.0299  -0.0224  -0.0009   0.0000  -0.0012   0.0038    0.197
   179  58.9396   5.6105   2.7014   3.2005   0.6977  -0.0639   0.0369  -0.0267  -0.0199  -0.0008   0.0000  -0.0011   0.0033    0.194
   180  59.0783   5.8264   2.7252   3.1479   0.6807  -0.0550   0.0356  -0.0234  -0.0175  -0.0007   0.0000  -0.0010   0.0028    0.191
   181  59.2156   6.0403   2.7488   3.0958   0.6626  -0.0462   0.0345  -0.0200  -0.0149  -0.0006   0.0000  -0.0010   0.0024    0.186
   182  59.3514   6.2518   2.7722   3.0443   0.6435  -0.0376   0.0334  -0.0166  -0.0124  -0.0005   0.0000  -0.0009   0.0019    0.180
   183  59.4854   6.4604   2.7952   2.9935   0.6236  -0.0294   0.0325  -0.0131  -0.0098  -0.0004   0.0000  -0.0008   0.0014    0.172
   184  59.6173   6.6658   2.8179   2.9434   0.6030  -0.0214   0.0317  -0.0097  -0.0073  -0.0003   0.0000  -0.0007   0.0010    0.158
   185  59.7468   6.8676   2.8402   2.8943   0.5816  -0.0139   0.0309  -0.0064  -0.0048  -0.0002   0.0000  -0.0006   0.0005    0.133
   186  59.8737   7.0652   2.8620   2.8462   0.5597  -0.0069   0.0303  -0.0033  -0.0024  -0.0001   0.0000  -0.0005   0.0001    0.062
   187  59.9978   7.2584   2.8833   2.7991   0.5373  -0.0004   0.0297  -0.0002  -0.0001  -0.0000   0.0000  -0.0003  -0.0003  999.000
   188  60.1187   7.4468   2.9041   2.7532   0.5146   0.0056   0.0293   0.0027   0.0020   0.0001   0.0000  -0.0002  -0.0006    0.361
   189  60.2363   7.6298   2.9243   2.7086   0.4914   0.0110   0.0288   0.0054   0.0040   0.0001   0.0000  -0.0001  -0.0009    0.275
   190  60.3502   7.8073   2.9439   2.6654   0.4681   0.0158   0.0285   0.0079   0.0059   0.0002   0.0000   0.0000  -0.0012    0.245
   191  60.4604   7.9789   2.9629   2.6236   0.4445   0.0200   0.0282   0.0102   0.0076   0.0003   0.0000   0.0002  -0.0015    0.228
   192  60.5664   8.1441   2.9811   2.5834   0.4209   0.0236   0.0280   0.0122   0.0091   0.0003   0.0000   0.0003  -0.0017    0.216
   193  60.6683   8.3026   2.9986   2.5448   0.3972   0.0265   0.0278   0.0140   0.0104   0.0003   0.0000   0.0005  -0.0018    0.206
   194  60.7656   8.4543   3.0153   2.5078   0.3735   0.0289   0.0277   0.0154   0.0115   0.0004   0.0000   0.0006  -0.0019    0.197
   195  60.8583   8.5986   3.0313   2.4727   0.3498   0.0306   0.0276   0.0166   0.0124   0.0004   0.0000   0.0008  -0.0020    0.188
   196  60.9461   8.7354   3.0464   2.4394   0.3262   0.0317   0.0275   0.0174   0.0130   0.0004   0.0000   0.0009  -0.0020    0.180
   197  61.0289   8.8643   3.0606   2.4080   0.3027   0.0323   0.0274   0.0179   0.0134   0.0004   0.0000   0.0011  -0.0020    0.171
   198  61.1050   8.9828   3.0737   2.3791   0.2681   0.0322   0.0274   0.0181   0.0135   0.0004   0.0000   0.0012  -0.0019    0.163
   199  61.1744   9.0908   3.0856   2.3528   0.2460   0.0317   0.0274   0.0180   0.0135   0.0004   0.0000   0.0013  -0.0018    0.154
   200  61.2384   9.1906   3.0966   2.3285   0.2239   0.0307   0.0274   0.0176   0.0132   0.0004   0.0000   0.0014  -0.0016    0.145
   201  61.2971   9.2820   3.1067   2.3063   0.2021   0.0292   0.0274   0.0169   0.0127   0.0004   0.0000   0.0014  -0.0015    0.137
   202  61.3502   9.3647   3.1159   2.2861   0.1803   0.0273   0.0274   0.0160   0.0119   0.0003   0.0000   0.0015  -0.0013    0.128
   203  61.3977   9.4387   3.1240   2.2681   0.1587   0.0250   0.0274   0.0148   0.0110   0.0003   0.0000   0.0014  -0.0011    0.120
   204  61.4395   9.5038   3.1312   2.2523   0.1372   0.0224   0.0274   0.0133   0.0099   0.0003   0.0000   0.0014  -0.0010    0.112
   205  61.4755   9.5598   3.1374   2.2386   0.1159   0.0195   0.0274   0.0116   0.0087   0.0002   0.0000   0.0013  -0.0008    0.104
   206  61.5056   9.6066   3.1426   2.2272   0.0946   0.0163   0.0274   0.0098   0.0073   0.0002   0.0000   0.0011  -0.0006    0.098
   207  61.5297   9.6442   3.1467   2.2181   0.0735   0.0129   0.0274   0.0078   0.0058   0.0001   0.0000   0.0009  -0.0005    0.092
   208  61.5479   9.6725   3.1498   2.2112   0.0524   0.0093   0.0274   0.0057   0.0042   0.0001   0.0000   0.0007  -0.0003    0.087
   209  61.5600   9.6914   3.1519   2.2066   0.0314   0.0056   0.0275   0.0034   0.0026   0.0000   0.0000   0.0004  -0.0002    0.084
   210  61.5660   9.7008   3.1530   2.2043   0.0105   0.0019   0.0275   0.0011   0.0009   0.0000   0.0000   0.0001  -0.0001    0.083

  Surface # 4     horizontal_stabilizer (YDUP)            
     # Chordwise = 10   # Spanwise = 70     First strip =211
     Surface area Ssurf =   33.045236     Ave. chord Cave =    3.385454

 Forces referred to Sref, Cref, Bref about Xref, Yref, Zref
 Standard axis orientation,  X fwd, Z down         
     CLsurf  =  -0.00148     Clsurf  =  -0.00006
     CYsurf  =  -0.00018     Cmsurf  =   0.01017
     CDsurf  =  -0.00006     Cnsurf  =   0.00015
     CDisurf =  -0.00006     CDvsurf =   0.00000

 Forces referred to Ssurf, Cave 
     CLsurf  =  -0.02213     CDsurf  =  -0.00093

 Strip Forces referred to Strip Area, Chord
    j     Xle      Yle      Zle      Chord    Area     c_cl     ai     cl_norm    cl       cd       cdv    cm_c/4     cm_LE   C.P.x/c
   211  55.3378  -0.0012   2.0821   4.5667   0.0218  -0.1322   0.0412  -0.0392  -0.0293   0.0088   0.0000   0.0016  -0.0075    0.304
   212  55.3439  -0.0107   2.0832   4.5644   0.0654  -0.1425   0.0412  -0.0418  -0.0312  -0.0002   0.0000   0.0015  -0.0079    0.299
   213  55.3560  -0.0296   2.0853   4.5598   0.1087  -0.1434   0.0411  -0.0421  -0.0314  -0.0009   0.0000   0.0015  -0.0080    0.299
   214  55.3743  -0.0580   2.0884   4.5529   0.1516  -0.1436   0.0410  -0.0422  -0.0315  -0.0011   0.0000   0.0015  -0.0080    0.297
   215  55.3985  -0.0958   2.0926   4.5437   0.1940  -0.1438   0.0409  -0.0424  -0.0316  -0.0012   0.0000   0.0014  -0.0079    0.296
   216  55.4288  -0.1429   2.0978   4.5322   0.2357  -0.1439   0.0409  -0.0425  -0.0317  -0.0012   0.0000   0.0014  -0.0079    0.293
   217  55.4649  -0.1992   2.1040   4.5185   0.2766  -0.1441   0.0408  -0.0427  -0.0319  -0.0012   0.0000   0.0013  -0.0078    0.290
   218  55.5069  -0.2646   2.1112   4.5025   0.3165  -0.1443   0.0408  -0.0429  -0.0320  -0.0012   0.0000   0.0012  -0.0078    0.287
   219  55.5546  -0.3389   2.1194   4.4844   0.3554  -0.1446   0.0409  -0.0432  -0.0322  -0.0012   0.0000   0.0011  -0.0077    0.283
   220  55.6080  -0.4221   2.1286   4.4642   0.3930  -0.1449   0.0410  -0.0434  -0.0324  -0.0013   0.0000   0.0009  -0.0077    0.279
   221  55.6670  -0.5139   2.1387   4.4418   0.4292  -0.1452   0.0411  -0.0438  -0.0327  -0.0013   0.0000   0.0008  -0.0076    0.275
   222  55.7314  -0.6141   2.1498   4.4174   0.4640  -0.1457   0.0413  -0.0441  -0.0330  -0.0013   0.0000   0.0007  -0.0076    0.270
   223  55.8011  -0.7227   2.1618   4.3910   0.4973  -0.1462   0.0416  -0.0446  -0.0333  -0.0013   0.0000   0.0005  -0.0075    0.266
   224  55.8759  -0.8392   2.1746   4.3626   0.5288  -0.1467   0.0419  -0.0450  -0.0336  -0.0013   0.0000   0.0004  -0.0075    0.262
   225  55.9558  -0.9636   2.1884   4.3323   0.5586  -0.1473   0.0423  -0.0455  -0.0340  -0.0014   0.0000   0.0003  -0.0075    0.258
   226  56.0405  -1.0955   2.2029   4.3001   0.5866  -0.1479   0.0428  -0.0460  -0.0344  -0.0014   0.0000   0.0002  -0.0074    0.255
   227  56.1315  -1.2373   2.2186   4.2656   0.6352  -0.1485   0.0434  -0.0466  -0.0348  -0.0014   0.0000   0.0000  -0.0074    0.251
   228  56.2289  -1.3889   2.2353   4.2287   0.6600  -0.1491   0.0441  -0.0472  -0.0352  -0.0015   0.0000  -0.0001  -0.0074    0.247
   229  56.3307  -1.5475   2.2528   4.1900   0.6826  -0.1496   0.0449  -0.0478  -0.0357  -0.0015   0.0000  -0.0002  -0.0074    0.244
   230  56.4368  -1.7127   2.2711   4.1498   0.7031  -0.1500   0.0457  -0.0484  -0.0361  -0.0015   0.0000  -0.0003  -0.0074    0.240
   231  56.5469  -1.8842   2.2900   4.1080   0.7214  -0.1502   0.0466  -0.0489  -0.0365  -0.0015   0.0000  -0.0005  -0.0074    0.237
   232  56.6609  -2.0617   2.3096   4.0648   0.7375  -0.1502   0.0475  -0.0494  -0.0369  -0.0016   0.0000  -0.0006  -0.0073    0.234
   233  56.7785  -2.2448   2.3298   4.0202   0.7513  -0.1498   0.0483  -0.0499  -0.0372  -0.0016   0.0000  -0.0007  -0.0073    0.231
   234  56.8994  -2.4331   2.3506   3.9743   0.7630  -0.1490   0.0491  -0.0502  -0.0375  -0.0016   0.0000  -0.0008  -0.0073    0.228
   235  57.0234  -2.6263   2.3719   3.9273   0.7724  -0.1478   0.0497  -0.0504  -0.0376  -0.0016   0.0000  -0.0009  -0.0072    0.225
   236  57.1504  -2.8240   2.3937   3.8791   0.7796  -0.1459   0.0501  -0.0504  -0.0376  -0.0016   0.0000  -0.0010  -0.0071    0.223
   237  57.2799  -3.0257   2.4160   3.8300   0.7846  -0.1435   0.0503  -0.0501  -0.0374  -0.0016   0.0000  -0.0011  -0.0070    0.220
   238  57.4118  -3.2311   2.4387   3.7800   0.7875  -0.1404   0.0503  -0.0497  -0.0371  -0.0016   0.0000  -0.0012  -0.0069    0.218
   239  57.5458  -3.4398   2.4617   3.7292   0.7883  -0.1365   0.0499  -0.0490  -0.0366  -0.0016   0.0000  -0.0013  -0.0067    0.216
   240  57.6816  -3.6513   2.4851   3.6777   0.7871  -0.1319   0.0492  -0.0480  -0.0358  -0.0016   0.0000  -0.0013  -0.0065    0.214
   241  57.8189  -3.8651   2.5087   3.6256   0.7840  -0.1265   0.0483  -0.0467  -0.0349  -0.0015   0.0000  -0.0013  -0.0063    0.212
   242  57.9575  -4.0810   2.5325   3.5730   0.7789  -0.1205   0.0471  -0.0451  -0.0337  -0.0015   0.0000  -0.0014  -0.0060    0.210
   243  58.0971  -4.2984   2.5565   3.5200   0.7721  -0.1137   0.0457  -0.0432  -0.0323  -0.0014   0.0000  -0.0014  -0.0057    0.208
   244  58.2374  -4.5169   2.5806   3.4668   0.7635  -0.1064   0.0443  -0.0411  -0.0307  -0.0013   0.0000  -0.0014  -0.0054    0.206
   245  58.3781  -4.7361   2.6048   3.4134   0.7532  -0.0985   0.0427  -0.0386  -0.0288  -0.0012   0.0000  -0.0013  -0.0050    0.204
   246  58.5190  -4.9555   2.6291   3.3600   0.7414  -0.0902   0.0412  -0.0359  -0.0268  -0.0011   0.0000  -0.0013  -0.0046    0.202
   247  58.6597  -5.1746   2.6533   3.3066   0.7282  -0.0816   0.0397  -0.0330  -0.0247  -0.0010   0.0000  -0.0012  -0.0042    0.200
   248  58.8000  -5.3931   2.6774   3.2534   0.7136  -0.0728   0.0382  -0.0299  -0.0224  -0.0009   0.0000  -0.0012  -0.0038    0.197
   249  58.9396  -5.6105   2.7014   3.2005   0.6977  -0.0639   0.0369  -0.0267  -0.0199  -0.0008   0.0000  -0.0011  -0.0033    0.194
   250  59.0783  -5.8264   2.7252   3.1479   0.6807  -0.0550   0.0356  -0.0234  -0.0175  -0.0007   0.0000  -0.0010  -0.0028    0.191
   251  59.2156  -6.0403   2.7488   3.0958   0.6626  -0.0462   0.0345  -0.0200  -0.0149  -0.0006   0.0000  -0.0010  -0.0024    0.186
   252  59.3514  -6.2518   2.7722   3.0443   0.6435  -0.0376   0.0334  -0.0166  -0.0124  -0.0005   0.0000  -0.0009  -0.0019    0.180
   253  59.4854  -6.4604   2.7952   2.9935   0.6236  -0.0294   0.0325  -0.0131  -0.0098  -0.0004   0.0000  -0.0008  -0.0014    0.172
   254  59.6173  -6.6658   2.8179   2.9434   0.6030  -0.0214   0.0317  -0.0097  -0.0073  -0.0003   0.0000  -0.0007  -0.0010    0.158
   255  59.7468  -6.8676   2.8402   2.8943   0.5816  -0.0139   0.0309  -0.0064  -0.0048  -0.0002   0.0000  -0.0006  -0.0005    0.133
   256  59.8737  -7.0652   2.8620   2.8462   0.5597  -0.0069   0.0303  -0.0033  -0.0024  -0.0001   0.0000  -0.0005  -0.0001    0.062
   257  59.9978  -7.2584   2.8833   2.7991   0.5373  -0.0004   0.0297  -0.0002  -0.0001  -0.0000   0.0000  -0.0003   0.0003  999.000
   258  60.1187  -7.4468   2.9041   2.7532   0.5146   0.0056   0.0293   0.0027   0.0020   0.0001   0.0000  -0.0002   0.0006    0.361
   259  60.2363  -7.6298   2.9243   2.7086   0.4914   0.0110   0.0288   0.0054   0.0040   0.0001   0.0000  -0.0001   0.0009    0.275
   260  60.3502  -7.8073   2.9439   2.6654   0.4681   0.0158   0.0285   0.0079   0.0059   0.0002   0.0000   0.0000   0.0012    0.245
   261  60.4604  -7.9789   2.9629   2.6236   0.4445   0.0200   0.0282   0.0102   0.0076   0.0003   0.0000   0.0002   0.0015    0.228
   262  60.5664  -8.1441   2.9811   2.5834   0.4209   0.0236   0.0280   0.0122   0.0091   0.0003   0.0000   0.0003   0.0017    0.216
   263  60.6683  -8.3026   2.9986   2.5448   0.3972   0.0265   0.0278   0.0140   0.0104   0.0003   0.0000   0.0005   0.0018    0.206
   264  60.7656  -8.4543   3.0153   2.5078   0.3735   0.0289   0.0277   0.0154   0.0115   0.0004   0.0000   0.0006   0.0019    0.197
   265  60.8583  -8.5986   3.0313   2.4727   0.3498   0.0306   0.0276   0.0166   0.0124   0.0004   0.0000   0.0008   0.0020    0.188
   266  60.9461  -8.7354   3.0464   2.4394   0.3262   0.0317   0.0275   0.0174   0.0130   0.0004   0.0000   0.0009   0.0020    0.180
   267  61.0289  -8.8643   3.0606   2.4080   0.3027   0.0323   0.0274   0.0179   0.0134   0.0004   0.0000   0.0011   0.0020    0.171
   268  61.1050  -8.9828   3.0737   2.3791   0.2681   0.0322   0.0274   0.0181   0.0135   0.0004   0.0000   0.0012   0.0019    0.163
   269  61.1744  -9.0908   3.0856   2.3528   0.2460   0.0317   0.0274   0.0180   0.0135   0.0004   0.0000   0.0013   0.0018    0.154
   270  61.2384  -9.1906   3.0966   2.3285   0.2239   0.0307   0.0274   0.0176   0.0132   0.0004   0.0000   0.0014   0.0016    0.145
   271  61.2971  -9.2820   3.1067   2.3063   0.2021   0.0292   0.0274   0.0169   0.0127   0.0004   0.0000   0.0014   0.0015    0.137
   272  61.3502  -9.3647   3.1159   2.2861   0.1803   0.0273   0.0274   0.0160   0.0119   0.0003   0.0000   0.0015   0.0013    0.128
   273  61.3977  -9.4387   3.1240   2.2681   0.1587   0.0250   0.0274   0.0148   0.0110   0.0003   0.0000   0.0014   0.0011    0.120
   274  61.4395  -9.5038   3.1312   2.2523   0.1372   0.0224   0.0274   0.0133   0.0099   0.0003   0.0000   0.0014   0.0010    0.112
   275  61.4755  -9.5598   3.1374   2.2386   0.1159   0.0195   0.0274   0.0116   0.0087   0.0002   0.0000   0.0013   0.0008    0.104
   276  61.5056  -9.6066   3.1426   2.2272   0.0946   0.0163   0.0274   0.0098   0.0073   0.0002   0.0000   0.0011   0.0006    0.098
   277  61.5297  -9.6442   3.1467   2.2181   0.0735   0.0129   0.0274   0.0078   0.0058   0.0001   0.0000   0.0009   0.0005    0.092
   278  61.5479  -9.6725   3.1498   2.2112   0.0524   0.0093   0.0274   0.0057   0.0042   0.0001   0.0000   0.0007   0.0003    0.087
   279  61.5600  -9.6914   3.1519   2.2066   0.0314   0.0056   0.0275   0.0034   0.0026   0.0000   0.0000   0.0004   0.0002    0.084
   280  61.5660  -9.7008   3.1530   2.2043   0.0105   0.0019   0.0275   0.0011   0.0009   0.0000   0.0000   0.0001   0.0001    0.083

  Surface # 5     vertical_stabilizer                     
     # Chordwise = 10   # Spanwise = 70     First strip =281
     Surface area Ssurf =   45.713867     Ave. chord Cave =    5.520998

 Forces referred to Sref, Cref, Bref about Xref, Yref, Zref
 Standard axis orientation,  X fwd, Z down         
     CLsurf  =  -0.00000     Clsurf  =   0.00000
     CYsurf  =   0.00000     Cmsurf  =   0.00000
     CDsurf  =   0.00000     Cnsurf  =  -0.00000
     CDisurf =   0.00000     CDvsurf =   0.00000

 Forces referred to Ssurf, Cave 
     CLsurf  =  -0.00000     CDsurf  =   0.00000

 Strip Forces referred to Strip Area, Chord
    j     Xle      Yle      Zle      Chord    Area     c_cl     ai     cl_norm    cl       cd       cdv    cm_c/4     cm_LE   C.P.x/c
   281  52.2101   0.0000   3.6002   7.9300   0.1771   0.0000   0.0000   0.0000   0.0000   0.0000   0.0000   0.0000   0.0000  999.000
   282  52.2358   0.0000   3.6263   7.9148   0.2360   0.0000  -0.0000   0.0000   0.0000   0.0000   0.0000   0.0000   0.0000  999.000
   283  52.2688   0.0000   3.6599   7.8953   0.2943   0.0000   0.0000   0.0000   0.0000   0.0000   0.0000   0.0000   0.0000   -0.970
   284  52.3092   0.0000   3.7008   7.8713   0.3517   0.0000   0.0000   0.0000   0.0000  -0.0000   0.0000   0.0000   0.0000  999.000
   285  52.3568   0.0000   3.7492   7.8431   0.4080   0.0000   0.0000   0.0000   0.0000  -0.0000   0.0000   0.0000   0.0000   -0.882
   286  52.4116   0.0000   3.8049   7.8107   0.4631   0.0000   0.0000   0.0000   0.0000  -0.0000   0.0000   0.0000   0.0000  999.000
   287  52.4736   0.0000   3.8678   7.7740   0.5167   0.0000  -0.0000   0.0000   0.0000   0.0000   0.0000   0.0000   0.0000   -0.687
   288  52.5425   0.0000   3.9378   7.7331   0.5687   0.0000   0.0000   0.0000   0.0000   0.0000   0.0000   0.0000   0.0000   -0.689
   289  52.6184   0.0000   4.0148   7.6882   0.6188   0.0000  -0.0000   0.0000   0.0000  -0.0000   0.0000   0.0000   0.0000   -0.662
   290  52.7011   0.0000   4.0987   7.6392   0.6670   0.0000   0.0000   0.0000   0.0000   0.0000   0.0000  -0.0000  -0.0000    0.370
   291  52.7904   0.0000   4.1894   7.5863   0.7129   0.0000  -0.0000   0.0000   0.0000   0.0000   0.0000   0.0000  -0.0000    0.181
   292  52.8862   0.0000   4.2867   7.5296   0.7566   0.0000   0.0000   0.0000   0.0000   0.0000   0.0000   0.0000  -0.0000    0.237
   293  52.9883   0.0000   4.3903   7.4691   0.7978   0.0000  -0.0000   0.0000   0.0000   0.0000   0.0000   0.0000   0.0000   -0.186
   294  53.0965   0.0000   4.5002   7.4050   0.8364   0.0000   0.0000   0.0000   0.0000  -0.0000   0.0000   0.0000   0.0000   -0.168
   295  53.2107   0.0000   4.6162   7.3374   0.8724   0.0000   0.0000   0.0000   0.0000  -0.0000   0.0000   0.0000   0.0000   -0.607
   296  53.3307   0.0000   4.7380   7.2663   0.9056   0.0000   0.0000   0.0000   0.0000  -0.0000   0.0000   0.0000   0.0000   -0.543
   297  53.4562   0.0000   4.8654   7.1920   0.9359   0.0000   0.0000   0.0000   0.0000  -0.0000   0.0000   0.0000   0.0000   -0.822
   298  53.5870   0.0000   4.9982   7.1146   0.9633   0.0000  -0.0000   0.0000   0.0000   0.0000   0.0000   0.0000   0.0000   -0.209
   299  53.7228   0.0000   5.1361   7.0341   0.9877   0.0000   0.0000   0.0000   0.0000  -0.0000   0.0000   0.0000  -0.0000   -0.001
   300  53.8635   0.0000   5.2790   6.9508   1.0092   0.0000   0.0000   0.0000   0.0000   0.0000   0.0000   0.0000   0.0000  999.000
   301  54.0087   0.0000   5.4264   6.8647   1.0275   0.0000  -0.0000   0.0000   0.0000   0.0000   0.0000   0.0000   0.0000  999.000
   302  54.1583   0.0000   5.5783   6.7762   1.0429   0.0000   0.0000   0.0000   0.0000   0.0000   0.0000   0.0000  -0.0000    0.187
   303  54.3118   0.0000   5.7342   6.6852   1.0552   0.0000   0.0000   0.0000   0.0000   0.0000   0.0000  -0.0000  -0.0000    0.670
   304  54.4691   0.0000   5.8939   6.5921   1.0645   0.0000   0.0000   0.0000   0.0000  -0.0000   0.0000  -0.0000  -0.0000  999.000
   305  54.6299   0.0000   6.0571   6.4969   1.0709  -0.0000  -0.0000  -0.0000  -0.0000   0.0000   0.0000  -0.0000   0.0000    0.197
   306  54.7937   0.0000   6.2234   6.3998   1.0743  -0.0000  -0.0000  -0.0000  -0.0000  -0.0000   0.0000  -0.0000   0.0000    0.048
   307  54.9605   0.0000   6.3927   6.3011   1.0748   0.0000   0.0000   0.0000   0.0000  -0.0000   0.0000  -0.0000  -0.0000  999.000
   308  55.1297   0.0000   6.5645   6.2009   1.0726  -0.0000   0.0000  -0.0000  -0.0000   0.0000   0.0000  -0.0000  -0.0000  999.000
   309  55.3011   0.0000   6.7386   6.0993   1.0677  -0.0000  -0.0000  -0.0000  -0.0000  -0.0000   0.0000  -0.0000   0.0000    0.042
   310  55.4744   0.0000   6.9145   5.9967   1.0602  -0.0000   0.0000  -0.0000  -0.0000  -0.0000   0.0000  -0.0000   0.0000    0.197
   311  55.6493   0.0000   7.0921   5.8931   1.0502  -0.0000  -0.0000  -0.0000  -0.0000  -0.0000   0.0000   0.0000   0.0000    0.254
   312  55.8254   0.0000   7.2709   5.7888   1.0378  -0.0000  -0.0000  -0.0000  -0.0000   0.0000   0.0000   0.0000   0.0000    0.371
   313  56.0024   0.0000   7.4506   5.6840   1.0232  -0.0000   0.0000  -0.0000  -0.0000   0.0000   0.0000   0.0000   0.0000    0.355
   314  56.1799   0.0000   7.6308   5.5789   1.0064  -0.0000  -0.0000  -0.0000  -0.0000   0.0000   0.0000   0.0000   0.0000    0.580
   315  56.3576   0.0000   7.8113   5.4736   0.9877  -0.0000  -0.0000  -0.0000  -0.0000   0.0000   0.0000   0.0000   0.0000    0.557
   316  56.5353   0.0000   7.9916   5.3684   0.9671  -0.0000  -0.0000  -0.0000  -0.0000   0.0000   0.0000   0.0000   0.0000    0.521
   317  56.7124   0.0000   8.1715   5.2635   0.9449  -0.0000   0.0000  -0.0000  -0.0000  -0.0000   0.0000   0.0000   0.0000    0.627
   318  56.8888   0.0000   8.3506   5.1590   0.9211  -0.0000  -0.0000  -0.0000  -0.0000  -0.0000   0.0000   0.0000   0.0000    0.632
   319  57.0641   0.0000   8.5285   5.0552   0.8959  -0.0000  -0.0000  -0.0000  -0.0000   0.0000   0.0000   0.0000   0.0000    0.561
   320  57.2378   0.0000   8.7049   4.9523   0.8694  -0.0000   0.0000  -0.0000  -0.0000  -0.0000   0.0000   0.0000   0.0000    0.321
   321  57.4098   0.0000   8.8795   4.8504   0.8418  -0.0000   0.0000  -0.0000  -0.0000   0.0000   0.0000   0.0000   0.0000    0.523
   322  57.5796   0.0000   9.0520   4.7499   0.8133  -0.0000  -0.0000  -0.0000  -0.0000  -0.0000   0.0000   0.0000   0.0000    0.397
   323  57.7470   0.0000   9.2219   4.6507   0.7840  -0.0000   0.0000  -0.0000  -0.0000   0.0000   0.0000   0.0000   0.0000    0.427
   324  57.9116   0.0000   9.3890   4.5532   0.7540  -0.0000  -0.0000  -0.0000  -0.0000  -0.0000   0.0000   0.0000   0.0000    0.424
   325  58.0731   0.0000   9.5530   4.4576   0.7235  -0.0000   0.0000  -0.0000  -0.0000   0.0000   0.0000   0.0000   0.0000    0.386
   326  58.2313   0.0000   9.7136   4.3639   0.6925  -0.0000  -0.0000  -0.0000  -0.0000   0.0000   0.0000   0.0000   0.0000    0.357
   327  58.3857   0.0000   9.8703   4.2725   0.6613  -0.0000   0.0000  -0.0000  -0.0000  -0.0000   0.0000  -0.0000   0.0000    0.211
   328  58.5361   0.0000  10.0230   4.1834   0.6299  -0.0000  -0.0000  -0.0000  -0.0000  -0.0000   0.0000   0.0000   0.0000    0.317
   329  58.6822   0.0000  10.1714   4.0969   0.5984  -0.0000  -0.0000  -0.0000  -0.0000   0.0000   0.0000   0.0000   0.0000    0.353
   330  58.8237   0.0000  10.3151   4.0130   0.5670  -0.0000   0.0000  -0.0000  -0.0000  -0.0000   0.0000  -0.0000   0.0000    0.244
   331  58.9604   0.0000  10.4539   3.9321   0.5357  -0.0000   0.0000  -0.0000  -0.0000  -0.0000   0.0000   0.0000   0.0000    0.318
   332  59.0920   0.0000  10.5875   3.8541   0.5046  -0.0000  -0.0000  -0.0000  -0.0000   0.0000   0.0000   0.0000   0.0000    0.288
   333  59.2183   0.0000  10.7157   3.7794   0.4737  -0.0000   0.0000  -0.0000  -0.0000  -0.0000   0.0000   0.0000   0.0000    0.297
   334  59.3389   0.0000  10.8381   3.7079   0.4432  -0.0000  -0.0000  -0.0000  -0.0000  -0.0000   0.0000   0.0000   0.0000    0.405
   335  59.4537   0.0000  10.9547   3.6399   0.4131  -0.0000   0.0000  -0.0000  -0.0000   0.0000   0.0000   0.0000   0.0000    0.400
   336  59.5624   0.0000  11.0651   3.5756   0.3834  -0.0000   0.0000  -0.0000  -0.0000   0.0000   0.0000   0.0000   0.0000    0.336
   337  59.6648   0.0000  11.1691   3.5149   0.3542  -0.0000   0.0000  -0.0000  -0.0000  -0.0000   0.0000   0.0000   0.0000    0.384
   338  59.7608   0.0000  11.2665   3.4580   0.3254  -0.0000  -0.0000  -0.0000  -0.0000   0.0000   0.0000   0.0000   0.0000    0.375
   339  59.8502   0.0000  11.3572   3.4051   0.2971  -0.0000  -0.0000  -0.0000  -0.0000   0.0000   0.0000   0.0000   0.0000    0.351
   340  59.9327   0.0000  11.4410   3.3562   0.2693  -0.0000   0.0000  -0.0000  -0.0000  -0.0000   0.0000  -0.0000   0.0000    0.147
   341  60.0082   0.0000  11.5177   3.3115   0.2420  -0.0000   0.0000  -0.0000  -0.0000  -0.0000   0.0000  -0.0000   0.0000   -0.034
   342  60.0766   0.0000  11.5871   3.2710   0.2151  -0.0000   0.0000  -0.0000  -0.0000  -0.0000   0.0000  -0.0000   0.0000    0.017
   343  60.1377   0.0000  11.6492   3.2348   0.1887  -0.0000  -0.0000  -0.0000  -0.0000  -0.0000   0.0000  -0.0000   0.0000    0.165
   344  60.1915   0.0000  11.7038   3.2030   0.1627  -0.0000  -0.0000  -0.0000  -0.0000  -0.0000   0.0000  -0.0000   0.0000    0.193
   345  60.2378   0.0000  11.7508   3.1756   0.1370  -0.0000   0.0000  -0.0000  -0.0000  -0.0000   0.0000  -0.0000   0.0000    0.095
   346  60.2765   0.0000  11.7901   3.1526   0.1116  -0.0000   0.0000  -0.0000  -0.0000  -0.0000   0.0000  -0.0000   0.0000    0.046
   347  60.3075   0.0000  11.8216   3.1342   0.0866  -0.0000   0.0000  -0.0000  -0.0000  -0.0000   0.0000  -0.0000   0.0000    0.114
   348  60.3308   0.0000  11.8453   3.1204   0.0617  -0.0000  -0.0000  -0.0000  -0.0000  -0.0000   0.0000  -0.0000   0.0000    0.130
   349  60.3464   0.0000  11.8611   3.1112   0.0369  -0.0000  -0.0000  -0.0000  -0.0000  -0.0000   0.0000  -0.0000   0.0000    0.242
   350  60.3542   0.0000  11.8690   3.1066   0.0123  -0.0000  -0.0000  -0.0000  -0.0000  -0.0000   0.0000  -0.0000   0.0000    0.232

  Surface # 6     fuselage_horizontal                     
     # Chordwise = 10   # Spanwise = 10     First strip =351
     Surface area Ssurf =  305.582940     Ave. chord Cave =   52.236400

 Forces referred to Sref, Cref, Bref about Xref, Yref, Zref
 Standard axis orientation,  X fwd, Z down         
     CLsurf  =  -0.00156     Clsurf  =  -0.00000
     CYsurf  =  -0.00000     Cmsurf  =   0.01640
     CDsurf  =  -0.00012     Cnsurf  =   0.00000
     CDisurf =  -0.00012     CDvsurf =   0.00000

 Forces referred to Ssurf, Cave 
     CLsurf  =  -0.00251     CDsurf  =  -0.00019

 Strip Forces referred to Strip Area, Chord
    j     Xle      Yle      Zle      Chord    Area     c_cl     ai     cl_norm    cl       cd       cdv    cm_c/4     cm_LE   C.P.x/c
   351   7.4693  -2.6325   0.0000  39.8265  23.2985  -0.1255   0.0860  -0.0283  -0.0031  -0.0002   0.0000   0.0036   0.0006    1.407
   352   4.3582  -2.0475   0.0000  47.8148  27.9717  -0.1453   0.0417  -0.0061  -0.0030   0.0001   0.0000   0.0037   0.0012    1.481
   353   2.4947  -1.4625   0.0000  53.5537  31.3289  -0.1435   0.0194  -0.0033  -0.0027  -0.0000   0.0000   0.0036   0.0015    1.582
   354   1.1502  -0.8775   0.0000  58.2257  34.0620  -0.1265   0.0162  -0.0022  -0.0022  -0.0001   0.0000   0.0033   0.0018    1.750
   355   0.2954  -0.2925   0.0000  61.7612  36.1303  -0.1151   0.0156  -0.0019  -0.0018  -0.0006   0.0000   0.0030   0.0025    1.894
   356   0.2954   0.2925   0.0000  61.7612  36.1303  -0.1151   0.0156  -0.0019  -0.0018  -0.0006   0.0000   0.0030   0.0025    1.894
   357   1.1502   0.8775   0.0000  58.2257  34.0620  -0.1265   0.0162  -0.0022  -0.0022  -0.0001   0.0000   0.0033   0.0018    1.750
   358   2.4947   1.4625   0.0000  53.5538  31.3289  -0.1435   0.0194  -0.0033  -0.0027  -0.0000   0.0000   0.0036   0.0015    1.582
   359   4.3582   2.0475   0.0000  47.8148  27.9717  -0.1453   0.0417  -0.0061  -0.0030   0.0001   0.0000   0.0037   0.0012    1.481
   360   7.4692   2.6325   0.0000  39.8266  23.2985  -0.1255   0.0860  -0.0283  -0.0031  -0.0002   0.0000   0.0036   0.0006    1.407

  Surface # 7     fuselage_vertical                       
     # Chordwise = 10   # Spanwise = 10     First strip =361
     Surface area Ssurf =  302.292047     Ave. chord Cave =   52.236400

 Forces referred to Sref, Cref, Bref about Xref, Yref, Zref
 Standard axis orientation,  X fwd, Z down         
     CLsurf  =   0.00000     Clsurf  =  -0.00000
     CYsurf  =  -0.00000     Cmsurf  =  -0.00000
     CDsurf  =   0.00000     Cnsurf  =   0.00000
     CDisurf =   0.00000     CDvsurf =   0.00000

 Forces referred to Ssurf, Cave 
     CLsurf  =   0.00000     CDsurf  =   0.00000

 Strip Forces referred to Strip Area, Chord
    j     Xle      Yle      Zle      Chord    Area     c_cl     ai     cl_norm    cl       cd       cdv    cm_c/4     cm_LE   C.P.x/c
   361   7.4693   0.0000  -2.6041  39.8265  23.0476   0.0000  -0.0000   0.0000   0.0000   0.0000   0.0000  -0.0000  -0.0000    1.072
   362   4.3582   0.0000  -2.0255  47.8148  27.6705   0.0000   0.0000   0.0000   0.0000  -0.0000   0.0000  -0.0000  -0.0000    0.831
   363   2.4947   0.0000  -1.4467  53.5537  30.9916   0.0000  -0.0000   0.0000   0.0000  -0.0000   0.0000  -0.0000  -0.0000    0.566
   364   1.1502   0.0000  -0.8680  58.2257  33.6952   0.0000   0.0000   0.0000   0.0000   0.0000   0.0000  -0.0000  -0.0000    0.506
   365   0.2954   0.0000  -0.2894  61.7612  35.7412   0.0000   0.0000   0.0000   0.0000  -0.0000   0.0000  -0.0000  -0.0000    0.645
   366   0.2954   0.0000   0.2894  61.7612  35.7412   0.0000  -0.0000   0.0000   0.0000   0.0000   0.0000  -0.0000  -0.0000    0.759
   367   1.1502   0.0000   0.8680  58.2257  33.6952   0.0000   0.0000   0.0000   0.0000   0.0000   0.0000  -0.0000  -0.0000    0.651
   368   2.4947   0.0000   1.4467  53.5537  30.9916   0.0000   0.0000   0.0000   0.0000   0.0000   0.0000  -0.0000  -0.0000    0.724
   369   4.3582   0.0000   2.0255  47.8148  27.6705   0.0000   0.0000   0.0000   0.0000  -0.0000   0.0000  -0.0000  -0.0000    0.813
   370   7.4693   0.0000   2.6041  39.8265  23.0476   0.0000   0.0000   0.0000   0.0000   0.0000   0.0000  -0.0000  -0.0000    0.834
 ---------------------------------------------------------------
