 ---------------------------------------------------------------
 Surface and Strip Forces by surface

  Sref =  124.86       Cref =  4.4875       Bref =  34.320    
  Xref =  19.176       Yref =  0.0000       Zref =-0.30757E-02

  Surface # 1     main_wing                               
     # Chordwise = 10   # Spanwise = 30     First strip =  1
     Surface area Ssurf =   63.968838     Ave. chord Cave =    3.715026

 Forces referred to Sref, Cref, Bref about Xref, Yref, Zref
 Standard axis orientation,  X fwd, Z down         
     CLsurf  =   0.54476     Clsurf  =  -0.10925
     CYsurf  =  -0.03305     Cmsurf  =  -0.01491
     CDsurf  =   0.02502     Cnsurf  =  -0.01429
     CDisurf =   0.02502     CDvsurf =   0.00000

 Forces referred to Ssurf, Cave 
     CLsurf  =   1.06524     CDsurf  =   0.04884

 Strip Forces referred to Strip Area, Chord
    j     Xle      Yle      Zle      Chord    Area     c_cl     ai     cl_norm    cl       cd       cdv    cm_c/4     cm_LE   C.P.x/c
     1  13.6181   0.0114  -0.9295   7.7520   0.3539   7.0369   0.1921   0.9635   0.7463   1.3679   0.0000  -0.0856  -0.2562    0.365
     2  13.6830   0.1025  -0.9255   7.6885   1.0492   6.0143   0.1919   0.9824   0.7609   0.2213   0.0000  -0.0778  -0.2243    0.352
     3  13.8120   0.2837  -0.9176   7.5620   1.7073   5.9303   0.1906   0.9973   0.7724   0.1436   0.0000  -0.0753  -0.2227    0.348
     4  14.0037   0.5530  -0.9059   7.3741   2.3052   5.8963   0.1877   1.0199   0.7899   0.1276   0.0000  -0.0713  -0.2226    0.340
     5  14.2560   0.9075  -0.8904   7.1267   2.8223   5.8581   0.1818   1.0503   0.8135   0.1191   0.0000  -0.0662  -0.2231    0.331
     6  14.5662   1.3432  -0.8714   6.8226   3.2414   5.7996   0.1694   1.0883   0.8429   0.1099   0.0000  -0.0608  -0.2245    0.322
     7  14.9309   1.8554  -0.8490   6.4651   3.5491   5.7114   0.1449   1.1334   0.8778   0.0993   0.0000  -0.0560  -0.2274    0.314
     8  15.3460   2.4386  -0.8236   6.0582   3.7368   5.5874   0.1205   1.1859   0.9185   0.0871   0.0000  -0.0520  -0.2322    0.307
     9  15.8070   3.0862  -0.7953   5.6062   3.8005   5.4243   0.1075   1.2470   0.9658   0.0730   0.0000  -0.0491  -0.2392    0.301
    10  16.2877   3.7613  -0.7658   5.1351   3.4440   5.2312   0.0963   1.3159   1.0192   0.0587   0.0000  -0.0469  -0.2479    0.296
    11  16.7803   4.4532  -0.7356   4.6522   3.3149   5.0158   0.0826   1.3955   1.0808   0.0443   0.0000  -0.0446  -0.2583    0.291
    12  17.2999   5.1831  -0.7037   4.1429   3.0930   4.7763   0.0606   1.4962   1.1588   0.0226   0.0000  -0.0407  -0.2706    0.285
    13  17.8026   6.0123  -0.6437   3.7903   3.4706   4.5187   0.0445   1.4721   1.1994   0.0142   0.0000  -0.0287  -0.2950    0.274
    14  18.2809   6.9353  -0.5549   3.6075   3.3775   4.3158   0.0441   1.4777   1.2039   0.0115   0.0000  -0.0256  -0.2932    0.271
    15  18.7672   7.8737  -0.4645   3.4215   3.2389   4.1223   0.0410   1.4887   1.2129   0.0074   0.0000  -0.0241  -0.2939    0.270
    16  19.2562   8.8172  -0.3736   3.2345   3.0619   3.9298   0.0387   1.5019   1.2237   0.0033   0.0000  -0.0237  -0.2958    0.269
    17  19.7425   9.7556  -0.2833   3.0486   2.8543   3.7352   0.0382   1.5152   1.2345  -0.0005   0.0000  -0.0243  -0.2987    0.270
    18  20.2208  10.6786  -0.1944   2.8657   2.6239   3.5378   0.0391   1.5271   1.2442  -0.0035   0.0000  -0.0263  -0.3025    0.271
    19  20.6858  11.5760  -0.1080   2.6879   2.3787   3.3379   0.0412   1.5361   1.2515  -0.0031   0.0000  -0.0312  -0.3085    0.275
    20  21.1299  12.4328  -0.0255   2.5181   2.1010   3.1370   0.0450   1.5440   1.2580  -0.0231   0.0000  -0.0503  -0.3263    0.290
    21  21.5482  13.2400   0.0523   2.3582   1.8520   2.9330   0.0509   1.5409   1.2554  -0.0189   0.0000  -0.0498  -0.3253    0.290
    22  21.9390  13.9941   0.1249   2.2087   1.6074   2.7193   0.0587   1.5255   1.2429  -0.0201   0.0000  -0.0452  -0.3185    0.286
    23  22.2979  14.6868   0.1916   2.0715   1.3716   2.4888   0.0680   1.4891   1.2132  -0.0224   0.0000  -0.0375  -0.3050    0.281
    24  22.6211  15.3105   0.2516   1.9479   1.1479   2.2332   0.0781   1.4215   1.1581  -0.0249   0.0000  -0.0274  -0.2835    0.274
    25  22.9051  15.8583   0.3044   1.8393   0.9381   1.9453   0.0885   1.3118   1.0688  -0.0259   0.0000  -0.0179  -0.2551    0.267
    26  23.1466  16.3244   0.3493   1.7470   0.7427   1.6209   0.0988   1.1504   0.9373  -0.0202   0.0000  -0.0171  -0.2250    0.268
    27  23.5299  16.6722   0.3828   1.4928   0.4131   1.2762   0.1080   2.9082   0.8705  -0.0734   0.0000  -0.0035  -0.1083    0.254
    28  23.9809  16.9098   0.4056   1.1466   0.2292   0.9309   0.1174   2.7910   0.8355  -0.1395   0.0000   0.0375  -0.0842    0.205
    29  24.2843  17.0696   0.4210   0.9138   0.1104   0.5673   0.1231   2.1685   0.6491  -0.1890   0.0000   0.0686  -0.0462    0.144
    30  24.4368  17.1499   0.4287   0.7967   0.0322   0.1906   0.1262   0.8643   0.2587  -0.1408   0.0000   0.0400  -0.0116    0.095

  Surface # 2     main_wing (YDUP)                        
     # Chordwise = 10   # Spanwise = 30     First strip = 31
     Surface area Ssurf =   63.968838     Ave. chord Cave =    3.715026

 Forces referred to Sref, Cref, Bref about Xref, Yref, Zref
 Standard axis orientation,  X fwd, Z down         
     CLsurf  =   0.54476     Clsurf  =   0.10925
     CYsurf  =   0.03305     Cmsurf  =  -0.01491
     CDsurf  =   0.02502     Cnsurf  =   0.01429
     CDisurf =   0.02502     CDvsurf =   0.00000

 Forces referred to Ssurf, Cave 
     CLsurf  =   1.06524     CDsurf  =   0.04884

 Strip Forces referred to Strip Area, Chord
    j     Xle      Yle      Zle      Chord    Area     c_cl     ai     cl_norm    cl       cd       cdv    cm_c/4     cm_LE   C.P.x/c
    31  13.6181  -0.0114  -0.9295   7.7520   0.3539   7.0369   0.1921   0.9635   0.7463   1.3679   0.0000  -0.0856   0.2562    0.365
    32  13.6830  -0.1025  -0.9255   7.6885   1.0492   6.0143   0.1919   0.9824   0.7609   0.2213   0.0000  -0.0778   0.2243    0.352
    33  13.8120  -0.2837  -0.9176   7.5620   1.7073   5.9303   0.1906   0.9973   0.7724   0.1436   0.0000  -0.0753   0.2227    0.348
    34  14.0037  -0.5530  -0.9059   7.3741   2.3052   5.8963   0.1877   1.0199   0.7899   0.1276   0.0000  -0.0713   0.2226    0.340
    35  14.2560  -0.9075  -0.8904   7.1267   2.8223   5.8581   0.1818   1.0503   0.8135   0.1191   0.0000  -0.0662   0.2231    0.331
    36  14.5662  -1.3432  -0.8714   6.8226   3.2414   5.7996   0.1694   1.0883   0.8429   0.1099   0.0000  -0.0608   0.2245    0.322
    37  14.9309  -1.8554  -0.8490   6.4651   3.5491   5.7114   0.1449   1.1334   0.8778   0.0993   0.0000  -0.0560   0.2274    0.314
    38  15.3460  -2.4386  -0.8236   6.0582   3.7368   5.5874   0.1205   1.1859   0.9185   0.0871   0.0000  -0.0520   0.2322    0.307
    39  15.8070  -3.0862  -0.7953   5.6062   3.8005   5.4243   0.1075   1.2470   0.9658   0.0730   0.0000  -0.0491   0.2392    0.301
    40  16.2877  -3.7613  -0.7658   5.1351   3.4440   5.2312   0.0963   1.3159   1.0192   0.0587   0.0000  -0.0469   0.2479    0.296
    41  16.7803  -4.4532  -0.7356   4.6522   3.3149   5.0158   0.0826   1.3955   1.0808   0.0443   0.0000  -0.0446   0.2583    0.291
    42  17.2999  -5.1831  -0.7037   4.1429   3.0930   4.7763   0.0606   1.4962   1.1588   0.0226   0.0000  -0.0407   0.2706    0.285
    43  17.8026  -6.0123  -0.6437   3.7903   3.4706   4.5187   0.0445   1.4721   1.1994   0.0142   0.0000  -0.0287   0.2950    0.274
    44  18.2809  -6.9353  -0.5549   3.6075   3.3775   4.3158   0.0441   1.4777   1.2039   0.0115   0.0000  -0.0256   0.2932    0.271
    45  18.7672  -7.8737  -0.4645   3.4215   3.2389   4.1223   0.0410   1.4887   1.2129   0.0074   0.0000  -0.0241   0.2939    0.270
    46  19.2562  -8.8172  -0.3736   3.2345   3.0619   3.9298   0.0387   1.5019   1.2237   0.0033   0.0000  -0.0237   0.2958    0.269
    47  19.7425  -9.7556  -0.2833   3.0486   2.8543   3.7352   0.0382   1.5152   1.2345  -0.0005   0.0000  -0.0243   0.2987    0.270
    48  20.2208 -10.6786  -0.1944   2.8657   2.6239   3.5378   0.0391   1.5271   1.2442  -0.0035   0.0000  -0.0263   0.3025    0.271
    49  20.6858 -11.5760  -0.1080   2.6879   2.3787   3.3379   0.0412   1.5361   1.2515  -0.0031   0.0000  -0.0312   0.3085    0.275
    50  21.1299 -12.4328  -0.0255   2.5181   2.1010   3.1370   0.0450   1.5440   1.2580  -0.0231   0.0000  -0.0503   0.3263    0.290
    51  21.5482 -13.2400   0.0523   2.3582   1.8520   2.9330   0.0509   1.5409   1.2554  -0.0189   0.0000  -0.0498   0.3253    0.290
    52  21.9390 -13.9941   0.1249   2.2087   1.6074   2.7193   0.0587   1.5255   1.2429  -0.0201   0.0000  -0.0452   0.3185    0.286
    53  22.2979 -14.6868   0.1916   2.0715   1.3716   2.4888   0.0680   1.4891   1.2132  -0.0224   0.0000  -0.0375   0.3050    0.281
    54  22.6211 -15.3105   0.2516   1.9479   1.1479   2.2332   0.0781   1.4215   1.1581  -0.0249   0.0000  -0.0274   0.2835    0.274
    55  22.9051 -15.8583   0.3044   1.8393   0.9381   1.9453   0.0885   1.3118   1.0688  -0.0259   0.0000  -0.0179   0.2551    0.267
    56  23.1466 -16.3244   0.3493   1.7470   0.7427   1.6209   0.0988   1.1504   0.9373  -0.0202   0.0000  -0.0171   0.2250    0.268
    57  23.5299 -16.6722   0.3828   1.4928   0.4131   1.2762   0.1080   2.9082   0.8705  -0.0734   0.0000  -0.0035   0.1083    0.254
    58  23.9809 -16.9098   0.4056   1.1466   0.2292   0.9309   0.1174   2.7910   0.8355  -0.1395   0.0000   0.0375   0.0842    0.205
    59  24.2843 -17.0696   0.4210   0.9138   0.1104   0.5673   0.1231   2.1685   0.6491  -0.1890   0.0000   0.0686   0.0462    0.144
    60  24.4368 -17.1499   0.4287   0.7967   0.0322   0.1906   0.1262   0.8643   0.2587  -0.1408   0.0000   0.0400   0.0116    0.095

  Surface # 3     horizontal_stabilizer                   
     # Chordwise = 10   # Spanwise = 30     First strip = 61
     Surface area Ssurf =   20.744605     Ave. chord Cave =    2.848571

 Forces referred to Sref, Cref, Bref about Xref, Yref, Zref
 Standard axis orientation,  X fwd, Z down         
     CLsurf  =   0.04388     Clsurf  =  -0.00450
     CYsurf  =  -0.00734     Cmsurf  =  -0.16489
     CDsurf  =   0.00395     Cnsurf  =   0.00330
     CDisurf =   0.00395     CDvsurf =   0.00000

 Forces referred to Ssurf, Cave 
     CLsurf  =   0.26777     CDsurf  =   0.02378

 Strip Forces referred to Strip Area, Chord
    j     Xle      Yle      Zle      Chord    Area     c_cl     ai     cl_norm    cl       cd       cdv    cm_c/4     cm_LE   C.P.x/c
    61  33.0230   0.0046   1.4667   4.2713   0.0803   1.1188   0.1416   0.3197   0.2440   0.1623   0.0000  -0.0216  -0.0749    0.339
    62  33.0469   0.0418   1.4723   4.2566   0.2392   0.9187   0.1420   0.2793   0.2132   0.0348   0.0000  -0.0191  -0.0630    0.340
    63  33.0943   0.1156   1.4835   4.2274   0.3930   0.9031   0.1421   0.2778   0.2121   0.0257   0.0000  -0.0185  -0.0620    0.337
    64  33.1649   0.2254   1.5002   4.1839   0.5386   0.8989   0.1415   0.2798   0.2135   0.0240   0.0000  -0.0175  -0.0615    0.332
    65  33.2578   0.3698   1.5221   4.1268   0.6730   0.8969   0.1402   0.2831   0.2161   0.0236   0.0000  -0.0161  -0.0609    0.325
    66  33.3719   0.5474   1.5490   4.0565   0.7936   0.8950   0.1379   0.2875   0.2194   0.0235   0.0000  -0.0145  -0.0603    0.316
    67  33.5097   0.7617   1.5816   3.9717   0.9441   0.8924   0.1344   0.2928   0.2235   0.0234   0.0000  -0.0128  -0.0598    0.307
    68  33.6704   1.0116   1.6195   3.8728   1.0344   0.8886   0.1296   0.2991   0.2283   0.0234   0.0000  -0.0112  -0.0594    0.299
    69  33.8488   1.2891   1.6616   3.7630   1.1046   0.8837   0.1238   0.3062   0.2337   0.0234   0.0000  -0.0097  -0.0593    0.291
    70  34.0430   1.5912   1.7075   3.6435   1.1542   0.8778   0.1172   0.3142   0.2398   0.0235   0.0000  -0.0083  -0.0595    0.284
    71  34.2510   1.9146   1.7565   3.5155   1.1831   0.8712   0.1107   0.3233   0.2467   0.0237   0.0000  -0.0070  -0.0599    0.278
    72  34.4703   2.2558   1.8083   3.3805   1.1921   0.8640   0.1049   0.3335   0.2545   0.0240   0.0000  -0.0058  -0.0607    0.273
    73  34.6987   2.6109   1.8622   3.2400   1.1821   0.8563   0.1004   0.3449   0.2633   0.0243   0.0000  -0.0047  -0.0616    0.268
    74  34.9335   2.9762   1.9177   3.0955   1.1548   0.8478   0.0971   0.3576   0.2729   0.0246   0.0000  -0.0036  -0.0628    0.263
    75  35.1723   3.3476   1.9740   2.9485   1.1122   0.8383   0.0949   0.3713   0.2834   0.0249   0.0000  -0.0025  -0.0641    0.259
    76  35.4124   3.7210   2.0307   2.8008   1.0564   0.8271   0.0935   0.3858   0.2944   0.0252   0.0000  -0.0012  -0.0654    0.254
    77  35.6512   4.0924   2.0871   2.6538   0.9900   0.8134   0.0928   0.4005   0.3057   0.0254   0.0000   0.0003  -0.0666    0.249
    78  35.8861   4.4577   2.1425   2.5093   0.9155   0.7962   0.0928   0.4148   0.3166   0.0254   0.0000   0.0021  -0.0675    0.243
    79  36.1144   4.8128   2.1964   2.3687   0.8353   0.7746   0.0933   0.4276   0.3263   0.0252   0.0000   0.0043  -0.0678    0.237
    80  36.3338   5.1540   2.2482   2.2338   0.7518   0.7475   0.0943   0.4378   0.3341   0.0247   0.0000   0.0070  -0.0672    0.229
    81  36.5417   5.4774   2.2973   2.1058   0.6671   0.7141   0.0957   0.4438   0.3387   0.0238   0.0000   0.0102  -0.0655    0.220
    82  36.7359   5.7795   2.3431   1.9862   0.5830   0.6736   0.0973   0.4440   0.3389   0.0225   0.0000   0.0138  -0.0625    0.209
    83  36.9144   6.0570   2.3852   1.8764   0.5012   0.6257   0.0990   0.4368   0.3334   0.0207   0.0000   0.0179  -0.0578    0.196
    84  37.0750   6.3069   2.4232   1.7776   0.4225   0.5703   0.1007   0.4205   0.3210   0.0184   0.0000   0.0220  -0.0517    0.182
    85  37.2162   6.5264   2.4565   1.6907   0.3478   0.5076   0.1022   0.3939   0.3006   0.0155   0.0000   0.0255  -0.0442    0.165
    86  37.3480   6.7314   2.4876   1.6096   0.3326   0.4347   0.1035   0.3546   0.2706   0.0122   0.0000   0.0281  -0.0355    0.146
    87  37.4657   6.9144   2.5154   1.5372   0.2507   0.3482   0.1048   0.2977   0.2272   0.0080   0.0000   0.0283  -0.0259    0.126
    88  37.5551   7.0535   2.5365   1.4822   0.1746   0.2541   0.1057   0.2257   0.1722   0.0036   0.0000   0.0248  -0.0167    0.106
    89  37.6153   7.1471   2.5508   1.4451   0.1029   0.1546   0.1063   0.1412   0.1078  -0.0000   0.0000   0.0172  -0.0090    0.091
    90  37.6455   7.1941   2.5579   1.4265   0.0340   0.0519   0.1066   0.0486   0.0371  -0.0036   0.0000   0.0061  -0.0028    0.085

  Surface # 4     horizontal_stabilizer (YDUP)            
     # Chordwise = 10   # Spanwise = 30     First strip = 91
     Surface area Ssurf =   20.744605     Ave. chord Cave =    2.848571

 Forces referred to Sref, Cref, Bref about Xref, Yref, Zref
 Standard axis orientation,  X fwd, Z down         
     CLsurf  =   0.04388     Clsurf  =   0.00450
     CYsurf  =   0.00734     Cmsurf  =  -0.16489
     CDsurf  =   0.00395     Cnsurf  =  -0.00330
     CDisurf =   0.00395     CDvsurf =   0.00000

 Forces referred to Ssurf, Cave 
     CLsurf  =   0.26777     CDsurf  =   0.02378

 Strip Forces referred to Strip Area, Chord
    j     Xle      Yle      Zle      Chord    Area     c_cl     ai     cl_norm    cl       cd       cdv    cm_c/4     cm_LE   C.P.x/c
    91  33.0230  -0.0046   1.4667   4.2713   0.0803   1.1188   0.1416   0.3197   0.2440   0.1623   0.0000  -0.0216   0.0749    0.339
    92  33.0469  -0.0418   1.4723   4.2566   0.2392   0.9187   0.1420   0.2793   0.2132   0.0348   0.0000  -0.0191   0.0630    0.340
    93  33.0943  -0.1156   1.4835   4.2274   0.3930   0.9031   0.1421   0.2778   0.2121   0.0257   0.0000  -0.0185   0.0620    0.337
    94  33.1649  -0.2254   1.5002   4.1839   0.5386   0.8989   0.1415   0.2798   0.2135   0.0240   0.0000  -0.0175   0.0615    0.332
    95  33.2578  -0.3698   1.5221   4.1268   0.6730   0.8969   0.1402   0.2831   0.2161   0.0236   0.0000  -0.0161   0.0609    0.325
    96  33.3719  -0.5474   1.5490   4.0565   0.7936   0.8950   0.1379   0.2875   0.2194   0.0235   0.0000  -0.0145   0.0603    0.316
    97  33.5097  -0.7617   1.5816   3.9717   0.9441   0.8924   0.1344   0.2928   0.2235   0.0234   0.0000  -0.0128   0.0598    0.307
    98  33.6704  -1.0116   1.6195   3.8728   1.0344   0.8886   0.1296   0.2991   0.2283   0.0234   0.0000  -0.0112   0.0594    0.299
    99  33.8488  -1.2891   1.6616   3.7630   1.1046   0.8837   0.1238   0.3062   0.2337   0.0234   0.0000  -0.0097   0.0593    0.291
   100  34.0430  -1.5912   1.7075   3.6435   1.1542   0.8778   0.1172   0.3142   0.2398   0.0235   0.0000  -0.0083   0.0595    0.284
   101  34.2510  -1.9146   1.7565   3.5155   1.1831   0.8712   0.1107   0.3233   0.2467   0.0237   0.0000  -0.0070   0.0599    0.278
   102  34.4703  -2.2558   1.8083   3.3805   1.1921   0.8640   0.1049   0.3335   0.2545   0.0240   0.0000  -0.0058   0.0607    0.273
   103  34.6987  -2.6109   1.8622   3.2400   1.1821   0.8563   0.1004   0.3449   0.2633   0.0243   0.0000  -0.0047   0.0616    0.268
   104  34.9335  -2.9762   1.9177   3.0955   1.1548   0.8478   0.0971   0.3576   0.2729   0.0246   0.0000  -0.0036   0.0628    0.263
   105  35.1723  -3.3476   1.9740   2.9485   1.1122   0.8383   0.0949   0.3713   0.2834   0.0249   0.0000  -0.0025   0.0641    0.259
   106  35.4124  -3.7210   2.0307   2.8008   1.0564   0.8271   0.0935   0.3858   0.2944   0.0252   0.0000  -0.0012   0.0654    0.254
   107  35.6512  -4.0924   2.0871   2.6538   0.9900   0.8134   0.0928   0.4005   0.3057   0.0254   0.0000   0.0003   0.0666    0.249
   108  35.8861  -4.4577   2.1425   2.5093   0.9155   0.7962   0.0928   0.4148   0.3166   0.0254   0.0000   0.0021   0.0675    0.243
   109  36.1144  -4.8128   2.1964   2.3687   0.8353   0.7746   0.0933   0.4276   0.3263   0.0252   0.0000   0.0043   0.0678    0.237
   110  36.3338  -5.1540   2.2482   2.2338   0.7518   0.7475   0.0943   0.4378   0.3341   0.0247   0.0000   0.0070   0.0672    0.229
   111  36.5417  -5.4774   2.2973   2.1058   0.6671   0.7141   0.0957   0.4438   0.3387   0.0238   0.0000   0.0102   0.0655    0.220
   112  36.7359  -5.7795   2.3431   1.9862   0.5830   0.6736   0.0973   0.4440   0.3389   0.0225   0.0000   0.0138   0.0625    0.209
   113  36.9144  -6.0570   2.3852   1.8764   0.5012   0.6257   0.0990   0.4368   0.3334   0.0207   0.0000   0.0179   0.0578    0.196
   114  37.0750  -6.3069   2.4232   1.7776   0.4225   0.5703   0.1007   0.4205   0.3210   0.0184   0.0000   0.0220   0.0517    0.182
   115  37.2162  -6.5264   2.4565   1.6907   0.3478   0.5076   0.1022   0.3939   0.3006   0.0155   0.0000   0.0255   0.0442    0.165
   116  37.3480  -6.7314   2.4876   1.6096   0.3326   0.4347   0.1035   0.3546   0.2706   0.0122   0.0000   0.0281   0.0355    0.146
   117  37.4657  -6.9144   2.5154   1.5372   0.2507   0.3482   0.1048   0.2977   0.2272   0.0080   0.0000   0.0283   0.0259    0.126
   118  37.5551  -7.0535   2.5365   1.4822   0.1746   0.2541   0.1057   0.2257   0.1722   0.0036   0.0000   0.0248   0.0167    0.106
   119  37.6153  -7.1471   2.5508   1.4451   0.1029   0.1546   0.1063   0.1412   0.1078  -0.0000   0.0000   0.0172   0.0090    0.091
   120  37.6455  -7.1941   2.5579   1.4265   0.0340   0.0519   0.1066   0.0486   0.0371  -0.0036   0.0000   0.0061   0.0028    0.085

  Surface # 5     vertical_stabilizer                     
     # Chordwise = 10   # Spanwise = 30     First strip =121
     Surface area Ssurf =   34.910363     Ave. chord Cave =    4.190920

 Forces referred to Sref, Cref, Bref about Xref, Yref, Zref
 Standard axis orientation,  X fwd, Z down         
     CLsurf  =   0.00000     Clsurf  =  -0.00000
     CYsurf  =  -0.00000     Cmsurf  =   0.00000
     CDsurf  =   0.00000     Cnsurf  =   0.00000
     CDisurf =   0.00000     CDvsurf =   0.00000

 Forces referred to Ssurf, Cave 
     CLsurf  =   0.00000     CDsurf  =   0.00000

 Strip Forces referred to Strip Area, Chord
    j     Xle      Yle      Zle      Chord    Area     c_cl     ai     cl_norm    cl       cd       cdv    cm_c/4     cm_LE   C.P.x/c
   121  27.0137   0.0000   1.5690  10.0347   0.6931   0.0000   0.0000   0.0000   0.0000   0.0000   0.0000   0.0000   0.0000   -0.389
   122  27.2327   0.0000   1.6601   9.8296   1.1101   0.0000   0.0000   0.0000   0.0000   0.0000   0.0000   0.0000   0.0000   -0.340
   123  27.5561   0.0000   1.7947   9.5266   1.4857   0.0000   0.0000   0.0000   0.0000  -0.0000   0.0000   0.0000  -0.0000   -0.153
   124  27.9815   0.0000   1.9717   9.1281   1.8040   0.0000  -0.0000   0.0000   0.0000  -0.0000   0.0000   0.0000  -0.0000   -0.005
   125  28.5051   0.0000   2.1895   8.6377   2.0517   0.0000  -0.0000   0.0000   0.0000   0.0000   0.0000   0.0000   0.0000   -0.441
   126  29.1220   0.0000   2.4462   8.0598   2.2181   0.0000  -0.0000   0.0000   0.0000   0.0000   0.0000   0.0000   0.0000   -0.383
   127  29.8264   0.0000   2.7392   7.4000   2.2957   0.0000  -0.0000   0.0000   0.0000  -0.0000   0.0000   0.0000  -0.0000   -0.162
   128  30.6115   0.0000   3.0659   6.6646   2.2808   0.0000  -0.0000   0.0000   0.0000   0.0000   0.0000   0.0000  -0.0000    0.029
   129  31.4694   0.0000   3.4228   5.8609   2.1733   0.0000   0.0000   0.0000   0.0000  -0.0000   0.0000   0.0000  -0.0000    0.224
   130  32.3918   0.0000   3.8066   4.9969   1.9773   0.0000  -0.0000   0.0000   0.0000  -0.0000   0.0000  -0.0000  -0.0000    0.298
   131  33.0131   0.0000   4.1929   4.4389   1.6667   0.0000  -0.0000   0.0000   0.0000   0.0000   0.0000   0.0000  -0.0000    0.181
   132  33.3001   0.0000   4.5764   4.2198   1.6478   0.0000  -0.0000   0.0000   0.0000   0.0000   0.0000  -0.0000  -0.0000    0.297
   133  33.5969   0.0000   4.9729   3.9932   1.6033   0.0000  -0.0000   0.0000   0.0000  -0.0000   0.0000   0.0000  -0.0000    0.186
   134  33.9004   0.0000   5.3784   3.7615   1.5362   0.0000  -0.0000   0.0000   0.0000  -0.0000   0.0000   0.0000  -0.0000    0.101
   135  34.2075   0.0000   5.7886   3.5271   1.4499   0.0000  -0.0000   0.0000   0.0000   0.0000   0.0000   0.0000  -0.0000    0.230
   136  34.5150   0.0000   6.1995   3.2923   1.3482   0.0000  -0.0000   0.0000   0.0000   0.0000   0.0000  -0.0000  -0.0000    0.320
   137  34.8197   0.0000   6.6066   3.0597   1.2352   0.0000   0.0000   0.0000   0.0000   0.0000   0.0000  -0.0000  -0.0000    0.383
   138  35.1185   0.0000   7.0058   2.8315   1.1147   0.0000  -0.0000   0.0000   0.0000   0.0000   0.0000  -0.0000  -0.0000    0.485
   139  35.4083   0.0000   7.3929   2.6103   0.9908   0.0000  -0.0000   0.0000   0.0000  -0.0000   0.0000  -0.0000  -0.0000    0.384
   140  35.6860   0.0000   7.7640   2.3983   0.8670   0.0000  -0.0000   0.0000   0.0000  -0.0000   0.0000  -0.0000  -0.0000    0.452
   141  35.9487   0.0000   8.1150   2.1977   0.7464   0.0000  -0.0000   0.0000   0.0000   0.0000   0.0000  -0.0000  -0.0000    0.358
   142  36.1937   0.0000   8.4424   2.0106   0.6318   0.0000   0.0000   0.0000   0.0000   0.0000   0.0000  -0.0000  -0.0000    0.330
   143  36.4185   0.0000   8.7426   1.8390   0.5251   0.0000  -0.0000   0.0000   0.0000  -0.0000   0.0000  -0.0000  -0.0000    0.277
   144  36.6206   0.0000   9.0127   1.6847   0.4276   0.0000  -0.0000   0.0000   0.0000  -0.0000   0.0000  -0.0000  -0.0000    0.305
   145  36.7980   0.0000   9.2496   1.5493   0.3400   0.0000   0.0000   0.0000   0.0000  -0.0000   0.0000  -0.0000  -0.0000    0.394
   146  36.9487   0.0000   9.4510   1.4342   0.2622   0.0000  -0.0000   0.0000   0.0000   0.0000   0.0000  -0.0000  -0.0000    0.255
   147  37.0713   0.0000   9.6148   1.3407   0.1933   0.0000  -0.0000   0.0000   0.0000  -0.0000   0.0000   0.0000  -0.0000   -0.036
   148  37.1643   0.0000   9.7391   1.2696   0.1322   0.0000  -0.0000   0.0000   0.0000  -0.0000   0.0000   0.0000  -0.0000    0.065
   149  37.2269   0.0000   9.8227   1.2218   0.0769   0.0000   0.0000   0.0000   0.0000  -0.0000   0.0000  -0.0000  -0.0000    0.270
   150  37.2584   0.0000   9.8647   1.1978   0.0252   0.0000  -0.0000   0.0000   0.0000  -0.0000   0.0000   0.0000  -0.0000    0.022

  Surface # 6     fuselage_horizontal                     
     # Chordwise = 10   # Spanwise = 10     First strip =151
     Surface area Ssurf =  123.841199     Ave. chord Cave =   33.112620

 Forces referred to Sref, Cref, Bref about Xref, Yref, Zref
 Standard axis orientation,  X fwd, Z down         
     CLsurf  =   0.00992     Clsurf  =   0.00000
     CYsurf  =   0.00000     Cmsurf  =   0.06573
     CDsurf  =  -0.00014     Cnsurf  =  -0.00000
     CDisurf =  -0.00014     CDvsurf =   0.00000

 Forces referred to Ssurf, Cave 
     CLsurf  =   0.01000     CDsurf  =  -0.00014

 Strip Forces referred to Strip Area, Chord
    j     Xle      Yle      Zle      Chord    Area     c_cl     ai     cl_norm    cl       cd       cdv    cm_c/4     cm_LE   C.P.x/c
   151   5.0231  -1.6830   0.0000  26.5957   9.9468   0.2222   0.1946   0.0955   0.0089  -0.0037   0.0000   0.0041   0.0003   -0.210
   152   2.9203  -1.3090   0.0000  31.2096  11.6724   0.3213   0.2110   0.0393   0.0105  -0.0012   0.0000   0.0052   0.0007   -0.244
   153   1.6676  -0.9350   0.0000  34.0626  12.7394   0.3487   0.1937   0.0247   0.0103   0.0000   0.0000   0.0065   0.0013   -0.376
   154   0.7666  -0.5610   0.0000  36.1620  13.5246   0.3681   0.1906   0.0169   0.0102   0.0009   0.0000   0.0070   0.0020   -0.439
   155   0.1963  -0.1870   0.0000  37.5333  14.0374   0.3807   0.1926   0.0115   0.0100   0.0022   0.0000   0.0071   0.0032   -0.466
   156   0.1963   0.1870   0.0000  37.5333  14.0374   0.3807   0.1926   0.0115   0.0100   0.0022   0.0000   0.0071   0.0032   -0.466
   157   0.7666   0.5610   0.0000  36.1620  13.5246   0.3681   0.1906   0.0169   0.0102   0.0009   0.0000   0.0070   0.0020   -0.439
   158   1.6676   0.9350   0.0000  34.0626  12.7394   0.3487   0.1937   0.0247   0.0103   0.0000   0.0000   0.0065   0.0013   -0.376
   159   2.9202   1.3090   0.0000  31.2096  11.6724   0.3213   0.2110   0.0393   0.0105  -0.0012   0.0000   0.0052   0.0007   -0.244
   160   5.0231   1.6830   0.0000  26.5957   9.9468   0.2222   0.1946   0.0955   0.0089  -0.0037   0.0000   0.0041   0.0003   -0.210

  Surface # 7     fuselage_vertical                       
     # Chordwise = 10   # Spanwise = 10     First strip =161
     Surface area Ssurf =  123.841199     Ave. chord Cave =   33.112620

 Forces referred to Sref, Cref, Bref about Xref, Yref, Zref
 Standard axis orientation,  X fwd, Z down         
     CLsurf  =   0.00000     Clsurf  =   0.00000
     CYsurf  =  -0.00000     Cmsurf  =  -0.00000
     CDsurf  =   0.00000     Cnsurf  =   0.00000
     CDisurf =   0.00000     CDvsurf =   0.00000

 Forces referred to Ssurf, Cave 
     CLsurf  =   0.00000     CDsurf  =   0.00000

 Strip Forces referred to Strip Area, Chord
    j     Xle      Yle      Zle      Chord    Area     c_cl     ai     cl_norm    cl       cd       cdv    cm_c/4     cm_LE   C.P.x/c
   161   5.0231   0.0000  -1.6830  26.5957   9.9468   0.0000   0.0000   0.0000   0.0000  -0.0000   0.0000  -0.0000  -0.0000  999.000
   162   2.9203   0.0000  -1.3090  31.2096  11.6724   0.0000   0.0000   0.0000   0.0000  -0.0000   0.0000   0.0000   0.0000   -0.592
   163   1.6676   0.0000  -0.9350  34.0626  12.7394   0.0000   0.0000   0.0000   0.0000   0.0000   0.0000   0.0000   0.0000    0.174
   164   0.7666   0.0000  -0.5610  36.1620  13.5246   0.0000  -0.0000   0.0000   0.0000  -0.0000   0.0000  -0.0000  -0.0000    0.316
   165   0.1963   0.0000  -0.1870  37.5333  14.0374   0.0000   0.0000   0.0000   0.0000  -0.0000   0.0000  -0.0000  -0.0000    0.454
   166   0.1963   0.0000   0.1870  37.5333  14.0374   0.0000  -0.0000   0.0000   0.0000   0.0000   0.0000  -0.0000  -0.0000    0.609
   167   0.7666   0.0000   0.5610  36.1620  13.5246   0.0000  -0.0000   0.0000   0.0000   0.0000   0.0000  -0.0000  -0.0000    0.637
   168   1.6676   0.0000   0.9350  34.0626  12.7394   0.0000  -0.0000   0.0000   0.0000   0.0000   0.0000  -0.0000  -0.0000    0.740
   169   2.9202   0.0000   1.3090  31.2096  11.6724   0.0000  -0.0000   0.0000   0.0000   0.0000   0.0000  -0.0000  -0.0000    0.696
   170   5.0231   0.0000   1.6830  26.5957   9.9468   0.0000   0.0000   0.0000   0.0000  -0.0000   0.0000  -0.0000  -0.0000    0.756
 ---------------------------------------------------------------
