 ---------------------------------------------------------------
 Surface and Strip Forces by surface

  Sref =  490.60       Cref =  8.4083       Bref =  70.000    
  Xref =  0.0000       Yref =  0.0000       Zref =  0.0000    

  Surface # 1     main_wing                               
     # Chordwise = 10   # Spanwise = 70     First strip =  1
     Surface area Ssurf =  250.220834     Ave. chord Cave =    7.118896

 Forces referred to Sref, Cref, Bref about Xref, Yref, Zref
 Standard axis orientation,  X fwd, Z down         
     CLsurf  =   0.08545     Clsurf  =  -0.01245
     CYsurf  =  -0.00748     Cmsurf  =  -0.32104
     CDsurf  =   0.00153     Cnsurf  =   0.00341
     CDisurf =   0.00153     CDvsurf =   0.00000

 Forces referred to Ssurf, Cave 
     CLsurf  =   0.16818     CDsurf  =   0.00300

 Strip Forces referred to Strip Area, Chord
    j     Xle      Yle      Zle      Chord    Area     c_cl     ai     cl_norm    cl       cd       cdv    cm_c/4     cm_LE   C.P.x/c
     1  22.4080   0.0042  -0.9570  12.4590   0.2104   2.5064  -0.0551   0.2012   0.2012   0.0021   0.0000  -0.0404  -0.0907    0.451
     2  22.4080   0.0380  -0.9570  12.4590   0.6307   2.5065  -0.0552   0.2012   0.2012   0.0021   0.0000  -0.0404  -0.0907    0.451
     3  22.4080   0.1054  -0.9570  12.4590   1.0498   2.5071  -0.0552   0.2012   0.2012   0.0020   0.0000  -0.0405  -0.0908    0.451
     4  22.4080   0.2065  -0.9570  12.4590   1.4668   2.5091  -0.0554   0.2014   0.2014   0.0020   0.0000  -0.0406  -0.0909    0.451
     5  22.4080   0.3408  -0.9570  12.4590   1.8808   2.5141  -0.0557   0.2018   0.2018   0.0019   0.0000  -0.0408  -0.0913    0.452
     6  22.4080   0.5083  -0.9570  12.4590   2.2910   2.5238  -0.0563   0.2026   0.2026   0.0019   0.0000  -0.0413  -0.0919    0.454
     7  22.4080   0.7085  -0.9570  12.4590   2.6966   2.5408  -0.0572   0.2039   0.2039   0.0018   0.0000  -0.0421  -0.0931    0.456
     8  22.4080   0.9411  -0.9570  12.4590   3.0968   2.5685  -0.0584   0.2062   0.2062   0.0018   0.0000  -0.0434  -0.0949    0.460
     9  22.4080   1.2055  -0.9570  12.4590   3.4907   2.6117  -0.0599   0.2096   0.2096   0.0019   0.0000  -0.0453  -0.0977    0.466
    10  22.4080   1.5013  -0.9570  12.4590   3.8776   2.6777  -0.0609   0.2149   0.2149   0.0019   0.0000  -0.0483  -0.1020    0.475
    11  22.4080   1.8278  -0.9570  12.4590   4.2567   2.7788  -0.0608   0.2230   0.2230   0.0020   0.0000  -0.0527  -0.1085    0.486
    12  22.4080   2.1844  -0.9570  12.4590   4.6273   2.9394  -0.0582   0.2359   0.2359   0.0024   0.0000  -0.0596  -0.1185    0.502
    13  22.4080   2.5704  -0.9570  12.4590   4.9885   3.2309  -0.0520   0.2593   0.2593   0.0046   0.0000  -0.0714  -0.1363    0.525
    14  22.5966   3.0754  -0.9200  12.2979   7.5875   3.9658   0.3819   0.3997   0.3225   0.0500   0.0000  -0.1013  -0.1545    0.564
    15  22.9924   3.7075  -0.8424  11.9598   7.8494   3.9426   0.3957   0.4086   0.3297   0.0478   0.0000  -0.1019  -0.1566    0.559
    16  23.3450   4.2708  -0.7732  11.6585   5.5431   3.0748  -0.0243   0.3269   0.2637   0.0010   0.0000  -0.0679  -0.1137    0.507
    17  23.6484   4.7553  -0.7137  11.3993   5.7056   2.6915  -0.0230   0.2927   0.2361   0.0014   0.0000  -0.0530  -0.0952    0.475
    18  23.9670   5.2641  -0.6513  11.1271   5.8372   2.4317  -0.0214   0.2709   0.2185   0.0012   0.0000  -0.0434  -0.0833    0.449
    19  24.3002   5.7964  -0.5859  10.8424   5.9373   2.2333  -0.0194   0.2553   0.2060   0.0009   0.0000  -0.0364  -0.0747    0.427
    20  24.6474   6.3509  -0.5178  10.5458   6.0058   2.0722  -0.0172   0.2436   0.1965   0.0006   0.0000  -0.0312  -0.0682    0.409
    21  25.0079   6.9266  -0.4471  10.2379   6.0430   1.9362  -0.0149   0.2344   0.1891   0.0003   0.0000  -0.0272  -0.0632    0.394
    22  25.3809   7.5223  -0.3740   9.9192   6.0490   1.8182  -0.0128   0.2272   0.1833   0.0001   0.0000  -0.0240  -0.0593    0.381
    23  25.7657   8.1368  -0.2985   9.5905   6.0244   1.7134  -0.0108   0.2215   0.1787  -0.0001   0.0000  -0.0216  -0.0563    0.371
    24  26.1614   8.7690  -0.2209   9.2523   5.9700   1.6187  -0.0091   0.2169   0.1749  -0.0003   0.0000  -0.0197  -0.0539    0.363
    25  26.5674   9.4174  -0.1413   8.9055   5.8867   1.5317  -0.0081   0.2132   0.1720  -0.0004   0.0000  -0.0183  -0.0521    0.356
    26  27.0024  10.1168  -0.0685   8.6379   6.4402   1.4524  -0.0061   0.2199   0.1681  -0.0005   0.0000  -0.0169  -0.0502    0.350
    27  27.4662  10.8669  -0.0029   8.4530   6.4244   1.3825  -0.0030   0.2139   0.1636  -0.0006   0.0000  -0.0157  -0.0482    0.346
    28  27.9384  11.6306   0.0640   8.2648   6.3881   1.3182  -0.0011   0.2086   0.1595  -0.0007   0.0000  -0.0150  -0.0467    0.344
    29  28.4181  12.4065   0.1318   8.0736   6.3319   1.2581   0.0000   0.2038   0.1558  -0.0008   0.0000  -0.0145  -0.0455    0.343
    30  28.9043  13.1928   0.2006   7.8797   6.2569   1.2011   0.0007   0.1994   0.1524  -0.0008   0.0000  -0.0143  -0.0446    0.344
    31  29.3961  13.9881   0.2702   7.6837   6.1641   1.1466   0.0011   0.1952   0.1492  -0.0008   0.0000  -0.0142  -0.0438    0.345
    32  29.8923  14.7908   0.3404   7.4858   6.0545   1.0940   0.0013   0.1911   0.1461  -0.0008   0.0000  -0.0142  -0.0432    0.347
    33  30.3921  15.5992   0.4112   7.2866   5.9293   1.0427   0.0014   0.1872   0.1431  -0.0008   0.0000  -0.0144  -0.0427    0.350
    34  30.8945  16.4116   0.4822   7.0863   5.7897   0.9923   0.0014   0.1831   0.1400  -0.0007   0.0000  -0.0146  -0.0422    0.354
    35  31.3984  17.2266   0.5535   6.8855   5.6369   0.9424   0.0013   0.1790   0.1369  -0.0007   0.0000  -0.0149  -0.0418    0.359
    36  31.9027  18.0423   0.6249   6.6844   5.4723   0.8925   0.0010   0.1746   0.1335  -0.0007   0.0000  -0.0154  -0.0415    0.365
    37  32.4066  18.8573   0.6962   6.4835   5.2972   0.8424   0.0006   0.1699   0.1299  -0.0006   0.0000  -0.0160  -0.0413    0.373
    38  32.9089  19.6698   0.7673   6.2832   5.1129   0.7919  -0.0001   0.1648   0.1260  -0.0005   0.0000  -0.0170  -0.0413    0.385
    39  33.4087  20.4781   0.8380   6.0840   4.9207   0.7415  -0.0010   0.1594   0.1219  -0.0003   0.0000  -0.0188  -0.0420    0.404
    40  33.9050  21.2808   0.9082   5.8861   4.7221   0.6918  -0.0021   0.1537   0.1175   0.0001   0.0000  -0.0221  -0.0438    0.438
    41  34.3967  22.0761   0.9778   5.6901   4.5183   0.6443  -0.0032   0.1481   0.1132   0.0010   0.0000  -0.0288  -0.0486    0.504
    42  34.7955  22.7211   1.0342   5.5311   2.7734   0.6058  -0.0040   0.1432   0.1095   0.0045   0.0000  -0.0501  -0.0660    0.708
    43  35.1799  23.3428   1.0886   5.3779   4.0090   0.5699  -0.0045   0.1386   0.1060  -0.0005   0.0000  -0.0570  -0.0711    0.788
    44  35.6353  24.0794   1.1531   5.1963   3.8090   0.5322  -0.0050   0.1339   0.1024  -0.0015   0.0000  -0.0599  -0.0728    0.835
    45  36.0826  24.8028   1.2163   5.0180   3.6083   0.4975  -0.0053   0.1297   0.0991  -0.0017   0.0000  -0.0613  -0.0733    0.868
    46  36.5209  25.5117   1.2784   4.8433   3.4082   0.4659  -0.0054   0.1258   0.0962  -0.0017   0.0000  -0.0620  -0.0733    0.895
    47  36.9492  26.2045   1.3390   4.6725   3.2096   0.4372  -0.0054   0.1224   0.0936  -0.0016   0.0000  -0.0624  -0.0731    0.917
    48  37.3668  26.8799   1.3981   4.5060   3.0133   0.4111  -0.0053   0.1193   0.0912  -0.0016   0.0000  -0.0627  -0.0728    0.937
    49  37.7728  27.5366   1.4555   4.3442   2.8202   0.3874  -0.0052   0.1166   0.0892  -0.0015   0.0000  -0.0628  -0.0725    0.955
    50  38.1664  28.1731   1.5112   4.1873   2.6312   0.3658  -0.0050   0.1143   0.0874  -0.0015   0.0000  -0.0629  -0.0722    0.970
    51  38.5467  28.7882   1.5650   4.0357   2.4467   0.3462  -0.0048   0.1122   0.0858  -0.0015   0.0000  -0.0630  -0.0719    0.984
    52  38.9130  29.3807   1.6168   3.8896   2.2675   0.3285  -0.0046   0.1104   0.0844  -0.0014   0.0000  -0.0630  -0.0716    0.997
    53  39.2646  29.9494   1.6666   3.7494   2.0939   0.3125  -0.0042   0.1090   0.0833  -0.0014   0.0000  -0.0631  -0.0714    1.007
    54  39.6008  30.4931   1.7142   3.6154   1.9264   0.2982  -0.0037   0.1079   0.0825  -0.0014   0.0000  -0.0630  -0.0712    1.014
    55  39.9208  31.0107   1.7595   3.4878   1.7654   0.2855  -0.0030   0.1071   0.0819  -0.0014   0.0000  -0.0629  -0.0710    1.019
    56  40.2241  31.5013   1.8024   3.3669   1.6109   0.2742  -0.0021   0.1065   0.0814  -0.0015   0.0000  -0.0627  -0.0707    1.020
    57  40.5101  31.9637   1.8428   3.2529   1.4631   0.2640  -0.0008   0.1061   0.0812  -0.0016   0.0000  -0.0621  -0.0701    1.015
    58  40.7780  32.3972   1.8807   3.1461   1.3219   0.2543   0.0008   0.1057   0.0808  -0.0019   0.0000  -0.0608  -0.0690    1.002
    59  41.0275  32.8007   1.9161   3.0466   1.1875   0.2444   0.0027   0.1049   0.0802  -0.0025   0.0000  -0.0583  -0.0667    0.977
    60  41.2443  33.1513   1.9467   2.9602   0.9321   0.2341   0.0048   0.1034   0.0791  -0.0041   0.0000  -0.0538  -0.0626    0.930
    61  41.4296  33.4511   1.9730   2.8863   0.8279   0.2224   0.0063   0.1008   0.0771  -0.0079   0.0000  -0.0458  -0.0554    0.844
    62  41.8525  33.7408   1.9984   2.6418   0.7761   0.2082   0.0068   0.3586   0.0788  -0.0002   0.0000  -0.0217  -0.0169    0.525
    63  42.4709  34.0170   2.0225   2.2558   0.5879   0.1928   0.0093   0.3888   0.0855   0.0003   0.0000  -0.0166  -0.0155    0.444
    64  43.0147  34.2599   2.0438   1.9163   0.4349   0.1751   0.0115   0.4156   0.0914  -0.0002   0.0000  -0.0141  -0.0151    0.405
    65  43.4828  34.4691   2.0621   1.6240   0.3131   0.1551   0.0141   0.4345   0.0955  -0.0007   0.0000  -0.0122  -0.0147    0.377
    66  43.8744  34.6440   2.0774   1.3796   0.2184   0.1326   0.0171   0.4374   0.0961  -0.0012   0.0000  -0.0096  -0.0138    0.350
    67  44.1886  34.7843   2.0896   1.1834   0.1461   0.1073   0.0200   0.4124   0.0907  -0.0016   0.0000  -0.0062  -0.0118    0.318
    68  44.4248  34.8899   2.0989   1.0359   0.0915   0.0790   0.0223   0.3470   0.0763  -0.0019   0.0000  -0.0023  -0.0088    0.281
    69  44.5826  34.9603   2.1050   0.9375   0.0498   0.0484   0.0238   0.2350   0.0516  -0.0018   0.0000   0.0002  -0.0052    0.245
    70  44.6615  34.9956   2.1081   0.8882   0.0157   0.0163   0.0250   0.0836   0.0184  -0.0012   0.0000   0.0003  -0.0018    0.233

  Surface # 2     main_wing (YDUP)                        
     # Chordwise = 10   # Spanwise = 70     First strip = 71
     Surface area Ssurf =  250.220834     Ave. chord Cave =    7.118896

 Forces referred to Sref, Cref, Bref about Xref, Yref, Zref
 Standard axis orientation,  X fwd, Z down         
     CLsurf  =   0.08545     Clsurf  =   0.01245
     CYsurf  =   0.00748     Cmsurf  =  -0.32104
     CDsurf  =   0.00153     Cnsurf  =  -0.00341
     CDisurf =   0.00153     CDvsurf =   0.00000

 Forces referred to Ssurf, Cave 
     CLsurf  =   0.16818     CDsurf  =   0.00300

 Strip Forces referred to Strip Area, Chord
    j     Xle      Yle      Zle      Chord    Area     c_cl     ai     cl_norm    cl       cd       cdv    cm_c/4     cm_LE   C.P.x/c
    71  22.4080  -0.0042  -0.9570  12.4590   0.2104   2.5064  -0.0551   0.2012   0.2012   0.0021   0.0000  -0.0404   0.0907    0.451
    72  22.4080  -0.0380  -0.9570  12.4590   0.6307   2.5065  -0.0552   0.2012   0.2012   0.0021   0.0000  -0.0404   0.0907    0.451
    73  22.4080  -0.1054  -0.9570  12.4590   1.0498   2.5071  -0.0552   0.2012   0.2012   0.0020   0.0000  -0.0405   0.0908    0.451
    74  22.4080  -0.2065  -0.9570  12.4590   1.4668   2.5091  -0.0554   0.2014   0.2014   0.0020   0.0000  -0.0406   0.0909    0.451
    75  22.4080  -0.3408  -0.9570  12.4590   1.8808   2.5141  -0.0557   0.2018   0.2018   0.0019   0.0000  -0.0408   0.0913    0.452
    76  22.4080  -0.5083  -0.9570  12.4590   2.2910   2.5238  -0.0563   0.2026   0.2026   0.0019   0.0000  -0.0413   0.0919    0.454
    77  22.4080  -0.7085  -0.9570  12.4590   2.6966   2.5408  -0.0572   0.2039   0.2039   0.0018   0.0000  -0.0421   0.0931    0.456
    78  22.4080  -0.9411  -0.9570  12.4590   3.0968   2.5685  -0.0584   0.2062   0.2062   0.0018   0.0000  -0.0434   0.0949    0.460
    79  22.4080  -1.2055  -0.9570  12.4590   3.4907   2.6117  -0.0599   0.2096   0.2096   0.0019   0.0000  -0.0453   0.0977    0.466
    80  22.4080  -1.5013  -0.9570  12.4590   3.8776   2.6777  -0.0609   0.2149   0.2149   0.0019   0.0000  -0.0483   0.1020    0.475
    81  22.4080  -1.8278  -0.9570  12.4590   4.2567   2.7788  -0.0608   0.2230   0.2230   0.0020   0.0000  -0.0527   0.1085    0.486
    82  22.4080  -2.1844  -0.9570  12.4590   4.6273   2.9394  -0.0582   0.2359   0.2359   0.0024   0.0000  -0.0596   0.1185    0.502
    83  22.4080  -2.5704  -0.9570  12.4590   4.9885   3.2309  -0.0520   0.2593   0.2593   0.0046   0.0000  -0.0714   0.1363    0.525
    84  22.5966  -3.0754  -0.9200  12.2979   7.5875   3.9658   0.3819   0.3997   0.3225   0.0500   0.0000  -0.1013   0.1545    0.564
    85  22.9924  -3.7075  -0.8424  11.9598   7.8494   3.9426   0.3957   0.4086   0.3297   0.0478   0.0000  -0.1019   0.1566    0.559
    86  23.3450  -4.2708  -0.7732  11.6585   5.5431   3.0748  -0.0243   0.3269   0.2637   0.0010   0.0000  -0.0679   0.1137    0.507
    87  23.6484  -4.7553  -0.7137  11.3993   5.7056   2.6915  -0.0230   0.2927   0.2361   0.0014   0.0000  -0.0530   0.0952    0.475
    88  23.9670  -5.2641  -0.6513  11.1271   5.8372   2.4317  -0.0214   0.2709   0.2185   0.0012   0.0000  -0.0434   0.0833    0.449
    89  24.3002  -5.7964  -0.5859  10.8424   5.9373   2.2333  -0.0194   0.2553   0.2060   0.0009   0.0000  -0.0364   0.0747    0.427
    90  24.6474  -6.3509  -0.5178  10.5458   6.0058   2.0722  -0.0172   0.2436   0.1965   0.0006   0.0000  -0.0312   0.0682    0.409
    91  25.0079  -6.9266  -0.4471  10.2379   6.0430   1.9362  -0.0149   0.2344   0.1891   0.0003   0.0000  -0.0272   0.0632    0.394
    92  25.3809  -7.5223  -0.3740   9.9192   6.0490   1.8182  -0.0128   0.2272   0.1833   0.0001   0.0000  -0.0240   0.0593    0.381
    93  25.7657  -8.1368  -0.2985   9.5905   6.0244   1.7134  -0.0108   0.2215   0.1787  -0.0001   0.0000  -0.0216   0.0563    0.371
    94  26.1614  -8.7690  -0.2209   9.2523   5.9700   1.6187  -0.0091   0.2169   0.1749  -0.0003   0.0000  -0.0197   0.0539    0.363
    95  26.5674  -9.4174  -0.1413   8.9055   5.8867   1.5317  -0.0081   0.2132   0.1720  -0.0004   0.0000  -0.0183   0.0521    0.356
    96  27.0024 -10.1168  -0.0685   8.6379   6.4402   1.4524  -0.0061   0.2199   0.1681  -0.0005   0.0000  -0.0169   0.0502    0.350
    97  27.4662 -10.8669  -0.0029   8.4530   6.4244   1.3825  -0.0030   0.2139   0.1636  -0.0006   0.0000  -0.0157   0.0482    0.346
    98  27.9384 -11.6306   0.0640   8.2648   6.3881   1.3182  -0.0011   0.2086   0.1595  -0.0007   0.0000  -0.0150   0.0467    0.344
    99  28.4181 -12.4065   0.1318   8.0736   6.3319   1.2581   0.0000   0.2038   0.1558  -0.0008   0.0000  -0.0145   0.0455    0.343
   100  28.9043 -13.1928   0.2006   7.8797   6.2569   1.2011   0.0007   0.1994   0.1524  -0.0008   0.0000  -0.0143   0.0446    0.344
   101  29.3961 -13.9881   0.2702   7.6837   6.1641   1.1466   0.0011   0.1952   0.1492  -0.0008   0.0000  -0.0142   0.0438    0.345
   102  29.8923 -14.7908   0.3404   7.4858   6.0545   1.0940   0.0013   0.1911   0.1461  -0.0008   0.0000  -0.0142   0.0432    0.347
   103  30.3921 -15.5992   0.4112   7.2866   5.9293   1.0427   0.0014   0.1872   0.1431  -0.0008   0.0000  -0.0144   0.0427    0.350
   104  30.8945 -16.4116   0.4822   7.0863   5.7897   0.9923   0.0014   0.1831   0.1400  -0.0007   0.0000  -0.0146   0.0422    0.354
   105  31.3984 -17.2266   0.5535   6.8855   5.6369   0.9424   0.0013   0.1790   0.1369  -0.0007   0.0000  -0.0149   0.0418    0.359
   106  31.9027 -18.0423   0.6249   6.6844   5.4723   0.8925   0.0010   0.1746   0.1335  -0.0007   0.0000  -0.0154   0.0415    0.365
   107  32.4066 -18.8573   0.6962   6.4835   5.2972   0.8424   0.0006   0.1699   0.1299  -0.0006   0.0000  -0.0160   0.0413    0.373
   108  32.9089 -19.6698   0.7673   6.2832   5.1129   0.7919  -0.0001   0.1648   0.1260  -0.0005   0.0000  -0.0170   0.0413    0.385
   109  33.4087 -20.4781   0.8380   6.0840   4.9207   0.7415  -0.0010   0.1594   0.1219  -0.0003   0.0000  -0.0188   0.0420    0.404
   110  33.9050 -21.2808   0.9082   5.8861   4.7221   0.6918  -0.0021   0.1537   0.1175   0.0001   0.0000  -0.0221   0.0438    0.438
   111  34.3967 -22.0761   0.9778   5.6901   4.5183   0.6443  -0.0032   0.1481   0.1132   0.0010   0.0000  -0.0288   0.0486    0.504
   112  34.7955 -22.7211   1.0342   5.5311   2.7734   0.6058  -0.0040   0.1432   0.1095   0.0045   0.0000  -0.0501   0.0660    0.708
   113  35.1799 -23.3428   1.0886   5.3779   4.0090   0.5699  -0.0045   0.1386   0.1060  -0.0005   0.0000  -0.0570   0.0711    0.788
   114  35.6353 -24.0794   1.1531   5.1963   3.8090   0.5322  -0.0050   0.1339   0.1024  -0.0015   0.0000  -0.0599   0.0728    0.835
   115  36.0826 -24.8028   1.2163   5.0180   3.6083   0.4975  -0.0053   0.1297   0.0991  -0.0017   0.0000  -0.0613   0.0733    0.868
   116  36.5209 -25.5117   1.2784   4.8433   3.4082   0.4659  -0.0054   0.1258   0.0962  -0.0017   0.0000  -0.0620   0.0733    0.895
   117  36.9492 -26.2045   1.3390   4.6725   3.2096   0.4372  -0.0054   0.1224   0.0936  -0.0016   0.0000  -0.0624   0.0731    0.917
   118  37.3668 -26.8799   1.3981   4.5060   3.0133   0.4111  -0.0053   0.1193   0.0912  -0.0016   0.0000  -0.0627   0.0728    0.937
   119  37.7728 -27.5366   1.4555   4.3442   2.8202   0.3874  -0.0052   0.1166   0.0892  -0.0015   0.0000  -0.0628   0.0725    0.955
   120  38.1664 -28.1731   1.5112   4.1873   2.6312   0.3658  -0.0050   0.1143   0.0874  -0.0015   0.0000  -0.0629   0.0722    0.970
   121  38.5467 -28.7882   1.5650   4.0357   2.4467   0.3462  -0.0048   0.1122   0.0858  -0.0015   0.0000  -0.0630   0.0719    0.984
   122  38.9130 -29.3807   1.6168   3.8896   2.2675   0.3285  -0.0046   0.1104   0.0844  -0.0014   0.0000  -0.0630   0.0716    0.997
   123  39.2646 -29.9494   1.6666   3.7494   2.0939   0.3125  -0.0042   0.1090   0.0833  -0.0014   0.0000  -0.0631   0.0714    1.007
   124  39.6008 -30.4931   1.7142   3.6154   1.9264   0.2982  -0.0037   0.1079   0.0825  -0.0014   0.0000  -0.0630   0.0712    1.014
   125  39.9208 -31.0107   1.7595   3.4878   1.7654   0.2855  -0.0030   0.1071   0.0819  -0.0014   0.0000  -0.0629   0.0710    1.019
   126  40.2241 -31.5013   1.8024   3.3669   1.6109   0.2742  -0.0021   0.1065   0.0814  -0.0015   0.0000  -0.0627   0.0707    1.020
   127  40.5101 -31.9637   1.8428   3.2529   1.4631   0.2640  -0.0008   0.1061   0.0812  -0.0016   0.0000  -0.0621   0.0701    1.015
   128  40.7780 -32.3972   1.8807   3.1461   1.3219   0.2543   0.0008   0.1057   0.0808  -0.0019   0.0000  -0.0608   0.0690    1.002
   129  41.0275 -32.8007   1.9161   3.0466   1.1875   0.2444   0.0027   0.1049   0.0802  -0.0025   0.0000  -0.0583   0.0667    0.977
   130  41.2443 -33.1513   1.9467   2.9602   0.9321   0.2341   0.0048   0.1034   0.0791  -0.0041   0.0000  -0.0538   0.0626    0.930
   131  41.4296 -33.4511   1.9730   2.8863   0.8279   0.2224   0.0063   0.1008   0.0771  -0.0079   0.0000  -0.0458   0.0554    0.844
   132  41.8525 -33.7408   1.9984   2.6418   0.7761   0.2082   0.0068   0.3586   0.0788  -0.0002   0.0000  -0.0217   0.0169    0.525
   133  42.4709 -34.0170   2.0225   2.2558   0.5879   0.1928   0.0093   0.3888   0.0855   0.0003   0.0000  -0.0166   0.0155    0.444
   134  43.0147 -34.2599   2.0438   1.9163   0.4349   0.1751   0.0115   0.4156   0.0914  -0.0002   0.0000  -0.0141   0.0151    0.405
   135  43.4828 -34.4691   2.0621   1.6240   0.3131   0.1551   0.0141   0.4345   0.0955  -0.0007   0.0000  -0.0122   0.0147    0.377
   136  43.8744 -34.6440   2.0774   1.3796   0.2184   0.1326   0.0171   0.4374   0.0961  -0.0012   0.0000  -0.0096   0.0138    0.350
   137  44.1886 -34.7843   2.0896   1.1834   0.1461   0.1073   0.0200   0.4124   0.0907  -0.0016   0.0000  -0.0062   0.0118    0.318
   138  44.4248 -34.8899   2.0989   1.0359   0.0915   0.0790   0.0223   0.3470   0.0763  -0.0019   0.0000  -0.0023   0.0088    0.281
   139  44.5826 -34.9603   2.1050   0.9375   0.0498   0.0484   0.0238   0.2350   0.0516  -0.0018   0.0000   0.0002   0.0052    0.245
   140  44.6615 -34.9956   2.1081   0.8882   0.0157   0.0163   0.0250   0.0836   0.0184  -0.0012   0.0000   0.0003   0.0018    0.233

  Surface # 3     horizontal_stabilizer                   
     # Chordwise = 10   # Spanwise = 70     First strip =141
     Surface area Ssurf =   33.045236     Ave. chord Cave =    3.385454

 Forces referred to Sref, Cref, Bref about Xref, Yref, Zref
 Standard axis orientation,  X fwd, Z down         
     CLsurf  =  -0.00774     Clsurf  =   0.00047
     CYsurf  =   0.00096     Cmsurf  =   0.05404
     CDsurf  =  -0.00017     Cnsurf  =  -0.00082
     CDisurf =  -0.00017     CDvsurf =   0.00000

 Forces referred to Ssurf, Cave 
     CLsurf  =  -0.11580     CDsurf  =  -0.00252

 Strip Forces referred to Strip Area, Chord
    j     Xle      Yle      Zle      Chord    Area     c_cl     ai     cl_norm    cl       cd       cdv    cm_c/4     cm_LE   C.P.x/c
   141  55.3378   0.0012   2.0821   4.5667   0.0218  -0.3706   0.0137  -0.1083  -0.0811   0.1231   0.0000   0.0068   0.0228    0.334
   142  55.3439   0.0107   2.0832   4.5644   0.0654  -0.5014   0.0135  -0.1465  -0.1098   0.0111   0.0000   0.0067   0.0288    0.311
   143  55.3560   0.0296   2.0853   4.5598   0.1087  -0.5118   0.0131  -0.1497  -0.1122   0.0023   0.0000   0.0066   0.0292    0.309
   144  55.3743   0.0580   2.0884   4.5529   0.1516  -0.5147   0.0127  -0.1508  -0.1130   0.0001   0.0000   0.0065   0.0293    0.308
   145  55.3985   0.0958   2.0926   4.5437   0.1940  -0.5160   0.0123  -0.1515  -0.1136  -0.0007   0.0000   0.0063   0.0293    0.306
   146  55.4288   0.1429   2.0978   4.5322   0.2357  -0.5169   0.0120  -0.1522  -0.1140  -0.0010   0.0000   0.0061   0.0292    0.303
   147  55.4649   0.1992   2.1040   4.5185   0.2766  -0.5176   0.0117  -0.1528  -0.1145  -0.0013   0.0000   0.0058   0.0290    0.300
   148  55.5069   0.2646   2.1112   4.5025   0.3165  -0.5183   0.0115  -0.1536  -0.1151  -0.0014   0.0000   0.0054   0.0288    0.297
   149  55.5546   0.3389   2.1194   4.4844   0.3554  -0.5190   0.0114  -0.1544  -0.1157  -0.0015   0.0000   0.0050   0.0286    0.293
   150  55.6080   0.4221   2.1286   4.4642   0.3930  -0.5198   0.0114  -0.1554  -0.1164  -0.0017   0.0000   0.0046   0.0284    0.289
   151  55.6670   0.5139   2.1387   4.4418   0.4292  -0.5207   0.0114  -0.1564  -0.1172  -0.0018   0.0000   0.0042   0.0282    0.286
   152  55.7314   0.6141   2.1498   4.4174   0.4640  -0.5217   0.0116  -0.1576  -0.1181  -0.0019   0.0000   0.0037   0.0280    0.282
   153  55.8011   0.7227   2.1618   4.3910   0.4973  -0.5226   0.0118  -0.1588  -0.1190  -0.0020   0.0000   0.0033   0.0279    0.278
   154  55.8759   0.8392   2.1746   4.3626   0.5288  -0.5237   0.0122  -0.1601  -0.1200  -0.0021   0.0000   0.0029   0.0278    0.274
   155  55.9558   0.9636   2.1884   4.3323   0.5586  -0.5247   0.0127  -0.1616  -0.1211  -0.0023   0.0000   0.0025   0.0277    0.271
   156  56.0405   1.0955   2.2029   4.3001   0.5866  -0.5257   0.0134  -0.1631  -0.1222  -0.0024   0.0000   0.0022   0.0276    0.268
   157  56.1315   1.2373   2.2186   4.2656   0.6352  -0.5266   0.0143  -0.1647  -0.1234  -0.0025   0.0000   0.0018   0.0275    0.265
   158  56.2289   1.3889   2.2353   4.2287   0.6600  -0.5274   0.0153  -0.1664  -0.1247  -0.0026   0.0000   0.0015   0.0275    0.262
   159  56.3307   1.5475   2.2528   4.1900   0.6826  -0.5279   0.0165  -0.1681  -0.1260  -0.0028   0.0000   0.0011   0.0275    0.259
   160  56.4368   1.7127   2.2711   4.1498   0.7031  -0.5283   0.0178  -0.1698  -0.1273  -0.0029   0.0000   0.0008   0.0275    0.257
   161  56.5469   1.8842   2.2900   4.1080   0.7214  -0.5282   0.0193  -0.1715  -0.1286  -0.0030   0.0000   0.0006   0.0276    0.254
   162  56.6609   2.0617   2.3096   4.0648   0.7375  -0.5277   0.0208  -0.1732  -0.1298  -0.0031   0.0000   0.0003   0.0276    0.252
   163  56.7785   2.2448   2.3298   4.0202   0.7513  -0.5267   0.0224  -0.1748  -0.1310  -0.0032   0.0000   0.0001   0.0277    0.250
   164  56.8994   2.4331   2.3506   3.9743   0.7630  -0.5251   0.0239  -0.1763  -0.1321  -0.0033   0.0000  -0.0002   0.0277    0.249
   165  57.0234   2.6263   2.3719   3.9273   0.7724  -0.5228   0.0253  -0.1776  -0.1331  -0.0034   0.0000  -0.0004   0.0277    0.247
   166  57.1504   2.8240   2.3937   3.8791   0.7796  -0.5196   0.0266  -0.1787  -0.1340  -0.0035   0.0000  -0.0006   0.0277    0.246
   167  57.2799   3.0257   2.4160   3.8300   0.7846  -0.5156   0.0275  -0.1796  -0.1346  -0.0036   0.0000  -0.0008   0.0277    0.244
   168  57.4118   3.2311   2.4387   3.7800   0.7875  -0.5107   0.0281  -0.1802  -0.1351  -0.0036   0.0000  -0.0009   0.0277    0.243
   169  57.5458   3.4398   2.4617   3.7292   0.7883  -0.5047   0.0283  -0.1806  -0.1353  -0.0037   0.0000  -0.0010   0.0276    0.242
   170  57.6816   3.6513   2.4851   3.6777   0.7871  -0.4977   0.0282  -0.1806  -0.1353  -0.0037   0.0000  -0.0012   0.0275    0.241
   171  57.8189   3.8651   2.5087   3.6256   0.7840  -0.4897   0.0277  -0.1802  -0.1351  -0.0037   0.0000  -0.0013   0.0274    0.241
   172  57.9575   4.0810   2.5325   3.5730   0.7789  -0.4807   0.0269  -0.1795  -0.1345  -0.0037   0.0000  -0.0013   0.0272    0.240
   173  58.0971   4.2984   2.5565   3.5200   0.7721  -0.4708   0.0259  -0.1784  -0.1337  -0.0036   0.0000  -0.0014   0.0270    0.240
   174  58.2374   4.5169   2.5806   3.4668   0.7635  -0.4600   0.0246  -0.1770  -0.1327  -0.0036   0.0000  -0.0014   0.0267    0.239
   175  58.3781   4.7361   2.6048   3.4134   0.7532  -0.4484   0.0232  -0.1753  -0.1314  -0.0035   0.0000  -0.0015   0.0264    0.239
   176  58.5190   4.9555   2.6291   3.3600   0.7414  -0.4361   0.0218  -0.1732  -0.1298  -0.0034   0.0000  -0.0015   0.0261    0.238
   177  58.6597   5.1746   2.6533   3.3066   0.7282  -0.4233   0.0203  -0.1708  -0.1280  -0.0034   0.0000  -0.0015   0.0257    0.238
   178  58.8000   5.3931   2.6774   3.2534   0.7136  -0.4100   0.0189  -0.1681  -0.1260  -0.0033   0.0000  -0.0015   0.0253    0.238
   179  58.9396   5.6105   2.7014   3.2005   0.6977  -0.3964   0.0175  -0.1652  -0.1238  -0.0031   0.0000  -0.0015   0.0248    0.238
   180  59.0783   5.8264   2.7252   3.1479   0.6807  -0.3825   0.0162  -0.1621  -0.1215  -0.0030   0.0000  -0.0015   0.0243    0.238
   181  59.2156   6.0403   2.7488   3.0958   0.6626  -0.3685   0.0150  -0.1588  -0.1190  -0.0029   0.0000  -0.0015   0.0238    0.237
   182  59.3514   6.2518   2.7722   3.0443   0.6435  -0.3545   0.0138  -0.1554  -0.1164  -0.0028   0.0000  -0.0015   0.0233    0.237
   183  59.4854   6.4604   2.7952   2.9935   0.6236  -0.3405   0.0127  -0.1518  -0.1137  -0.0027   0.0000  -0.0015   0.0227    0.236
   184  59.6173   6.6658   2.8179   2.9434   0.6030  -0.3266   0.0117  -0.1480  -0.1110  -0.0025   0.0000  -0.0016   0.0221    0.236
   185  59.7468   6.8676   2.8402   2.8943   0.5816  -0.3129   0.0107  -0.1442  -0.1081  -0.0024   0.0000  -0.0016   0.0214    0.235
   186  59.8737   7.0652   2.8620   2.8462   0.5597  -0.2993   0.0098  -0.1403  -0.1052  -0.0023   0.0000  -0.0017   0.0208    0.234
   187  59.9978   7.2584   2.8833   2.7991   0.5373  -0.2860   0.0089  -0.1363  -0.1022  -0.0022   0.0000  -0.0017   0.0201    0.233
   188  60.1187   7.4468   2.9041   2.7532   0.5146  -0.2728   0.0081  -0.1322  -0.0991  -0.0021   0.0000  -0.0018   0.0194    0.232
   189  60.2363   7.6298   2.9243   2.7086   0.4914  -0.2599   0.0073  -0.1280  -0.0959  -0.0020   0.0000  -0.0019   0.0186    0.230
   190  60.3502   7.8073   2.9439   2.6654   0.4681  -0.2471   0.0066  -0.1237  -0.0927  -0.0019   0.0000  -0.0020   0.0178    0.228
   191  60.4604   7.9789   2.9629   2.6236   0.4445  -0.2345   0.0059  -0.1193  -0.0894  -0.0018   0.0000  -0.0022   0.0170    0.226
   192  60.5664   8.1441   2.9811   2.5834   0.4209  -0.2221   0.0052  -0.1147  -0.0860  -0.0017   0.0000  -0.0023   0.0161    0.223
   193  60.6683   8.3026   2.9986   2.5448   0.3972  -0.2098   0.0045  -0.1100  -0.0824  -0.0016   0.0000  -0.0025   0.0152    0.219
   194  60.7656   8.4543   3.0153   2.5078   0.3735  -0.1976   0.0039  -0.1051  -0.0788  -0.0015   0.0000  -0.0027   0.0143    0.216
   195  60.8583   8.5986   3.0313   2.4727   0.3498  -0.1854   0.0034  -0.1001  -0.0750  -0.0014   0.0000  -0.0029   0.0133    0.211
   196  60.9461   8.7354   3.0464   2.4394   0.3262  -0.1733   0.0028  -0.0948  -0.0710  -0.0013   0.0000  -0.0031   0.0123    0.206
   197  61.0289   8.8643   3.0606   2.4080   0.3027  -0.1612   0.0023  -0.0893  -0.0669  -0.0012   0.0000  -0.0033   0.0113    0.200
   198  61.1050   8.9828   3.0737   2.3791   0.2681  -0.1492   0.0019  -0.0837  -0.0627  -0.0012   0.0000  -0.0035   0.0103    0.194
   199  61.1744   9.0908   3.0856   2.3528   0.2460  -0.1375   0.0015  -0.0779  -0.0584  -0.0011   0.0000  -0.0036   0.0093    0.188
   200  61.2384   9.1906   3.0966   2.3285   0.2239  -0.1257   0.0011  -0.0720  -0.0540  -0.0010   0.0000  -0.0037   0.0083    0.181
   201  61.2971   9.2820   3.1067   2.3063   0.2021  -0.1139   0.0008  -0.0659  -0.0494  -0.0009   0.0000  -0.0037   0.0073    0.175
   202  61.3502   9.3647   3.1159   2.2861   0.1803  -0.1020   0.0005  -0.0595  -0.0446  -0.0008   0.0000  -0.0037   0.0063    0.167
   203  61.3977   9.4387   3.1240   2.2681   0.1587  -0.0901   0.0003  -0.0530  -0.0397  -0.0008   0.0000  -0.0036   0.0054    0.160
   204  61.4395   9.5038   3.1312   2.2523   0.1372  -0.0782   0.0001  -0.0463  -0.0347  -0.0007   0.0000  -0.0033   0.0045    0.154
   205  61.4755   9.5598   3.1374   2.2386   0.1159  -0.0662  -0.0001  -0.0395  -0.0296  -0.0006   0.0000  -0.0030   0.0037    0.147
   206  61.5056   9.6066   3.1426   2.2272   0.0946  -0.0543  -0.0002  -0.0325  -0.0244  -0.0005   0.0000  -0.0026   0.0029    0.141
   207  61.5297   9.6442   3.1467   2.2181   0.0735  -0.0422  -0.0004  -0.0254  -0.0190  -0.0004   0.0000  -0.0022   0.0022    0.136
   208  61.5479   9.6725   3.1498   2.2112   0.0524  -0.0302  -0.0005  -0.0182  -0.0137  -0.0004   0.0000  -0.0016   0.0015    0.132
   209  61.5600   9.6914   3.1519   2.2066   0.0314  -0.0181  -0.0005  -0.0110  -0.0082  -0.0003   0.0000  -0.0010   0.0009    0.130
   210  61.5660   9.7008   3.1530   2.2043   0.0105  -0.0060  -0.0005  -0.0037  -0.0027  -0.0002   0.0000  -0.0003   0.0003    0.129

  Surface # 4     horizontal_stabilizer (YDUP)            
     # Chordwise = 10   # Spanwise = 70     First strip =211
     Surface area Ssurf =   33.045236     Ave. chord Cave =    3.385454

 Forces referred to Sref, Cref, Bref about Xref, Yref, Zref
 Standard axis orientation,  X fwd, Z down         
     CLsurf  =  -0.00774     Clsurf  =  -0.00047
     CYsurf  =  -0.00096     Cmsurf  =   0.05404
     CDsurf  =  -0.00017     Cnsurf  =   0.00082
     CDisurf =  -0.00017     CDvsurf =   0.00000

 Forces referred to Ssurf, Cave 
     CLsurf  =  -0.11580     CDsurf  =  -0.00252

 Strip Forces referred to Strip Area, Chord
    j     Xle      Yle      Zle      Chord    Area     c_cl     ai     cl_norm    cl       cd       cdv    cm_c/4     cm_LE   C.P.x/c
   211  55.3378  -0.0012   2.0821   4.5667   0.0218  -0.3706   0.0137  -0.1083  -0.0811   0.1231   0.0000   0.0068  -0.0228    0.334
   212  55.3439  -0.0107   2.0832   4.5644   0.0654  -0.5014   0.0135  -0.1465  -0.1098   0.0111   0.0000   0.0067  -0.0288    0.311
   213  55.3560  -0.0296   2.0853   4.5598   0.1087  -0.5118   0.0131  -0.1497  -0.1122   0.0023   0.0000   0.0066  -0.0292    0.309
   214  55.3743  -0.0580   2.0884   4.5529   0.1516  -0.5147   0.0127  -0.1508  -0.1130   0.0001   0.0000   0.0065  -0.0293    0.308
   215  55.3985  -0.0958   2.0926   4.5437   0.1940  -0.5160   0.0123  -0.1515  -0.1136  -0.0007   0.0000   0.0063  -0.0293    0.306
   216  55.4288  -0.1429   2.0978   4.5322   0.2357  -0.5169   0.0120  -0.1522  -0.1140  -0.0010   0.0000   0.0061  -0.0292    0.303
   217  55.4649  -0.1992   2.1040   4.5185   0.2766  -0.5176   0.0117  -0.1528  -0.1145  -0.0013   0.0000   0.0058  -0.0290    0.300
   218  55.5069  -0.2646   2.1112   4.5025   0.3165  -0.5183   0.0115  -0.1536  -0.1151  -0.0014   0.0000   0.0054  -0.0288    0.297
   219  55.5546  -0.3389   2.1194   4.4844   0.3554  -0.5190   0.0114  -0.1544  -0.1157  -0.0015   0.0000   0.0050  -0.0286    0.293
   220  55.6080  -0.4221   2.1286   4.4642   0.3930  -0.5198   0.0114  -0.1554  -0.1164  -0.0017   0.0000   0.0046  -0.0284    0.289
   221  55.6670  -0.5139   2.1387   4.4418   0.4292  -0.5207   0.0114  -0.1564  -0.1172  -0.0018   0.0000   0.0042  -0.0282    0.286
   222  55.7314  -0.6141   2.1498   4.4174   0.4640  -0.5217   0.0116  -0.1576  -0.1181  -0.0019   0.0000   0.0037  -0.0280    0.282
   223  55.8011  -0.7227   2.1618   4.3910   0.4973  -0.5226   0.0118  -0.1588  -0.1190  -0.0020   0.0000   0.0033  -0.0279    0.278
   224  55.8759  -0.8392   2.1746   4.3626   0.5288  -0.5237   0.0122  -0.1601  -0.1200  -0.0021   0.0000   0.0029  -0.0278    0.274
   225  55.9558  -0.9636   2.1884   4.3323   0.5586  -0.5247   0.0127  -0.1616  -0.1211  -0.0023   0.0000   0.0025  -0.0277    0.271
   226  56.0405  -1.0955   2.2029   4.3001   0.5866  -0.5257   0.0134  -0.1631  -0.1222  -0.0024   0.0000   0.0022  -0.0276    0.268
   227  56.1315  -1.2373   2.2186   4.2656   0.6352  -0.5266   0.0143  -0.1647  -0.1234  -0.0025   0.0000   0.0018  -0.0275    0.265
   228  56.2289  -1.3889   2.2353   4.2287   0.6600  -0.5274   0.0153  -0.1664  -0.1247  -0.0026   0.0000   0.0015  -0.0275    0.262
   229  56.3307  -1.5475   2.2528   4.1900   0.6826  -0.5279   0.0165  -0.1681  -0.1260  -0.0028   0.0000   0.0011  -0.0275    0.259
   230  56.4368  -1.7127   2.2711   4.1498   0.7031  -0.5283   0.0178  -0.1698  -0.1273  -0.0029   0.0000   0.0008  -0.0275    0.257
   231  56.5469  -1.8842   2.2900   4.1080   0.7214  -0.5282   0.0193  -0.1715  -0.1286  -0.0030   0.0000   0.0006  -0.0276    0.254
   232  56.6609  -2.0617   2.3096   4.0648   0.7375  -0.5277   0.0208  -0.1732  -0.1298  -0.0031   0.0000   0.0003  -0.0276    0.252
   233  56.7785  -2.2448   2.3298   4.0202   0.7513  -0.5267   0.0224  -0.1748  -0.1310  -0.0032   0.0000   0.0001  -0.0277    0.250
   234  56.8994  -2.4331   2.3506   3.9743   0.7630  -0.5251   0.0239  -0.1763  -0.1321  -0.0033   0.0000  -0.0002  -0.0277    0.249
   235  57.0234  -2.6263   2.3719   3.9273   0.7724  -0.5228   0.0253  -0.1776  -0.1331  -0.0034   0.0000  -0.0004  -0.0277    0.247
   236  57.1504  -2.8240   2.3937   3.8791   0.7796  -0.5196   0.0266  -0.1787  -0.1340  -0.0035   0.0000  -0.0006  -0.0277    0.246
   237  57.2799  -3.0257   2.4160   3.8300   0.7846  -0.5156   0.0275  -0.1796  -0.1346  -0.0036   0.0000  -0.0008  -0.0277    0.244
   238  57.4118  -3.2311   2.4387   3.7800   0.7875  -0.5107   0.0281  -0.1802  -0.1351  -0.0036   0.0000  -0.0009  -0.0277    0.243
   239  57.5458  -3.4398   2.4617   3.7292   0.7883  -0.5047   0.0283  -0.1806  -0.1353  -0.0037   0.0000  -0.0010  -0.0276    0.242
   240  57.6816  -3.6513   2.4851   3.6777   0.7871  -0.4977   0.0282  -0.1806  -0.1353  -0.0037   0.0000  -0.0012  -0.0275    0.241
   241  57.8189  -3.8651   2.5087   3.6256   0.7840  -0.4897   0.0277  -0.1802  -0.1351  -0.0037   0.0000  -0.0013  -0.0274    0.241
   242  57.9575  -4.0810   2.5325   3.5730   0.7789  -0.4807   0.0269  -0.1795  -0.1345  -0.0037   0.0000  -0.0013  -0.0272    0.240
   243  58.0971  -4.2984   2.5565   3.5200   0.7721  -0.4708   0.0259  -0.1784  -0.1337  -0.0036   0.0000  -0.0014  -0.0270    0.240
   244  58.2374  -4.5169   2.5806   3.4668   0.7635  -0.4600   0.0246  -0.1770  -0.1327  -0.0036   0.0000  -0.0014  -0.0267    0.239
   245  58.3781  -4.7361   2.6048   3.4134   0.7532  -0.4484   0.0232  -0.1753  -0.1314  -0.0035   0.0000  -0.0015  -0.0264    0.239
   246  58.5190  -4.9555   2.6291   3.3600   0.7414  -0.4361   0.0218  -0.1732  -0.1298  -0.0034   0.0000  -0.0015  -0.0261    0.238
   247  58.6597  -5.1746   2.6533   3.3066   0.7282  -0.4233   0.0203  -0.1708  -0.1280  -0.0034   0.0000  -0.0015  -0.0257    0.238
   248  58.8000  -5.3931   2.6774   3.2534   0.7136  -0.4100   0.0189  -0.1681  -0.1260  -0.0033   0.0000  -0.0015  -0.0253    0.238
   249  58.9396  -5.6105   2.7014   3.2005   0.6977  -0.3964   0.0175  -0.1652  -0.1238  -0.0031   0.0000  -0.0015  -0.0248    0.238
   250  59.0783  -5.8264   2.7252   3.1479   0.6807  -0.3825   0.0162  -0.1621  -0.1215  -0.0030   0.0000  -0.0015  -0.0243    0.238
   251  59.2156  -6.0403   2.7488   3.0958   0.6626  -0.3685   0.0150  -0.1588  -0.1190  -0.0029   0.0000  -0.0015  -0.0238    0.237
   252  59.3514  -6.2518   2.7722   3.0443   0.6435  -0.3545   0.0138  -0.1554  -0.1164  -0.0028   0.0000  -0.0015  -0.0233    0.237
   253  59.4854  -6.4604   2.7952   2.9935   0.6236  -0.3405   0.0127  -0.1518  -0.1137  -0.0027   0.0000  -0.0015  -0.0227    0.236
   254  59.6173  -6.6658   2.8179   2.9434   0.6030  -0.3266   0.0117  -0.1480  -0.1110  -0.0025   0.0000  -0.0016  -0.0221    0.236
   255  59.7468  -6.8676   2.8402   2.8943   0.5816  -0.3129   0.0107  -0.1442  -0.1081  -0.0024   0.0000  -0.0016  -0.0214    0.235
   256  59.8737  -7.0652   2.8620   2.8462   0.5597  -0.2993   0.0098  -0.1403  -0.1052  -0.0023   0.0000  -0.0017  -0.0208    0.234
   257  59.9978  -7.2584   2.8833   2.7991   0.5373  -0.2860   0.0089  -0.1363  -0.1022  -0.0022   0.0000  -0.0017  -0.0201    0.233
   258  60.1187  -7.4468   2.9041   2.7532   0.5146  -0.2728   0.0081  -0.1322  -0.0991  -0.0021   0.0000  -0.0018  -0.0194    0.232
   259  60.2363  -7.6298   2.9243   2.7086   0.4914  -0.2599   0.0073  -0.1280  -0.0959  -0.0020   0.0000  -0.0019  -0.0186    0.230
   260  60.3502  -7.8073   2.9439   2.6654   0.4681  -0.2471   0.0066  -0.1237  -0.0927  -0.0019   0.0000  -0.0020  -0.0178    0.228
   261  60.4604  -7.9789   2.9629   2.6236   0.4445  -0.2345   0.0059  -0.1193  -0.0894  -0.0018   0.0000  -0.0022  -0.0170    0.226
   262  60.5664  -8.1441   2.9811   2.5834   0.4209  -0.2221   0.0052  -0.1147  -0.0860  -0.0017   0.0000  -0.0023  -0.0161    0.223
   263  60.6683  -8.3026   2.9986   2.5448   0.3972  -0.2098   0.0045  -0.1100  -0.0824  -0.0016   0.0000  -0.0025  -0.0152    0.219
   264  60.7656  -8.4543   3.0153   2.5078   0.3735  -0.1976   0.0039  -0.1051  -0.0788  -0.0015   0.0000  -0.0027  -0.0143    0.216
   265  60.8583  -8.5986   3.0313   2.4727   0.3498  -0.1854   0.0034  -0.1001  -0.0750  -0.0014   0.0000  -0.0029  -0.0133    0.211
   266  60.9461  -8.7354   3.0464   2.4394   0.3262  -0.1733   0.0028  -0.0948  -0.0710  -0.0013   0.0000  -0.0031  -0.0123    0.206
   267  61.0289  -8.8643   3.0606   2.4080   0.3027  -0.1612   0.0023  -0.0893  -0.0669  -0.0012   0.0000  -0.0033  -0.0113    0.200
   268  61.1050  -8.9828   3.0737   2.3791   0.2681  -0.1492   0.0019  -0.0837  -0.0627  -0.0012   0.0000  -0.0035  -0.0103    0.194
   269  61.1744  -9.0908   3.0856   2.3528   0.2460  -0.1375   0.0015  -0.0779  -0.0584  -0.0011   0.0000  -0.0036  -0.0093    0.188
   270  61.2384  -9.1906   3.0966   2.3285   0.2239  -0.1257   0.0011  -0.0720  -0.0540  -0.0010   0.0000  -0.0037  -0.0083    0.181
   271  61.2971  -9.2820   3.1067   2.3063   0.2021  -0.1139   0.0008  -0.0659  -0.0494  -0.0009   0.0000  -0.0037  -0.0073    0.175
   272  61.3502  -9.3647   3.1159   2.2861   0.1803  -0.1020   0.0005  -0.0595  -0.0446  -0.0008   0.0000  -0.0037  -0.0063    0.167
   273  61.3977  -9.4387   3.1240   2.2681   0.1587  -0.0901   0.0003  -0.0530  -0.0397  -0.0008   0.0000  -0.0036  -0.0054    0.160
   274  61.4395  -9.5038   3.1312   2.2523   0.1372  -0.0782   0.0001  -0.0463  -0.0347  -0.0007   0.0000  -0.0033  -0.0045    0.154
   275  61.4755  -9.5598   3.1374   2.2386   0.1159  -0.0662  -0.0001  -0.0395  -0.0296  -0.0006   0.0000  -0.0030  -0.0037    0.147
   276  61.5056  -9.6066   3.1426   2.2272   0.0946  -0.0543  -0.0002  -0.0325  -0.0244  -0.0005   0.0000  -0.0026  -0.0029    0.141
   277  61.5297  -9.6442   3.1467   2.2181   0.0735  -0.0422  -0.0004  -0.0254  -0.0190  -0.0004   0.0000  -0.0022  -0.0022    0.136
   278  61.5479  -9.6725   3.1498   2.2112   0.0524  -0.0302  -0.0005  -0.0182  -0.0137  -0.0004   0.0000  -0.0016  -0.0015    0.132
   279  61.5600  -9.6914   3.1519   2.2066   0.0314  -0.0181  -0.0005  -0.0110  -0.0082  -0.0003   0.0000  -0.0010  -0.0009    0.130
   280  61.5660  -9.7008   3.1530   2.2043   0.0105  -0.0060  -0.0005  -0.0037  -0.0027  -0.0002   0.0000  -0.0003  -0.0003    0.129

  Surface # 5     vertical_stabilizer                     
     # Chordwise = 10   # Spanwise = 70     First strip =281
     Surface area Ssurf =   45.713867     Ave. chord Cave =    5.520998

 Forces referred to Sref, Cref, Bref about Xref, Yref, Zref
 Standard axis orientation,  X fwd, Z down         
     CLsurf  =   0.00000     Clsurf  =  -0.00000
     CYsurf  =  -0.00000     Cmsurf  =  -0.00000
     CDsurf  =  -0.00000     Cnsurf  =   0.00000
     CDisurf =  -0.00000     CDvsurf =   0.00000

 Forces referred to Ssurf, Cave 
     CLsurf  =   0.00000     CDsurf  =  -0.00000

 Strip Forces referred to Strip Area, Chord
    j     Xle      Yle      Zle      Chord    Area     c_cl     ai     cl_norm    cl       cd       cdv    cm_c/4     cm_LE   C.P.x/c
   281  52.2101   0.0000   3.6002   7.9300   0.1771   0.0000  -0.0000   0.0000   0.0000  -0.0000   0.0000  -0.0000  -0.0000    0.435
   282  52.2358   0.0000   3.6263   7.9148   0.2360   0.0000  -0.0000   0.0000   0.0000   0.0000   0.0000  -0.0000  -0.0000    0.439
   283  52.2688   0.0000   3.6599   7.8953   0.2943   0.0000  -0.0000   0.0000   0.0000   0.0000   0.0000  -0.0000  -0.0000    0.489
   284  52.3092   0.0000   3.7008   7.8713   0.3517   0.0000   0.0000   0.0000   0.0000  -0.0000   0.0000  -0.0000  -0.0000    0.488
   285  52.3568   0.0000   3.7492   7.8431   0.4080   0.0000  -0.0000   0.0000   0.0000   0.0000   0.0000  -0.0000  -0.0000    0.486
   286  52.4116   0.0000   3.8049   7.8107   0.4631   0.0000   0.0000   0.0000   0.0000   0.0000   0.0000  -0.0000  -0.0000    0.495
   287  52.4736   0.0000   3.8678   7.7740   0.5167   0.0000   0.0000   0.0000   0.0000  -0.0000   0.0000  -0.0000  -0.0000    0.504
   288  52.5425   0.0000   3.9378   7.7331   0.5687   0.0000   0.0000   0.0000   0.0000  -0.0000   0.0000  -0.0000  -0.0000    0.485
   289  52.6184   0.0000   4.0148   7.6882   0.6188   0.0000  -0.0000   0.0000   0.0000  -0.0000   0.0000  -0.0000  -0.0000    0.494
   290  52.7011   0.0000   4.0987   7.6392   0.6670   0.0000  -0.0000   0.0000   0.0000  -0.0000   0.0000  -0.0000  -0.0000    0.501
   291  52.7904   0.0000   4.1894   7.5863   0.7129   0.0000  -0.0000   0.0000   0.0000  -0.0000   0.0000  -0.0000  -0.0000    0.487
   292  52.8862   0.0000   4.2867   7.5296   0.7566   0.0000  -0.0000   0.0000   0.0000  -0.0000   0.0000  -0.0000  -0.0000    0.449
   293  52.9883   0.0000   4.3903   7.4691   0.7978   0.0000  -0.0000   0.0000   0.0000   0.0000   0.0000  -0.0000  -0.0000    0.428
   294  53.0965   0.0000   4.5002   7.4050   0.8364   0.0000   0.0000   0.0000   0.0000  -0.0000   0.0000  -0.0000  -0.0000    0.362
   295  53.2107   0.0000   4.6162   7.3374   0.8724   0.0000  -0.0000   0.0000   0.0000  -0.0000   0.0000  -0.0000  -0.0000    0.360
   296  53.3307   0.0000   4.7380   7.2663   0.9056   0.0000   0.0000   0.0000   0.0000  -0.0000   0.0000  -0.0000  -0.0000    0.381
   297  53.4562   0.0000   4.8654   7.1920   0.9359   0.0000  -0.0000   0.0000   0.0000  -0.0000   0.0000  -0.0000  -0.0000    0.363
   298  53.5870   0.0000   4.9982   7.1146   0.9633   0.0000   0.0000   0.0000   0.0000   0.0000   0.0000  -0.0000  -0.0000    0.405
   299  53.7228   0.0000   5.1361   7.0341   0.9877   0.0000  -0.0000   0.0000   0.0000   0.0000   0.0000  -0.0000  -0.0000    0.415
   300  53.8635   0.0000   5.2790   6.9508   1.0092   0.0000  -0.0000   0.0000   0.0000  -0.0000   0.0000  -0.0000  -0.0000    0.438
   301  54.0087   0.0000   5.4264   6.8647   1.0275   0.0000   0.0000   0.0000   0.0000  -0.0000   0.0000  -0.0000  -0.0000    0.475
   302  54.1583   0.0000   5.5783   6.7762   1.0429   0.0000  -0.0000   0.0000   0.0000  -0.0000   0.0000  -0.0000  -0.0000    0.459
   303  54.3118   0.0000   5.7342   6.6852   1.0552   0.0000  -0.0000   0.0000   0.0000   0.0000   0.0000  -0.0000  -0.0000    0.449
   304  54.4691   0.0000   5.8939   6.5921   1.0645   0.0000   0.0000   0.0000   0.0000   0.0000   0.0000  -0.0000  -0.0000    0.480
   305  54.6299   0.0000   6.0571   6.4969   1.0709   0.0000   0.0000   0.0000   0.0000  -0.0000   0.0000  -0.0000  -0.0000    0.480
   306  54.7937   0.0000   6.2234   6.3998   1.0743   0.0000  -0.0000   0.0000   0.0000  -0.0000   0.0000  -0.0000  -0.0000    0.432
   307  54.9605   0.0000   6.3927   6.3011   1.0748   0.0000  -0.0000   0.0000   0.0000   0.0000   0.0000  -0.0000  -0.0000    0.397
   308  55.1297   0.0000   6.5645   6.2009   1.0726   0.0000  -0.0000   0.0000   0.0000  -0.0000   0.0000  -0.0000  -0.0000    0.387
   309  55.3011   0.0000   6.7386   6.0993   1.0677   0.0000  -0.0000   0.0000   0.0000  -0.0000   0.0000  -0.0000  -0.0000    0.368
   310  55.4744   0.0000   6.9145   5.9967   1.0602   0.0000   0.0000   0.0000   0.0000   0.0000   0.0000  -0.0000  -0.0000    0.373
   311  55.6493   0.0000   7.0921   5.8931   1.0502   0.0000   0.0000   0.0000   0.0000   0.0000   0.0000  -0.0000  -0.0000    0.386
   312  55.8254   0.0000   7.2709   5.7888   1.0378   0.0000   0.0000   0.0000   0.0000  -0.0000   0.0000  -0.0000  -0.0000    0.376
   313  56.0024   0.0000   7.4506   5.6840   1.0232   0.0000  -0.0000   0.0000   0.0000  -0.0000   0.0000  -0.0000  -0.0000    0.380
   314  56.1799   0.0000   7.6308   5.5789   1.0064   0.0000  -0.0000   0.0000   0.0000   0.0000   0.0000  -0.0000  -0.0000    0.296
   315  56.3576   0.0000   7.8113   5.4736   0.9877   0.0000  -0.0000   0.0000   0.0000   0.0000   0.0000  -0.0000  -0.0000    0.301
   316  56.5353   0.0000   7.9916   5.3684   0.9671   0.0000  -0.0000   0.0000   0.0000  -0.0000   0.0000  -0.0000  -0.0000    0.274
   317  56.7124   0.0000   8.1715   5.2635   0.9449   0.0000  -0.0000   0.0000   0.0000  -0.0000   0.0000  -0.0000  -0.0000    0.256
   318  56.8888   0.0000   8.3506   5.1590   0.9211   0.0000  -0.0000   0.0000   0.0000  -0.0000   0.0000   0.0000  -0.0000    0.248
   319  57.0641   0.0000   8.5285   5.0552   0.8959   0.0000   0.0000   0.0000   0.0000   0.0000   0.0000  -0.0000  -0.0000    0.282
   320  57.2378   0.0000   8.7049   4.9523   0.8694   0.0000   0.0000   0.0000   0.0000  -0.0000   0.0000  -0.0000  -0.0000    0.275
   321  57.4098   0.0000   8.8795   4.8504   0.8418   0.0000  -0.0000   0.0000   0.0000  -0.0000   0.0000  -0.0000  -0.0000    0.267
   322  57.5796   0.0000   9.0520   4.7499   0.8133   0.0000   0.0000   0.0000   0.0000  -0.0000   0.0000  -0.0000  -0.0000    0.291
   323  57.7470   0.0000   9.2219   4.6507   0.7840   0.0000  -0.0000   0.0000   0.0000  -0.0000   0.0000  -0.0000  -0.0000    0.289
   324  57.9116   0.0000   9.3890   4.5532   0.7540   0.0000   0.0000   0.0000   0.0000  -0.0000   0.0000  -0.0000  -0.0000    0.315
   325  58.0731   0.0000   9.5530   4.4576   0.7235   0.0000  -0.0000   0.0000   0.0000  -0.0000   0.0000  -0.0000  -0.0000    0.279
   326  58.2313   0.0000   9.7136   4.3639   0.6925   0.0000   0.0000   0.0000   0.0000  -0.0000   0.0000  -0.0000  -0.0000    0.306
   327  58.3857   0.0000   9.8703   4.2725   0.6613   0.0000  -0.0000   0.0000   0.0000  -0.0000   0.0000  -0.0000  -0.0000    0.294
   328  58.5361   0.0000  10.0230   4.1834   0.6299   0.0000  -0.0000   0.0000   0.0000  -0.0000   0.0000  -0.0000  -0.0000    0.275
   329  58.6822   0.0000  10.1714   4.0969   0.5984   0.0000   0.0000   0.0000   0.0000  -0.0000   0.0000  -0.0000  -0.0000    0.269
   330  58.8237   0.0000  10.3151   4.0130   0.5670   0.0000  -0.0000   0.0000   0.0000  -0.0000   0.0000  -0.0000  -0.0000    0.267
   331  58.9604   0.0000  10.4539   3.9321   0.5357   0.0000  -0.0000   0.0000   0.0000  -0.0000   0.0000  -0.0000  -0.0000    0.256
   332  59.0920   0.0000  10.5875   3.8541   0.5046   0.0000  -0.0000   0.0000   0.0000  -0.0000   0.0000   0.0000  -0.0000    0.239
   333  59.2183   0.0000  10.7157   3.7794   0.4737   0.0000  -0.0000   0.0000   0.0000  -0.0000   0.0000   0.0000  -0.0000    0.216
   334  59.3389   0.0000  10.8381   3.7079   0.4432   0.0000  -0.0000   0.0000   0.0000  -0.0000   0.0000   0.0000  -0.0000    0.225
   335  59.4537   0.0000  10.9547   3.6399   0.4131   0.0000  -0.0000   0.0000   0.0000  -0.0000   0.0000   0.0000  -0.0000    0.209
   336  59.5624   0.0000  11.0651   3.5756   0.3834   0.0000   0.0000   0.0000   0.0000  -0.0000   0.0000   0.0000  -0.0000    0.211
   337  59.6648   0.0000  11.1691   3.5149   0.3542   0.0000  -0.0000   0.0000   0.0000  -0.0000   0.0000   0.0000  -0.0000    0.163
   338  59.7608   0.0000  11.2665   3.4580   0.3254   0.0000   0.0000   0.0000   0.0000  -0.0000   0.0000   0.0000  -0.0000    0.184
   339  59.8502   0.0000  11.3572   3.4051   0.2971   0.0000   0.0000   0.0000   0.0000  -0.0000   0.0000   0.0000  -0.0000    0.193
   340  59.9327   0.0000  11.4410   3.3562   0.2693   0.0000  -0.0000   0.0000   0.0000  -0.0000   0.0000   0.0000  -0.0000    0.184
   341  60.0082   0.0000  11.5177   3.3115   0.2420   0.0000  -0.0000   0.0000   0.0000   0.0000   0.0000   0.0000  -0.0000    0.201
   342  60.0766   0.0000  11.5871   3.2710   0.2151   0.0000   0.0000   0.0000   0.0000   0.0000   0.0000   0.0000  -0.0000    0.195
   343  60.1377   0.0000  11.6492   3.2348   0.1887   0.0000  -0.0000   0.0000   0.0000  -0.0000   0.0000   0.0000  -0.0000    0.166
   344  60.1915   0.0000  11.7038   3.2030   0.1627   0.0000   0.0000   0.0000   0.0000  -0.0000   0.0000   0.0000  -0.0000    0.202
   345  60.2378   0.0000  11.7508   3.1756   0.1370   0.0000   0.0000   0.0000   0.0000  -0.0000   0.0000   0.0000  -0.0000    0.194
   346  60.2765   0.0000  11.7901   3.1526   0.1116   0.0000  -0.0000   0.0000   0.0000  -0.0000   0.0000   0.0000  -0.0000    0.179
   347  60.3075   0.0000  11.8216   3.1342   0.0866   0.0000   0.0000   0.0000   0.0000  -0.0000   0.0000   0.0000  -0.0000    0.166
   348  60.3308   0.0000  11.8453   3.1204   0.0617   0.0000   0.0000   0.0000   0.0000  -0.0000   0.0000   0.0000  -0.0000    0.167
   349  60.3464   0.0000  11.8611   3.1112   0.0369   0.0000  -0.0000   0.0000   0.0000  -0.0000   0.0000   0.0000  -0.0000    0.123
   350  60.3542   0.0000  11.8690   3.1066   0.0123   0.0000  -0.0000   0.0000   0.0000  -0.0000   0.0000   0.0000  -0.0000    0.117

  Surface # 6     fuselage_horizontal                     
     # Chordwise = 10   # Spanwise = 10     First strip =351
     Surface area Ssurf =  305.582940     Ave. chord Cave =   52.236400

 Forces referred to Sref, Cref, Bref about Xref, Yref, Zref
 Standard axis orientation,  X fwd, Z down         
     CLsurf  =  -0.00435     Clsurf  =  -0.00000
     CYsurf  =   0.00000     Cmsurf  =   0.01470
     CDsurf  =   0.00001     Cnsurf  =  -0.00000
     CDisurf =   0.00001     CDvsurf =   0.00000

 Forces referred to Ssurf, Cave 
     CLsurf  =  -0.00698     CDsurf  =   0.00002

 Strip Forces referred to Strip Area, Chord
    j     Xle      Yle      Zle      Chord    Area     c_cl     ai     cl_norm    cl       cd       cdv    cm_c/4     cm_LE   C.P.x/c
   351   7.4693  -2.6325   0.0000  39.8265  23.2985  -0.2775   0.0433  -0.0634  -0.0070   0.0001   0.0000   0.0022   0.0006    0.563
   352   4.3582  -2.0475   0.0000  47.8148  27.9717  -0.3716  -0.0073  -0.0155  -0.0078   0.0002   0.0000   0.0022   0.0011    0.533
   353   2.4947  -1.4625   0.0000  53.5537  31.3289  -0.4085  -0.0331  -0.0095  -0.0076   0.0001   0.0000   0.0019   0.0013    0.504
   354   1.1502  -0.8775   0.0000  58.2257  34.0620  -0.3904  -0.0254  -0.0068  -0.0067   0.0000   0.0000   0.0013   0.0014    0.447
   355   0.2954  -0.2925   0.0000  61.7612  36.1303  -0.3760  -0.0223  -0.0064  -0.0061  -0.0002   0.0000   0.0010   0.0018    0.416
   356   0.2954   0.2925   0.0000  61.7612  36.1303  -0.3760  -0.0223  -0.0064  -0.0061  -0.0002   0.0000   0.0010   0.0018    0.416
   357   1.1502   0.8775   0.0000  58.2257  34.0620  -0.3904  -0.0254  -0.0068  -0.0067   0.0000   0.0000   0.0013   0.0014    0.447
   358   2.4947   1.4625   0.0000  53.5538  31.3289  -0.4085  -0.0331  -0.0095  -0.0076   0.0001   0.0000   0.0019   0.0013    0.504
   359   4.3582   2.0475   0.0000  47.8148  27.9717  -0.3716  -0.0073  -0.0155  -0.0078   0.0002   0.0000   0.0022   0.0011    0.533
   360   7.4692   2.6325   0.0000  39.8266  23.2985  -0.2775   0.0433  -0.0634  -0.0070   0.0001   0.0000   0.0022   0.0006    0.563

  Surface # 7     fuselage_vertical                       
     # Chordwise = 10   # Spanwise = 10     First strip =361
     Surface area Ssurf =  302.292047     Ave. chord Cave =   52.236400

 Forces referred to Sref, Cref, Bref about Xref, Yref, Zref
 Standard axis orientation,  X fwd, Z down         
     CLsurf  =  -0.00000     Clsurf  =  -0.00000
     CYsurf  =  -0.00000     Cmsurf  =   0.00000
     CDsurf  =  -0.00000     Cnsurf  =   0.00000
     CDisurf =  -0.00000     CDvsurf =   0.00000

 Forces referred to Ssurf, Cave 
     CLsurf  =   0.00000     CDsurf  =  -0.00000

 Strip Forces referred to Strip Area, Chord
    j     Xle      Yle      Zle      Chord    Area     c_cl     ai     cl_norm    cl       cd       cdv    cm_c/4     cm_LE   C.P.x/c
   361   7.4693   0.0000  -2.6041  39.8265  23.0476  -0.0000  -0.0000  -0.0000  -0.0000   0.0000   0.0000  -0.0000   0.0000    0.189
   362   4.3582   0.0000  -2.0255  47.8148  27.6705  -0.0000  -0.0000  -0.0000  -0.0000   0.0000   0.0000   0.0000   0.0000    0.548
   363   2.4947   0.0000  -1.4467  53.5537  30.9916   0.0000  -0.0000   0.0000   0.0000  -0.0000   0.0000  -0.0000  -0.0000  999.000
   364   1.1502   0.0000  -0.8680  58.2257  33.6952   0.0000  -0.0000   0.0000   0.0000   0.0000   0.0000  -0.0000  -0.0000    0.837
   365   0.2954   0.0000  -0.2894  61.7612  35.7412   0.0000   0.0000   0.0000   0.0000  -0.0000   0.0000  -0.0000  -0.0000    0.692
   366   0.2954   0.0000   0.2894  61.7612  35.7412   0.0000   0.0000   0.0000   0.0000  -0.0000   0.0000  -0.0000  -0.0000    0.646
   367   1.1502   0.0000   0.8680  58.2257  33.6952   0.0000   0.0000   0.0000   0.0000   0.0000   0.0000  -0.0000  -0.0000    0.691
   368   2.4947   0.0000   1.4467  53.5537  30.9916   0.0000   0.0000   0.0000   0.0000   0.0000   0.0000  -0.0000  -0.0000    0.437
   369   4.3582   0.0000   2.0255  47.8148  27.6705   0.0000  -0.0000   0.0000   0.0000  -0.0000   0.0000  -0.0000  -0.0000    0.549
   370   7.4693   0.0000   2.6041  39.8265  23.0476   0.0000   0.0000   0.0000   0.0000  -0.0000   0.0000  -0.0000  -0.0000    0.760
 ---------------------------------------------------------------
