 ---------------------------------------------------------------
 Surface and Strip Forces by surface

  Sref =  490.60       Cref =  8.4083       Bref =  70.000    
  Xref =  29.948       Yref =  0.0000       Zref =-0.24644    

  Surface # 1     main_wing                               
     # Chordwise = 10   # Spanwise = 80     First strip =  1
     Surface area Ssurf =  250.220919     Ave. chord Cave =    7.118898

 Forces referred to Sref, Cref, Bref about Xref, Yref, Zref
 Standard axis orientation,  X fwd, Z down         
     CLsurf  =   0.33823     Clsurf  =  -0.06514
     CYsurf  =  -0.02155     Cmsurf  =  -0.08321
     CDsurf  =   0.00867     Cnsurf  =  -0.00572
     CDisurf =   0.00867     CDvsurf =   0.00000

 Forces referred to Ssurf, Cave 
     CLsurf  =   0.66434     CDsurf  =   0.01700

 Strip Forces referred to Strip Area, Chord
    j     Xle      Yle      Zle      Chord    Area     c_cl     ai     cl_norm    cl       cd       cdv    cm_c/4     cm_LE   C.P.x/c
     1  22.4080   0.0036  -0.9570  12.4590   0.1808   7.2916   0.0481   0.5841   0.5841   0.0391   0.0000  -0.0587  -0.2050    0.351
     2  22.4080   0.0327  -0.9570  12.4590   0.5422   7.2917   0.0481   0.5841   0.5841   0.0390   0.0000  -0.0587  -0.2050    0.351
     3  22.4080   0.0907  -0.9570  12.4590   0.9028   7.2920   0.0481   0.5841   0.5841   0.0388   0.0000  -0.0588  -0.2051    0.351
     4  22.4080   0.1775  -0.9570  12.4590   1.2619   7.2933   0.0481   0.5842   0.5842   0.0386   0.0000  -0.0588  -0.2052    0.351
     5  22.4080   0.2932  -0.9570  12.4590   1.6191   7.2962   0.0480   0.5845   0.5845   0.0384   0.0000  -0.0590  -0.2054    0.351
     6  22.4080   0.4374  -0.9570  12.4590   1.9739   7.3020   0.0479   0.5850   0.5850   0.0382   0.0000  -0.0594  -0.2059    0.352
     7  22.4080   0.6100  -0.9570  12.4590   2.3255   7.3122   0.0477   0.5858   0.5858   0.0381   0.0000  -0.0601  -0.2068    0.353
     8  22.4080   0.8106  -0.9570  12.4590   2.6736   7.3286   0.0474   0.5871   0.5871   0.0381   0.0000  -0.0611  -0.2082    0.354
     9  22.4080   1.0391  -0.9570  12.4590   3.0176   7.3541   0.0469   0.5892   0.5892   0.0384   0.0000  -0.0627  -0.2102    0.356
    10  22.4080   1.2949  -0.9570  12.4590   3.3569   7.3922   0.0458   0.5922   0.5922   0.0389   0.0000  -0.0650  -0.2133    0.360
    11  22.4080   1.5778  -0.9570  12.4590   3.6910   7.4491   0.0438   0.5967   0.5967   0.0397   0.0000  -0.0682  -0.2177    0.364
    12  22.4080   1.8873  -0.9570  12.4590   4.0195   7.5351   0.0405   0.6035   0.6035   0.0413   0.0000  -0.0729  -0.2240    0.371
    13  22.4080   2.2230  -0.9570  12.4590   4.3417   7.6735   0.0357   0.6143   0.6143   0.0447   0.0000  -0.0797  -0.2337    0.380
    14  22.4080   2.5842  -0.9570  12.4590   4.6573   7.9629   0.0291   0.6361   0.6361   0.0628   0.0000  -0.0911  -0.2509    0.393
    15  22.4974   2.9170  -0.9395  12.3826   3.6189   8.5425   0.4448   0.8518   0.6812   0.1291   0.0000  -0.1138  -0.2454    0.417
    16  22.6846   3.2159  -0.9028  12.2227   3.7885   8.6083   0.4419   0.8719   0.6973   0.1111   0.0000  -0.1196  -0.2534    0.422
    17  22.8826   3.5322  -0.8639  12.0536   3.9437   8.5788   0.4405   0.8818   0.7052   0.1058   0.0000  -0.1192  -0.2547    0.419
    18  23.0912   3.8653  -0.8230  11.8754   4.0839   8.3575   0.4411   0.8728   0.6980   0.0966   0.0000  -0.1109  -0.2459    0.409
    19  23.3498   4.2783  -0.7723  11.6545   5.7066   7.6446   0.0238   0.8194   0.6553   0.0355   0.0000  -0.0823  -0.2115    0.376
    20  23.6607   4.7750  -0.7113  11.3888   5.8186   7.2918   0.0260   0.8000   0.6398   0.0328   0.0000  -0.0686  -0.1965    0.357
    21  23.9847   5.2923  -0.6478  11.1120   5.9047   7.0364   0.0281   0.7915   0.6330   0.0301   0.0000  -0.0590  -0.1869    0.343
    22  24.3210   5.8296  -0.5818  10.8247   5.9646   6.8284   0.0298   0.7887   0.6308   0.0275   0.0000  -0.0518  -0.1803    0.332
    23  24.6694   6.3859  -0.5135  10.5270   5.9985   6.6480   0.0309   0.7899   0.6317   0.0251   0.0000  -0.0460  -0.1756    0.323
    24  25.0291   6.9605  -0.4430  10.2197   6.0065   6.4849   0.0313   0.7939   0.6350   0.0229   0.0000  -0.0414  -0.1724    0.315
    25  25.3998   7.5524  -0.3703   9.9031   5.9889   6.3331   0.0308   0.8004   0.6401   0.0207   0.0000  -0.0377  -0.1703    0.309
    26  25.7806   8.1608  -0.2956   9.5777   5.9462   6.1887   0.0292   0.8090   0.6470   0.0187   0.0000  -0.0347  -0.1692    0.304
    27  26.1712   8.7846  -0.2190   9.2440   5.8788   6.0494   0.0262   0.8195   0.6554   0.0166   0.0000  -0.0324  -0.1691    0.299
    28  26.5709   9.4230  -0.1406   8.9025   5.7875   5.9131   0.0210   0.8320   0.6654   0.0148   0.0000  -0.0307  -0.1697    0.296
    29  26.9647  10.0557  -0.0738   8.6530   5.3824   5.7836   0.0170   0.8814   0.6698   0.0130   0.0000  -0.0274  -0.1675    0.291
    30  27.3514  10.6811  -0.0191   8.4988   5.3831   5.6847   0.0188   0.8823   0.6704   0.0113   0.0000  -0.0249  -0.1655    0.287
    31  27.7448  11.3174   0.0366   8.3420   5.3704   5.5891   0.0197   0.8839   0.6717   0.0098   0.0000  -0.0230  -0.1641    0.284
    32  28.1443  11.9635   0.0931   8.1827   5.3448   5.4954   0.0205   0.8862   0.6734   0.0083   0.0000  -0.0215  -0.1632    0.282
    33  28.5492  12.6185   0.1504   8.0213   5.3066   5.4024   0.0212   0.8889   0.6755   0.0071   0.0000  -0.0204  -0.1626    0.280
    34  28.9591  13.2814   0.2084   7.8579   5.2564   5.3091   0.0220   0.8918   0.6777   0.0059   0.0000  -0.0195  -0.1624    0.279
    35  29.3731  13.9510   0.2670   7.6928   5.1948   5.2152   0.0226   0.8950   0.6801   0.0048   0.0000  -0.0189  -0.1623    0.278
    36  29.7907  14.6265   0.3261   7.5263   5.1222   5.1202   0.0232   0.8982   0.6826   0.0038   0.0000  -0.0184  -0.1625    0.277
    37  30.2113  15.3067   0.3856   7.3587   5.0393   5.0237   0.0236   0.9015   0.6850   0.0029   0.0000  -0.0182  -0.1628    0.277
    38  30.6342  15.9907   0.4454   7.1901   4.9468   4.9256   0.0238   0.9047   0.6875   0.0020   0.0000  -0.0180  -0.1632    0.276
    39  31.0587  16.6772   0.5055   7.0209   4.8453   4.8255   0.0239   0.9078   0.6898   0.0012   0.0000  -0.0181  -0.1637    0.276
    40  31.4842  17.3654   0.5657   6.8512   4.7356   4.7236   0.0238   0.9107   0.6920   0.0005   0.0000  -0.0182  -0.1643    0.276
    41  31.9100  18.0541   0.6259   6.6815   4.6182   4.6197   0.0236   0.9134   0.6941  -0.0002   0.0000  -0.0186  -0.1650    0.277
    42  32.3355  18.7423   0.6861   6.5119   4.4941   4.5139   0.0231   0.9157   0.6959  -0.0007   0.0000  -0.0193  -0.1660    0.278
    43  32.7600  19.4289   0.7462   6.3426   4.3638   4.4065   0.0226   0.9179   0.6975  -0.0011   0.0000  -0.0203  -0.1672    0.279
    44  33.1829  20.1128   0.8060   6.1740   4.2281   4.2979   0.0219   0.9197   0.6989  -0.0012   0.0000  -0.0220  -0.1689    0.282
    45  33.6034  20.7930   0.8655   6.0064   4.0877   4.1887   0.0211   0.9213   0.7001  -0.0007   0.0000  -0.0248  -0.1715    0.285
    46  34.0211  21.4685   0.9246   5.8399   3.9435   4.0795   0.0204   0.9226   0.7011   0.0013   0.0000  -0.0292  -0.1755    0.292
    47  34.4351  22.1382   0.9832   5.6748   3.7961   3.9714   0.0196   0.9234   0.7017   0.0087   0.0000  -0.0371  -0.1825    0.303
    48  34.7955  22.7210   1.0342   5.5312   2.7734   3.8738   0.0192   0.9283   0.7055  -0.0279   0.0000  -0.0591  -0.2012    0.334
    49  35.1476  23.2905   1.0840   5.3908   3.4568   3.7780   0.0189   0.9278   0.7051  -0.0179   0.0000  -0.0663  -0.2075    0.344
    50  35.5398  23.9248   1.1395   5.2344   3.3083   3.6751   0.0187   0.9291   0.7060  -0.0144   0.0000  -0.0696  -0.2105    0.349
    51  35.9260  24.5495   1.1942   5.0805   3.1592   3.5727   0.0187   0.9304   0.7070  -0.0128   0.0000  -0.0712  -0.2121    0.351
    52  36.3056  25.1635   1.2479   4.9291   3.0101   3.4714   0.0188   0.9317   0.7080  -0.0121   0.0000  -0.0721  -0.2131    0.352
    53  36.6781  25.7659   1.3006   4.7806   2.8615   3.3713   0.0190   0.9329   0.7089  -0.0118   0.0000  -0.0725  -0.2137    0.352
    54  37.0428  26.3559   1.3522   4.6352   2.7141   3.2723   0.0194   0.9339   0.7097  -0.0117   0.0000  -0.0727  -0.2140    0.352
    55  37.3992  26.9323   1.4027   4.4931   2.5684   3.1742   0.0200   0.9346   0.7102  -0.0117   0.0000  -0.0727  -0.2141    0.352
    56  37.7468  27.4945   1.4518   4.3545   2.4247   3.0771   0.0208   0.9348   0.7104  -0.0119   0.0000  -0.0725  -0.2140    0.352
    57  38.0850  28.0415   1.4997   4.2197   2.2835   2.9806   0.0217   0.9344   0.7101  -0.0120   0.0000  -0.0722  -0.2136    0.352
    58  38.4133  28.5725   1.5461   4.0888   2.1452   2.8846   0.0229   0.9333   0.7092  -0.0122   0.0000  -0.0717  -0.2130    0.351
    59  38.7312  29.0866   1.5911   3.9621   2.0101   2.7887   0.0243   0.9312   0.7076  -0.0124   0.0000  -0.0711  -0.2122    0.350
    60  39.0382  29.5831   1.6346   3.8397   1.8786   2.6926   0.0259   0.9278   0.7050  -0.0126   0.0000  -0.0702  -0.2109    0.350
    61  39.3338  30.0612   1.6764   3.7219   1.7508   2.5957   0.0278   0.9227   0.7012  -0.0129   0.0000  -0.0692  -0.2092    0.349
    62  39.6175  30.5202   1.7165   3.6087   1.6269   2.4976   0.0299   0.9157   0.6959  -0.0131   0.0000  -0.0679  -0.2070    0.348
    63  39.8890  30.9593   1.7550   3.5005   1.5072   2.3976   0.0322   0.9063   0.6887  -0.0133   0.0000  -0.0664  -0.2041    0.346
    64  40.1478  31.3779   1.7916   3.3973   1.3917   2.2949   0.0346   0.8939   0.6793  -0.0134   0.0000  -0.0645  -0.2005    0.345
    65  40.3935  31.7753   1.8263   3.2994   1.2804   2.1888   0.0370   0.8779   0.6671  -0.0135   0.0000  -0.0624  -0.1961    0.344
    66  40.6258  32.1509   1.8592   3.2068   1.1734   2.0787   0.0391   0.8578   0.6519  -0.0135   0.0000  -0.0602  -0.1909    0.342
    67  40.8442  32.5042   1.8901   3.1197   1.0707   1.9640   0.0407   0.8331   0.6331  -0.0134   0.0000  -0.0580  -0.1850    0.342
    68  41.0485  32.8346   1.9190   3.0383   0.9721   1.8445   0.0416   0.8034   0.6106  -0.0131   0.0000  -0.0562  -0.1787    0.342
    69  41.2438  33.1504   1.9467   2.9604   0.9286   1.7181   0.0417   0.7681   0.5837  -0.0130   0.0000  -0.0554  -0.1723    0.345
    70  41.4291  33.4502   1.9729   2.8866   0.8314   1.5839   0.0391   0.7269   0.5524  -0.0180   0.0000  -0.0562  -0.1661    0.352
    71  41.8199  33.7262   1.9971   2.6622   0.7082   1.4437   0.0350   2.4792   0.5441   0.0037   0.0000  -0.0363  -0.0729    0.317
    72  42.3833  33.9779   2.0191   2.3104   0.5525   1.3149   0.0435   2.6134   0.5735  -0.0252   0.0000  -0.0260  -0.0716    0.295
    73  42.8863  34.2026   2.0388   1.9964   0.4230   1.1849   0.0530   2.7321   0.5996  -0.0426   0.0000  -0.0181  -0.0711    0.280
    74  43.3282  34.4000   2.0560   1.7205   0.3171   1.0506   0.0639   2.8168   0.6182  -0.0586   0.0000  -0.0089  -0.0692    0.264
    75  43.7082  34.5698   2.0709   1.4833   0.2320   0.9090   0.0746   2.8335   0.6218  -0.0751   0.0000   0.0042  -0.0642    0.243
    76  44.0258  34.7116   2.0833   1.2850   0.1649   0.7584   0.0831   2.7369   0.6006  -0.0922   0.0000   0.0213  -0.0549    0.215
    77  44.2804  34.8254   2.0932   1.1261   0.1126   0.5992   0.0890   2.4780   0.5438  -0.1083   0.0000   0.0390  -0.0416    0.178
    78  44.4718  34.9108   2.1007   1.0066   0.0720   0.4330   0.0926   2.0158   0.4424  -0.1190   0.0000   0.0494  -0.0264    0.138
    79  44.5995  34.9679   2.1057   0.9269   0.0398   0.2618   0.0950   1.3381   0.2937  -0.1138   0.0000   0.0432  -0.0130    0.103
    80  44.6634  34.9964   2.1082   0.8870   0.0127   0.0876   0.0963   0.4809   0.1055  -0.0718   0.0000   0.0173  -0.0037    0.086

  Surface # 2     main_wing (YDUP)                        
     # Chordwise = 10   # Spanwise = 80     First strip = 81
     Surface area Ssurf =  250.220919     Ave. chord Cave =    7.118898

 Forces referred to Sref, Cref, Bref about Xref, Yref, Zref
 Standard axis orientation,  X fwd, Z down         
     CLsurf  =   0.33823     Clsurf  =   0.06514
     CYsurf  =   0.02155     Cmsurf  =  -0.08321
     CDsurf  =   0.00867     Cnsurf  =   0.00572
     CDisurf =   0.00867     CDvsurf =   0.00000

 Forces referred to Ssurf, Cave 
     CLsurf  =   0.66434     CDsurf  =   0.01700

 Strip Forces referred to Strip Area, Chord
    j     Xle      Yle      Zle      Chord    Area     c_cl     ai     cl_norm    cl       cd       cdv    cm_c/4     cm_LE   C.P.x/c
    81  22.4080  -0.0036  -0.9570  12.4590   0.1808   7.2916   0.0481   0.5841   0.5841   0.0391   0.0000  -0.0587   0.2050    0.351
    82  22.4080  -0.0327  -0.9570  12.4590   0.5422   7.2917   0.0481   0.5841   0.5841   0.0390   0.0000  -0.0587   0.2050    0.351
    83  22.4080  -0.0907  -0.9570  12.4590   0.9028   7.2920   0.0481   0.5841   0.5841   0.0388   0.0000  -0.0588   0.2051    0.351
    84  22.4080  -0.1775  -0.9570  12.4590   1.2619   7.2933   0.0481   0.5842   0.5842   0.0386   0.0000  -0.0588   0.2052    0.351
    85  22.4080  -0.2932  -0.9570  12.4590   1.6191   7.2962   0.0480   0.5845   0.5845   0.0384   0.0000  -0.0590   0.2054    0.351
    86  22.4080  -0.4374  -0.9570  12.4590   1.9739   7.3020   0.0479   0.5850   0.5850   0.0382   0.0000  -0.0594   0.2059    0.352
    87  22.4080  -0.6100  -0.9570  12.4590   2.3255   7.3122   0.0477   0.5858   0.5858   0.0381   0.0000  -0.0601   0.2068    0.353
    88  22.4080  -0.8106  -0.9570  12.4590   2.6736   7.3286   0.0474   0.5871   0.5871   0.0381   0.0000  -0.0611   0.2082    0.354
    89  22.4080  -1.0391  -0.9570  12.4590   3.0176   7.3541   0.0469   0.5892   0.5892   0.0384   0.0000  -0.0627   0.2102    0.356
    90  22.4080  -1.2949  -0.9570  12.4590   3.3569   7.3922   0.0458   0.5922   0.5922   0.0389   0.0000  -0.0650   0.2133    0.360
    91  22.4080  -1.5778  -0.9570  12.4590   3.6910   7.4491   0.0438   0.5967   0.5967   0.0397   0.0000  -0.0682   0.2177    0.364
    92  22.4080  -1.8873  -0.9570  12.4590   4.0195   7.5351   0.0405   0.6035   0.6035   0.0413   0.0000  -0.0729   0.2240    0.371
    93  22.4080  -2.2230  -0.9570  12.4590   4.3417   7.6735   0.0357   0.6143   0.6143   0.0447   0.0000  -0.0797   0.2337    0.380
    94  22.4080  -2.5842  -0.9570  12.4590   4.6573   7.9629   0.0291   0.6361   0.6361   0.0628   0.0000  -0.0911   0.2509    0.393
    95  22.4974  -2.9170  -0.9395  12.3826   3.6189   8.5425   0.4448   0.8518   0.6812   0.1291   0.0000  -0.1138   0.2454    0.417
    96  22.6846  -3.2159  -0.9028  12.2227   3.7885   8.6083   0.4419   0.8719   0.6973   0.1111   0.0000  -0.1196   0.2534    0.422
    97  22.8826  -3.5322  -0.8639  12.0536   3.9437   8.5788   0.4405   0.8818   0.7052   0.1058   0.0000  -0.1192   0.2547    0.419
    98  23.0912  -3.8653  -0.8230  11.8754   4.0839   8.3575   0.4411   0.8728   0.6980   0.0966   0.0000  -0.1109   0.2459    0.409
    99  23.3498  -4.2783  -0.7723  11.6545   5.7066   7.6446   0.0238   0.8194   0.6553   0.0355   0.0000  -0.0823   0.2115    0.376
   100  23.6607  -4.7750  -0.7113  11.3888   5.8186   7.2918   0.0260   0.8000   0.6398   0.0328   0.0000  -0.0686   0.1965    0.357
   101  23.9847  -5.2923  -0.6478  11.1120   5.9047   7.0364   0.0281   0.7915   0.6330   0.0301   0.0000  -0.0590   0.1869    0.343
   102  24.3210  -5.8296  -0.5818  10.8247   5.9646   6.8284   0.0298   0.7887   0.6308   0.0275   0.0000  -0.0518   0.1803    0.332
   103  24.6694  -6.3859  -0.5135  10.5270   5.9985   6.6480   0.0309   0.7899   0.6317   0.0251   0.0000  -0.0460   0.1756    0.323
   104  25.0291  -6.9605  -0.4430  10.2197   6.0065   6.4849   0.0313   0.7939   0.6350   0.0229   0.0000  -0.0414   0.1724    0.315
   105  25.3998  -7.5524  -0.3703   9.9031   5.9889   6.3331   0.0308   0.8004   0.6401   0.0207   0.0000  -0.0377   0.1703    0.309
   106  25.7806  -8.1608  -0.2956   9.5777   5.9462   6.1887   0.0292   0.8090   0.6470   0.0187   0.0000  -0.0347   0.1692    0.304
   107  26.1712  -8.7846  -0.2190   9.2440   5.8788   6.0494   0.0262   0.8195   0.6554   0.0166   0.0000  -0.0324   0.1691    0.299
   108  26.5709  -9.4230  -0.1406   8.9025   5.7875   5.9131   0.0210   0.8320   0.6654   0.0148   0.0000  -0.0307   0.1697    0.296
   109  26.9647 -10.0557  -0.0738   8.6530   5.3824   5.7836   0.0170   0.8814   0.6698   0.0130   0.0000  -0.0274   0.1675    0.291
   110  27.3514 -10.6811  -0.0191   8.4988   5.3831   5.6847   0.0188   0.8823   0.6704   0.0113   0.0000  -0.0249   0.1655    0.287
   111  27.7448 -11.3174   0.0366   8.3420   5.3704   5.5891   0.0197   0.8839   0.6717   0.0098   0.0000  -0.0230   0.1641    0.284
   112  28.1443 -11.9635   0.0931   8.1827   5.3448   5.4954   0.0205   0.8862   0.6734   0.0083   0.0000  -0.0215   0.1632    0.282
   113  28.5492 -12.6185   0.1504   8.0213   5.3066   5.4024   0.0212   0.8889   0.6755   0.0071   0.0000  -0.0204   0.1626    0.280
   114  28.9591 -13.2814   0.2084   7.8579   5.2564   5.3091   0.0220   0.8918   0.6777   0.0059   0.0000  -0.0195   0.1624    0.279
   115  29.3731 -13.9510   0.2670   7.6928   5.1948   5.2152   0.0226   0.8950   0.6801   0.0048   0.0000  -0.0189   0.1623    0.278
   116  29.7907 -14.6265   0.3261   7.5263   5.1222   5.1202   0.0232   0.8982   0.6826   0.0038   0.0000  -0.0184   0.1625    0.277
   117  30.2113 -15.3067   0.3856   7.3587   5.0393   5.0237   0.0236   0.9015   0.6850   0.0029   0.0000  -0.0182   0.1628    0.277
   118  30.6342 -15.9907   0.4454   7.1901   4.9468   4.9256   0.0238   0.9047   0.6875   0.0020   0.0000  -0.0180   0.1632    0.276
   119  31.0587 -16.6772   0.5055   7.0209   4.8453   4.8255   0.0239   0.9078   0.6898   0.0012   0.0000  -0.0181   0.1637    0.276
   120  31.4842 -17.3654   0.5657   6.8512   4.7356   4.7236   0.0238   0.9107   0.6920   0.0005   0.0000  -0.0182   0.1643    0.276
   121  31.9100 -18.0541   0.6259   6.6815   4.6182   4.6197   0.0236   0.9134   0.6941  -0.0002   0.0000  -0.0186   0.1650    0.277
   122  32.3355 -18.7423   0.6861   6.5119   4.4941   4.5139   0.0231   0.9157   0.6959  -0.0007   0.0000  -0.0193   0.1660    0.278
   123  32.7600 -19.4289   0.7462   6.3426   4.3638   4.4065   0.0226   0.9179   0.6975  -0.0011   0.0000  -0.0203   0.1672    0.279
   124  33.1829 -20.1128   0.8060   6.1740   4.2281   4.2979   0.0219   0.9197   0.6989  -0.0012   0.0000  -0.0220   0.1689    0.282
   125  33.6034 -20.7930   0.8655   6.0064   4.0877   4.1887   0.0211   0.9213   0.7001  -0.0007   0.0000  -0.0248   0.1715    0.285
   126  34.0211 -21.4685   0.9246   5.8399   3.9435   4.0795   0.0204   0.9226   0.7011   0.0013   0.0000  -0.0292   0.1755    0.292
   127  34.4351 -22.1382   0.9832   5.6748   3.7961   3.9714   0.0196   0.9234   0.7017   0.0087   0.0000  -0.0371   0.1825    0.303
   128  34.7955 -22.7210   1.0342   5.5312   2.7734   3.8738   0.0192   0.9283   0.7055  -0.0279   0.0000  -0.0591   0.2012    0.334
   129  35.1476 -23.2905   1.0840   5.3908   3.4568   3.7780   0.0189   0.9278   0.7051  -0.0179   0.0000  -0.0663   0.2075    0.344
   130  35.5398 -23.9248   1.1395   5.2344   3.3083   3.6751   0.0187   0.9291   0.7060  -0.0144   0.0000  -0.0696   0.2105    0.349
   131  35.9260 -24.5495   1.1942   5.0805   3.1592   3.5727   0.0187   0.9304   0.7070  -0.0128   0.0000  -0.0712   0.2121    0.351
   132  36.3056 -25.1635   1.2479   4.9291   3.0101   3.4714   0.0188   0.9317   0.7080  -0.0121   0.0000  -0.0721   0.2131    0.352
   133  36.6781 -25.7659   1.3006   4.7806   2.8615   3.3713   0.0190   0.9329   0.7089  -0.0118   0.0000  -0.0725   0.2137    0.352
   134  37.0428 -26.3559   1.3522   4.6352   2.7141   3.2723   0.0194   0.9339   0.7097  -0.0117   0.0000  -0.0727   0.2140    0.352
   135  37.3992 -26.9323   1.4027   4.4931   2.5684   3.1742   0.0200   0.9346   0.7102  -0.0117   0.0000  -0.0727   0.2141    0.352
   136  37.7468 -27.4945   1.4518   4.3545   2.4247   3.0771   0.0208   0.9348   0.7104  -0.0119   0.0000  -0.0725   0.2140    0.352
   137  38.0850 -28.0415   1.4997   4.2197   2.2835   2.9806   0.0217   0.9344   0.7101  -0.0120   0.0000  -0.0722   0.2136    0.352
   138  38.4133 -28.5725   1.5461   4.0888   2.1452   2.8846   0.0229   0.9333   0.7092  -0.0122   0.0000  -0.0717   0.2130    0.351
   139  38.7312 -29.0866   1.5911   3.9621   2.0101   2.7887   0.0243   0.9312   0.7076  -0.0124   0.0000  -0.0711   0.2122    0.350
   140  39.0382 -29.5831   1.6346   3.8397   1.8786   2.6926   0.0259   0.9278   0.7050  -0.0126   0.0000  -0.0702   0.2109    0.350
   141  39.3338 -30.0612   1.6764   3.7219   1.7508   2.5957   0.0278   0.9227   0.7012  -0.0129   0.0000  -0.0692   0.2092    0.349
   142  39.6175 -30.5202   1.7165   3.6087   1.6269   2.4976   0.0299   0.9157   0.6959  -0.0131   0.0000  -0.0679   0.2070    0.348
   143  39.8890 -30.9593   1.7550   3.5005   1.5072   2.3976   0.0322   0.9063   0.6887  -0.0133   0.0000  -0.0664   0.2041    0.346
   144  40.1478 -31.3779   1.7916   3.3973   1.3917   2.2949   0.0346   0.8939   0.6793  -0.0134   0.0000  -0.0645   0.2005    0.345
   145  40.3935 -31.7753   1.8263   3.2994   1.2804   2.1888   0.0370   0.8779   0.6671  -0.0135   0.0000  -0.0624   0.1961    0.344
   146  40.6258 -32.1509   1.8592   3.2068   1.1734   2.0787   0.0391   0.8578   0.6519  -0.0135   0.0000  -0.0602   0.1909    0.342
   147  40.8442 -32.5042   1.8901   3.1197   1.0707   1.9640   0.0407   0.8331   0.6331  -0.0134   0.0000  -0.0580   0.1850    0.342
   148  41.0485 -32.8346   1.9190   3.0383   0.9721   1.8445   0.0416   0.8034   0.6106  -0.0131   0.0000  -0.0562   0.1787    0.342
   149  41.2438 -33.1504   1.9467   2.9604   0.9286   1.7181   0.0417   0.7681   0.5837  -0.0130   0.0000  -0.0554   0.1723    0.345
   150  41.4291 -33.4502   1.9729   2.8866   0.8314   1.5839   0.0391   0.7269   0.5524  -0.0180   0.0000  -0.0562   0.1661    0.352
   151  41.8199 -33.7262   1.9971   2.6622   0.7082   1.4437   0.0350   2.4792   0.5441   0.0037   0.0000  -0.0363   0.0729    0.317
   152  42.3833 -33.9779   2.0191   2.3104   0.5525   1.3149   0.0435   2.6134   0.5735  -0.0252   0.0000  -0.0260   0.0716    0.295
   153  42.8863 -34.2026   2.0388   1.9964   0.4230   1.1849   0.0530   2.7321   0.5996  -0.0426   0.0000  -0.0181   0.0711    0.280
   154  43.3282 -34.4000   2.0560   1.7205   0.3171   1.0506   0.0639   2.8168   0.6182  -0.0586   0.0000  -0.0089   0.0692    0.264
   155  43.7082 -34.5698   2.0709   1.4833   0.2320   0.9090   0.0746   2.8335   0.6218  -0.0751   0.0000   0.0042   0.0642    0.243
   156  44.0258 -34.7116   2.0833   1.2850   0.1649   0.7584   0.0831   2.7369   0.6006  -0.0922   0.0000   0.0213   0.0549    0.215
   157  44.2804 -34.8254   2.0932   1.1261   0.1126   0.5992   0.0890   2.4780   0.5438  -0.1083   0.0000   0.0390   0.0416    0.178
   158  44.4718 -34.9108   2.1007   1.0066   0.0720   0.4330   0.0926   2.0158   0.4424  -0.1190   0.0000   0.0494   0.0264    0.138
   159  44.5995 -34.9679   2.1057   0.9269   0.0398   0.2618   0.0950   1.3381   0.2937  -0.1138   0.0000   0.0432   0.0130    0.103
   160  44.6634 -34.9964   2.1082   0.8870   0.0127   0.0876   0.0963   0.4809   0.1055  -0.0718   0.0000   0.0173   0.0037    0.086

  Surface # 3     horizontal_stabilizer                   
     # Chordwise = 10   # Spanwise = 80     First strip =161
     Surface area Ssurf =   33.045257     Ave. chord Cave =    3.385457

 Forces referred to Sref, Cref, Bref about Xref, Yref, Zref
 Standard axis orientation,  X fwd, Z down         
     CLsurf  =   0.00862     Clsurf  =  -0.00060
     CYsurf  =  -0.00098     Cmsurf  =  -0.03006
     CDsurf  =   0.00058     Cnsurf  =   0.00038
     CDisurf =   0.00058     CDvsurf =   0.00000

 Forces referred to Ssurf, Cave 
     CLsurf  =   0.12874     CDsurf  =   0.00857

 Strip Forces referred to Strip Area, Chord
    j     Xle      Yle      Zle      Chord    Area     c_cl     ai     cl_norm    cl       cd       cdv    cm_c/4     cm_LE   C.P.x/c
   161  55.3376   0.0009   2.0821   4.5668   0.0172   0.6458   0.0871   0.1720   0.1278   0.1615   0.0000  -0.0093  -0.0380    0.322
   162  55.3424   0.0084   2.0829   4.5649   0.0516   0.4862   0.0873   0.1410   0.1048   0.0240   0.0000  -0.0082  -0.0297    0.329
   163  55.3520   0.0234   2.0846   4.5613   0.0858   0.4735   0.0876   0.1387   0.1031   0.0131   0.0000  -0.0081  -0.0291    0.329
   164  55.3664   0.0458   2.0871   4.5558   0.1198   0.4701   0.0880   0.1382   0.1027   0.0103   0.0000  -0.0081  -0.0289    0.329
   165  55.3856   0.0757   2.0904   4.5486   0.1535   0.4689   0.0884   0.1382   0.1027   0.0092   0.0000  -0.0080  -0.0288    0.327
   166  55.4095   0.1129   2.0945   4.5395   0.1868   0.4683   0.0887   0.1383   0.1028   0.0087   0.0000  -0.0078  -0.0287    0.326
   167  55.4381   0.1574   2.0994   4.5286   0.2195   0.4682   0.0890   0.1386   0.1030   0.0085   0.0000  -0.0076  -0.0285    0.324
   168  55.4714   0.2092   2.1051   4.5160   0.2516   0.4682   0.0893   0.1391   0.1033   0.0083   0.0000  -0.0073  -0.0284    0.321
   169  55.5092   0.2682   2.1116   4.5017   0.2831   0.4683   0.0896   0.1396   0.1037   0.0083   0.0000  -0.0071  -0.0282    0.318
   170  55.5516   0.3342   2.1189   4.4856   0.3138   0.4685   0.0899   0.1401   0.1041   0.0082   0.0000  -0.0067  -0.0281    0.315
   171  55.5985   0.4072   2.1270   4.4678   0.3437   0.4688   0.0902   0.1408   0.1046   0.0082   0.0000  -0.0064  -0.0279    0.311
   172  55.6498   0.4871   2.1358   4.4483   0.3727   0.4690   0.0904   0.1415   0.1051   0.0082   0.0000  -0.0060  -0.0277    0.308
   173  55.7054   0.5738   2.1453   4.4272   0.4006   0.4692   0.0907   0.1422   0.1057   0.0082   0.0000  -0.0057  -0.0275    0.304
   174  55.7653   0.6670   2.1556   4.4045   0.4275   0.4695   0.0909   0.1430   0.1063   0.0082   0.0000  -0.0053  -0.0273    0.300
   175  55.8293   0.7667   2.1666   4.3802   0.4533   0.4696   0.0911   0.1439   0.1069   0.0082   0.0000  -0.0050  -0.0272    0.297
   176  55.8974   0.8727   2.1783   4.3544   0.4779   0.4697   0.0914   0.1448   0.1076   0.0081   0.0000  -0.0047  -0.0271    0.293
   177  55.9694   0.9848   2.1907   4.3271   0.5013   0.4697   0.0916   0.1457   0.1083   0.0081   0.0000  -0.0043  -0.0269    0.290
   178  56.0453   1.1030   2.2037   4.2983   0.5234   0.4697   0.0917   0.1467   0.1090   0.0081   0.0000  -0.0040  -0.0268    0.287
   179  56.1250   1.2271   2.2174   4.2681   0.5461   0.4695   0.0919   0.1476   0.1097   0.0081   0.0000  -0.0038  -0.0268    0.284
   180  56.2084   1.3570   2.2318   4.2364   0.5656   0.4693   0.0920   0.1487   0.1105   0.0082   0.0000  -0.0035  -0.0267    0.282
   181  56.2954   1.4924   2.2467   4.2035   0.5837   0.4690   0.0921   0.1497   0.1113   0.0082   0.0000  -0.0033  -0.0267    0.279
   182  56.3856   1.6330   2.2623   4.1692   0.6003   0.4686   0.0921   0.1508   0.1121   0.0082   0.0000  -0.0030  -0.0267    0.277
   183  56.4791   1.7786   2.2783   4.1338   0.6155   0.4681   0.0921   0.1520   0.1129   0.0082   0.0000  -0.0028  -0.0267    0.275
   184  56.5757   1.9290   2.2949   4.0971   0.6292   0.4675   0.0920   0.1532   0.1138   0.0082   0.0000  -0.0027  -0.0267    0.273
   185  56.6751   2.0839   2.3120   4.0594   0.6415   0.4670   0.0918   0.1544   0.1147   0.0083   0.0000  -0.0025  -0.0268    0.272
   186  56.7773   2.2430   2.3296   4.0206   0.6523   0.4664   0.0915   0.1557   0.1157   0.0083   0.0000  -0.0023  -0.0269    0.270
   187  56.8822   2.4063   2.3476   3.9809   0.6615   0.4658   0.0911   0.1571   0.1167   0.0083   0.0000  -0.0022  -0.0270    0.269
   188  56.9894   2.5733   2.3661   3.9402   0.6693   0.4653   0.0905   0.1585   0.1178   0.0084   0.0000  -0.0021  -0.0271    0.268
   189  57.0990   2.7439   2.3849   3.8986   0.6757   0.4648   0.0899   0.1601   0.1189   0.0084   0.0000  -0.0020  -0.0272    0.267
   190  57.2106   2.9178   2.4041   3.8563   0.6805   0.4645   0.0891   0.1617   0.1202   0.0085   0.0000  -0.0019  -0.0274    0.266
   191  57.3242   3.0947   2.4236   3.8132   0.6840   0.4643   0.0882   0.1635   0.1215   0.0085   0.0000  -0.0018  -0.0276    0.265
   192  57.4395   3.2743   2.4435   3.7695   0.6860   0.4642   0.0872   0.1653   0.1229   0.0086   0.0000  -0.0017  -0.0279    0.264
   193  57.5564   3.4564   2.4636   3.7251   0.6866   0.4643   0.0860   0.1673   0.1244   0.0087   0.0000  -0.0016  -0.0281    0.263
   194  57.6748   3.6407   2.4839   3.6802   0.6859   0.4646   0.0848   0.1695   0.1260   0.0087   0.0000  -0.0015  -0.0284    0.262
   195  57.7943   3.8268   2.5045   3.6349   0.6839   0.4651   0.0835   0.1718   0.1277   0.0088   0.0000  -0.0014  -0.0286    0.261
   196  57.9149   4.0146   2.5252   3.5892   0.6806   0.4657   0.0821   0.1742   0.1295   0.0089   0.0000  -0.0013  -0.0289    0.260
   197  58.0363   4.2037   2.5461   3.5431   0.6760   0.4664   0.0806   0.1768   0.1314   0.0090   0.0000  -0.0012  -0.0293    0.259
   198  58.1584   4.3938   2.5671   3.4968   0.6703   0.4673   0.0792   0.1795   0.1334   0.0090   0.0000  -0.0011  -0.0296    0.258
   199  58.2809   4.5847   2.5881   3.4503   0.6635   0.4682   0.0778   0.1822   0.1354   0.0091   0.0000  -0.0009  -0.0299    0.257
   200  58.4038   4.7760   2.6093   3.4037   0.6555   0.4692   0.0764   0.1851   0.1376   0.0092   0.0000  -0.0008  -0.0302    0.256
   201  58.5267   4.9675   2.6304   3.3571   0.6465   0.4701   0.0751   0.1880   0.1397   0.0093   0.0000  -0.0006  -0.0306    0.255
   202  58.6496   5.1588   2.6515   3.3105   0.6366   0.4709   0.0738   0.1910   0.1420   0.0093   0.0000  -0.0005  -0.0309    0.253
   203  58.7721   5.3497   2.6726   3.2640   0.6257   0.4715   0.0726   0.1940   0.1442   0.0094   0.0000  -0.0003  -0.0312    0.252
   204  58.8942   5.5398   2.6936   3.2177   0.6140   0.4719   0.0716   0.1970   0.1464   0.0095   0.0000  -0.0001  -0.0315    0.250
   205  59.0156   5.7289   2.7145   3.1716   0.6014   0.4720   0.0706   0.1999   0.1486   0.0095   0.0000   0.0002  -0.0318    0.249
   206  59.1362   5.9167   2.7352   3.1259   0.5881   0.4717   0.0698   0.2027   0.1507   0.0096   0.0000   0.0004  -0.0320    0.247
   207  59.2558   6.1028   2.7557   3.0806   0.5742   0.4711   0.0691   0.2054   0.1527   0.0096   0.0000   0.0007  -0.0322    0.245
   208  59.3741   6.2871   2.7761   3.0357   0.5596   0.4699   0.0685   0.2080   0.1545   0.0096   0.0000   0.0010  -0.0324    0.244
   209  59.4910   6.4692   2.7962   2.9913   0.5444   0.4682   0.0679   0.2103   0.1563   0.0096   0.0000   0.0013  -0.0325    0.242
   210  59.6063   6.6488   2.8160   2.9476   0.5287   0.4659   0.0675   0.2124   0.1578   0.0096   0.0000   0.0017  -0.0325    0.239
   211  59.7199   6.8257   2.8355   2.9045   0.5126   0.4629   0.0672   0.2142   0.1591   0.0096   0.0000   0.0021  -0.0325    0.237
   212  59.8316   6.9996   2.8547   2.8621   0.4960   0.4592   0.0670   0.2156   0.1602   0.0095   0.0000   0.0025  -0.0324    0.235
   213  59.9411   7.1702   2.8736   2.8206   0.4792   0.4548   0.0669   0.2167   0.1610   0.0095   0.0000   0.0029  -0.0321    0.232
   214  60.0484   7.3372   2.8920   2.7799   0.4620   0.4496   0.0668   0.2173   0.1615   0.0094   0.0000   0.0034  -0.0318    0.229
   215  60.1532   7.5005   2.9100   2.7402   0.4445   0.4435   0.0669   0.2175   0.1616   0.0093   0.0000   0.0039  -0.0314    0.226
   216  60.2554   7.6597   2.9276   2.7014   0.4269   0.4364   0.0670   0.2172   0.1614   0.0092   0.0000   0.0045  -0.0309    0.222
   217  60.3549   7.8145   2.9447   2.6637   0.4091   0.4285   0.0671   0.2162   0.1607   0.0090   0.0000   0.0051  -0.0302    0.218
   218  60.4514   7.9649   2.9613   2.6270   0.3912   0.4196   0.0673   0.2147   0.1596   0.0088   0.0000   0.0057  -0.0295    0.214
   219  60.5449   8.1105   2.9774   2.5916   0.3732   0.4097   0.0675   0.2125   0.1579   0.0086   0.0000   0.0064  -0.0285    0.209
   220  60.6352   8.2511   2.9929   2.5573   0.3551   0.3987   0.0678   0.2096   0.1558   0.0084   0.0000   0.0071  -0.0275    0.204
   221  60.7221   8.3865   3.0079   2.5244   0.3370   0.3867   0.0681   0.2060   0.1531   0.0081   0.0000   0.0078  -0.0264    0.199
   222  60.8055   8.5164   3.0222   2.4927   0.3189   0.3737   0.0684   0.2016   0.1498   0.0078   0.0000   0.0085  -0.0251    0.193
   223  60.8854   8.6408   3.0359   2.4624   0.3009   0.3595   0.0687   0.1964   0.1459   0.0074   0.0000   0.0091  -0.0237    0.187
   224  60.9615   8.7593   3.0490   2.4336   0.2829   0.3444   0.0690   0.1903   0.1414   0.0071   0.0000   0.0097  -0.0222    0.181
   225  61.0337   8.8718   3.0614   2.4061   0.2650   0.3282   0.0693   0.1834   0.1363   0.0066   0.0000   0.0103  -0.0206    0.174
   226  61.1002   8.9753   3.0729   2.3809   0.2336   0.3113   0.0696   0.1759   0.1307   0.0062   0.0000   0.0107  -0.0190    0.168
   227  61.1609   9.0698   3.0833   2.3579   0.2169   0.2939   0.0699   0.1677   0.1246   0.0058   0.0000   0.0111  -0.0175    0.161
   228  61.2176   9.1582   3.0931   2.3364   0.2004   0.2757   0.0701   0.1588   0.1180   0.0053   0.0000   0.0113  -0.0158    0.154
   229  61.2703   9.2403   3.1021   2.3164   0.1839   0.2568   0.0704   0.1492   0.1109   0.0048   0.0000   0.0114  -0.0142    0.147
   230  61.3189   9.3160   3.1105   2.2980   0.1676   0.2371   0.0706   0.1389   0.1032   0.0043   0.0000   0.0113  -0.0127    0.140
   231  61.3634   9.3852   3.1181   2.2811   0.1513   0.2167   0.0708   0.1279   0.0950   0.0038   0.0000   0.0110  -0.0111    0.134
   232  61.4036   9.4478   3.1250   2.2659   0.1351   0.1957   0.0710   0.1163   0.0864   0.0032   0.0000   0.0106  -0.0096    0.127
   233  61.4395   9.5037   3.1312   2.2523   0.1190   0.1741   0.0711   0.1041   0.0773   0.0027   0.0000   0.0100  -0.0082    0.121
   234  61.4710   9.5528   3.1366   2.2403   0.1029   0.1520   0.0713   0.0914   0.0679   0.0021   0.0000   0.0091  -0.0069    0.115
   235  61.4981   9.5950   3.1413   2.2301   0.0870   0.1294   0.0714   0.0782   0.0581   0.0016   0.0000   0.0081  -0.0056    0.110
   236  61.5207   9.6303   3.1452   2.2215   0.0711   0.1064   0.0715   0.0646   0.0480   0.0011   0.0000   0.0069  -0.0045    0.106
   237  61.5389   9.6586   3.1483   2.2146   0.0552   0.0831   0.0716   0.0506   0.0376   0.0005   0.0000   0.0056  -0.0034    0.102
   238  61.5526   9.6798   3.1507   2.2094   0.0394   0.0595   0.0717   0.0364   0.0271  -0.0002   0.0000   0.0041  -0.0024    0.099
   239  61.5617   9.6940   3.1522   2.2059   0.0236   0.0358   0.0717   0.0220   0.0163  -0.0007   0.0000   0.0025  -0.0014    0.098
   240  61.5662   9.7011   3.1530   2.2042   0.0079   0.0119   0.0717   0.0074   0.0055  -0.0009   0.0000   0.0008  -0.0005    0.099

  Surface # 4     horizontal_stabilizer (YDUP)            
     # Chordwise = 10   # Spanwise = 80     First strip =241
     Surface area Ssurf =   33.045257     Ave. chord Cave =    3.385457

 Forces referred to Sref, Cref, Bref about Xref, Yref, Zref
 Standard axis orientation,  X fwd, Z down         
     CLsurf  =   0.00862     Clsurf  =   0.00060
     CYsurf  =   0.00098     Cmsurf  =  -0.03006
     CDsurf  =   0.00058     Cnsurf  =  -0.00038
     CDisurf =   0.00058     CDvsurf =   0.00000

 Forces referred to Ssurf, Cave 
     CLsurf  =   0.12874     CDsurf  =   0.00857

 Strip Forces referred to Strip Area, Chord
    j     Xle      Yle      Zle      Chord    Area     c_cl     ai     cl_norm    cl       cd       cdv    cm_c/4     cm_LE   C.P.x/c
   241  55.3376  -0.0009   2.0821   4.5668   0.0172   0.6458   0.0871   0.1720   0.1278   0.1615   0.0000  -0.0093   0.0380    0.322
   242  55.3424  -0.0084   2.0829   4.5649   0.0516   0.4862   0.0873   0.1410   0.1048   0.0240   0.0000  -0.0082   0.0297    0.329
   243  55.3520  -0.0234   2.0846   4.5613   0.0858   0.4735   0.0876   0.1387   0.1031   0.0131   0.0000  -0.0081   0.0291    0.329
   244  55.3664  -0.0458   2.0871   4.5558   0.1198   0.4701   0.0880   0.1382   0.1027   0.0103   0.0000  -0.0081   0.0289    0.329
   245  55.3856  -0.0757   2.0904   4.5486   0.1535   0.4689   0.0884   0.1382   0.1027   0.0092   0.0000  -0.0080   0.0288    0.327
   246  55.4095  -0.1129   2.0945   4.5395   0.1868   0.4683   0.0887   0.1383   0.1028   0.0087   0.0000  -0.0078   0.0287    0.326
   247  55.4381  -0.1574   2.0994   4.5286   0.2195   0.4682   0.0890   0.1386   0.1030   0.0085   0.0000  -0.0076   0.0285    0.324
   248  55.4714  -0.2092   2.1051   4.5160   0.2516   0.4682   0.0893   0.1391   0.1033   0.0083   0.0000  -0.0073   0.0284    0.321
   249  55.5092  -0.2682   2.1116   4.5017   0.2831   0.4683   0.0896   0.1396   0.1037   0.0083   0.0000  -0.0071   0.0282    0.318
   250  55.5516  -0.3342   2.1189   4.4856   0.3138   0.4685   0.0899   0.1401   0.1041   0.0082   0.0000  -0.0067   0.0281    0.315
   251  55.5985  -0.4072   2.1270   4.4678   0.3437   0.4688   0.0902   0.1408   0.1046   0.0082   0.0000  -0.0064   0.0279    0.311
   252  55.6498  -0.4871   2.1358   4.4483   0.3727   0.4690   0.0904   0.1415   0.1051   0.0082   0.0000  -0.0060   0.0277    0.308
   253  55.7054  -0.5738   2.1453   4.4272   0.4006   0.4692   0.0907   0.1422   0.1057   0.0082   0.0000  -0.0057   0.0275    0.304
   254  55.7653  -0.6670   2.1556   4.4045   0.4275   0.4695   0.0909   0.1430   0.1063   0.0082   0.0000  -0.0053   0.0273    0.300
   255  55.8293  -0.7667   2.1666   4.3802   0.4533   0.4696   0.0911   0.1439   0.1069   0.0082   0.0000  -0.0050   0.0272    0.297
   256  55.8974  -0.8727   2.1783   4.3544   0.4779   0.4697   0.0914   0.1448   0.1076   0.0081   0.0000  -0.0047   0.0271    0.293
   257  55.9694  -0.9848   2.1907   4.3271   0.5013   0.4697   0.0916   0.1457   0.1083   0.0081   0.0000  -0.0043   0.0269    0.290
   258  56.0453  -1.1030   2.2037   4.2983   0.5234   0.4697   0.0917   0.1467   0.1090   0.0081   0.0000  -0.0040   0.0268    0.287
   259  56.1250  -1.2271   2.2174   4.2681   0.5461   0.4695   0.0919   0.1476   0.1097   0.0081   0.0000  -0.0038   0.0268    0.284
   260  56.2084  -1.3570   2.2318   4.2364   0.5656   0.4693   0.0920   0.1487   0.1105   0.0082   0.0000  -0.0035   0.0267    0.282
   261  56.2954  -1.4924   2.2467   4.2035   0.5837   0.4690   0.0921   0.1497   0.1113   0.0082   0.0000  -0.0033   0.0267    0.279
   262  56.3856  -1.6330   2.2623   4.1692   0.6003   0.4686   0.0921   0.1508   0.1121   0.0082   0.0000  -0.0030   0.0267    0.277
   263  56.4791  -1.7786   2.2783   4.1338   0.6155   0.4681   0.0921   0.1520   0.1129   0.0082   0.0000  -0.0028   0.0267    0.275
   264  56.5757  -1.9290   2.2949   4.0971   0.6292   0.4675   0.0920   0.1532   0.1138   0.0082   0.0000  -0.0027   0.0267    0.273
   265  56.6751  -2.0839   2.3120   4.0594   0.6415   0.4670   0.0918   0.1544   0.1147   0.0083   0.0000  -0.0025   0.0268    0.272
   266  56.7773  -2.2430   2.3296   4.0206   0.6523   0.4664   0.0915   0.1557   0.1157   0.0083   0.0000  -0.0023   0.0269    0.270
   267  56.8822  -2.4063   2.3476   3.9809   0.6615   0.4658   0.0911   0.1571   0.1167   0.0083   0.0000  -0.0022   0.0270    0.269
   268  56.9894  -2.5733   2.3661   3.9402   0.6693   0.4653   0.0905   0.1585   0.1178   0.0084   0.0000  -0.0021   0.0271    0.268
   269  57.0990  -2.7439   2.3849   3.8986   0.6757   0.4648   0.0899   0.1601   0.1189   0.0084   0.0000  -0.0020   0.0272    0.267
   270  57.2106  -2.9178   2.4041   3.8563   0.6805   0.4645   0.0891   0.1617   0.1202   0.0085   0.0000  -0.0019   0.0274    0.266
   271  57.3242  -3.0947   2.4236   3.8132   0.6840   0.4643   0.0882   0.1635   0.1215   0.0085   0.0000  -0.0018   0.0276    0.265
   272  57.4395  -3.2743   2.4435   3.7695   0.6860   0.4642   0.0872   0.1653   0.1229   0.0086   0.0000  -0.0017   0.0279    0.264
   273  57.5564  -3.4564   2.4636   3.7251   0.6866   0.4643   0.0860   0.1673   0.1244   0.0087   0.0000  -0.0016   0.0281    0.263
   274  57.6748  -3.6407   2.4839   3.6802   0.6859   0.4646   0.0848   0.1695   0.1260   0.0087   0.0000  -0.0015   0.0284    0.262
   275  57.7943  -3.8268   2.5045   3.6349   0.6839   0.4651   0.0835   0.1718   0.1277   0.0088   0.0000  -0.0014   0.0286    0.261
   276  57.9149  -4.0146   2.5252   3.5892   0.6806   0.4657   0.0821   0.1742   0.1295   0.0089   0.0000  -0.0013   0.0289    0.260
   277  58.0363  -4.2037   2.5461   3.5431   0.6760   0.4664   0.0806   0.1768   0.1314   0.0090   0.0000  -0.0012   0.0293    0.259
   278  58.1584  -4.3938   2.5671   3.4968   0.6703   0.4673   0.0792   0.1795   0.1334   0.0090   0.0000  -0.0011   0.0296    0.258
   279  58.2809  -4.5847   2.5881   3.4503   0.6635   0.4682   0.0778   0.1822   0.1354   0.0091   0.0000  -0.0009   0.0299    0.257
   280  58.4038  -4.7760   2.6093   3.4037   0.6555   0.4692   0.0764   0.1851   0.1376   0.0092   0.0000  -0.0008   0.0302    0.256
   281  58.5267  -4.9675   2.6304   3.3571   0.6465   0.4701   0.0751   0.1880   0.1397   0.0093   0.0000  -0.0006   0.0306    0.255
   282  58.6496  -5.1588   2.6515   3.3105   0.6366   0.4709   0.0738   0.1910   0.1420   0.0093   0.0000  -0.0005   0.0309    0.253
   283  58.7721  -5.3497   2.6726   3.2640   0.6257   0.4715   0.0726   0.1940   0.1442   0.0094   0.0000  -0.0003   0.0312    0.252
   284  58.8942  -5.5398   2.6936   3.2177   0.6140   0.4719   0.0716   0.1970   0.1464   0.0095   0.0000  -0.0001   0.0315    0.250
   285  59.0156  -5.7289   2.7145   3.1716   0.6014   0.4720   0.0706   0.1999   0.1486   0.0095   0.0000   0.0002   0.0318    0.249
   286  59.1362  -5.9167   2.7352   3.1259   0.5881   0.4717   0.0698   0.2027   0.1507   0.0096   0.0000   0.0004   0.0320    0.247
   287  59.2558  -6.1028   2.7557   3.0806   0.5742   0.4711   0.0691   0.2054   0.1527   0.0096   0.0000   0.0007   0.0322    0.245
   288  59.3741  -6.2871   2.7761   3.0357   0.5596   0.4699   0.0685   0.2080   0.1545   0.0096   0.0000   0.0010   0.0324    0.244
   289  59.4910  -6.4692   2.7962   2.9913   0.5444   0.4682   0.0679   0.2103   0.1563   0.0096   0.0000   0.0013   0.0325    0.242
   290  59.6063  -6.6488   2.8160   2.9476   0.5287   0.4659   0.0675   0.2124   0.1578   0.0096   0.0000   0.0017   0.0325    0.239
   291  59.7199  -6.8257   2.8355   2.9045   0.5126   0.4629   0.0672   0.2142   0.1591   0.0096   0.0000   0.0021   0.0325    0.237
   292  59.8316  -6.9996   2.8547   2.8621   0.4960   0.4592   0.0670   0.2156   0.1602   0.0095   0.0000   0.0025   0.0324    0.235
   293  59.9411  -7.1702   2.8736   2.8206   0.4792   0.4548   0.0669   0.2167   0.1610   0.0095   0.0000   0.0029   0.0321    0.232
   294  60.0484  -7.3372   2.8920   2.7799   0.4620   0.4496   0.0668   0.2173   0.1615   0.0094   0.0000   0.0034   0.0318    0.229
   295  60.1532  -7.5005   2.9100   2.7402   0.4445   0.4435   0.0669   0.2175   0.1616   0.0093   0.0000   0.0039   0.0314    0.226
   296  60.2554  -7.6597   2.9276   2.7014   0.4269   0.4364   0.0670   0.2172   0.1614   0.0092   0.0000   0.0045   0.0309    0.222
   297  60.3549  -7.8145   2.9447   2.6637   0.4091   0.4285   0.0671   0.2162   0.1607   0.0090   0.0000   0.0051   0.0302    0.218
   298  60.4514  -7.9649   2.9613   2.6270   0.3912   0.4196   0.0673   0.2147   0.1596   0.0088   0.0000   0.0057   0.0295    0.214
   299  60.5449  -8.1105   2.9774   2.5916   0.3732   0.4097   0.0675   0.2125   0.1579   0.0086   0.0000   0.0064   0.0285    0.209
   300  60.6352  -8.2511   2.9929   2.5573   0.3551   0.3987   0.0678   0.2096   0.1558   0.0084   0.0000   0.0071   0.0275    0.204
   301  60.7221  -8.3865   3.0079   2.5244   0.3370   0.3867   0.0681   0.2060   0.1531   0.0081   0.0000   0.0078   0.0264    0.199
   302  60.8055  -8.5164   3.0222   2.4927   0.3189   0.3737   0.0684   0.2016   0.1498   0.0078   0.0000   0.0085   0.0251    0.193
   303  60.8854  -8.6408   3.0359   2.4624   0.3009   0.3595   0.0687   0.1964   0.1459   0.0074   0.0000   0.0091   0.0237    0.187
   304  60.9615  -8.7593   3.0490   2.4336   0.2829   0.3444   0.0690   0.1903   0.1414   0.0071   0.0000   0.0097   0.0222    0.181
   305  61.0337  -8.8718   3.0614   2.4061   0.2650   0.3282   0.0693   0.1834   0.1363   0.0066   0.0000   0.0103   0.0206    0.174
   306  61.1002  -8.9753   3.0729   2.3809   0.2336   0.3113   0.0696   0.1759   0.1307   0.0062   0.0000   0.0107   0.0190    0.168
   307  61.1609  -9.0698   3.0833   2.3579   0.2169   0.2939   0.0699   0.1677   0.1246   0.0058   0.0000   0.0111   0.0175    0.161
   308  61.2176  -9.1582   3.0931   2.3364   0.2004   0.2757   0.0701   0.1588   0.1180   0.0053   0.0000   0.0113   0.0158    0.154
   309  61.2703  -9.2403   3.1021   2.3164   0.1839   0.2568   0.0704   0.1492   0.1109   0.0048   0.0000   0.0114   0.0142    0.147
   310  61.3189  -9.3160   3.1105   2.2980   0.1676   0.2371   0.0706   0.1389   0.1032   0.0043   0.0000   0.0113   0.0127    0.140
   311  61.3634  -9.3852   3.1181   2.2811   0.1513   0.2167   0.0708   0.1279   0.0950   0.0038   0.0000   0.0110   0.0111    0.134
   312  61.4036  -9.4478   3.1250   2.2659   0.1351   0.1957   0.0710   0.1163   0.0864   0.0032   0.0000   0.0106   0.0096    0.127
   313  61.4395  -9.5037   3.1312   2.2523   0.1190   0.1741   0.0711   0.1041   0.0773   0.0027   0.0000   0.0100   0.0082    0.121
   314  61.4710  -9.5528   3.1366   2.2403   0.1029   0.1520   0.0713   0.0914   0.0679   0.0021   0.0000   0.0091   0.0069    0.115
   315  61.4981  -9.5950   3.1413   2.2301   0.0870   0.1294   0.0714   0.0782   0.0581   0.0016   0.0000   0.0081   0.0056    0.110
   316  61.5207  -9.6303   3.1452   2.2215   0.0711   0.1064   0.0715   0.0646   0.0480   0.0011   0.0000   0.0069   0.0045    0.106
   317  61.5389  -9.6586   3.1483   2.2146   0.0552   0.0831   0.0716   0.0506   0.0376   0.0005   0.0000   0.0056   0.0034    0.102
   318  61.5526  -9.6798   3.1507   2.2094   0.0394   0.0595   0.0717   0.0364   0.0271  -0.0002   0.0000   0.0041   0.0024    0.099
   319  61.5617  -9.6940   3.1522   2.2059   0.0236   0.0358   0.0717   0.0220   0.0163  -0.0007   0.0000   0.0025   0.0014    0.098
   320  61.5662  -9.7011   3.1530   2.2042   0.0079   0.0119   0.0717   0.0074   0.0055  -0.0009   0.0000   0.0008   0.0005    0.099

  Surface # 5     vertical_stabilizer                     
     # Chordwise = 10   # Spanwise = 80     First strip =321
     Surface area Ssurf =   45.713870     Ave. chord Cave =    5.520999

 Forces referred to Sref, Cref, Bref about Xref, Yref, Zref
 Standard axis orientation,  X fwd, Z down         
     CLsurf  =   0.00000     Clsurf  =   0.00000
     CYsurf  =   0.00000     Cmsurf  =  -0.00000
     CDsurf  =  -0.00000     Cnsurf  =  -0.00000
     CDisurf =  -0.00000     CDvsurf =   0.00000

 Forces referred to Ssurf, Cave 
     CLsurf  =  -0.00000     CDsurf  =  -0.00000

 Strip Forces referred to Strip Area, Chord
    j     Xle      Yle      Zle      Chord    Area     c_cl     ai     cl_norm    cl       cd       cdv    cm_c/4     cm_LE   C.P.x/c
   321  52.2087   0.0000   3.5988   7.9308   0.1517  -0.0000  -0.0000  -0.0000  -0.0000   0.0000   0.0000  -0.0000   0.0000   -0.045
   322  52.2304   0.0000   3.6208   7.9180   0.1969  -0.0000  -0.0000  -0.0000  -0.0000   0.0000   0.0000  -0.0000   0.0000   -0.071
   323  52.2577   0.0000   3.6486   7.9018   0.2416  -0.0000  -0.0000  -0.0000  -0.0000   0.0000   0.0000  -0.0000  -0.0000   -0.123
   324  52.2906   0.0000   3.6820   7.8823   0.2859  -0.0000  -0.0000  -0.0000  -0.0000  -0.0000   0.0000  -0.0000  -0.0000   -0.131
   325  52.3291   0.0000   3.7211   7.8595   0.3294  -0.0000   0.0000  -0.0000  -0.0000  -0.0000   0.0000  -0.0000  -0.0000   -0.254
   326  52.3732   0.0000   3.7658   7.8334   0.3722  -0.0000   0.0000  -0.0000  -0.0000  -0.0000   0.0000  -0.0000  -0.0000   -0.273
   327  52.4227   0.0000   3.8161   7.8041   0.4141  -0.0000  -0.0000  -0.0000  -0.0000   0.0000   0.0000  -0.0000  -0.0000   -0.163
   328  52.4777   0.0000   3.8719   7.7715   0.4550  -0.0000   0.0000  -0.0000  -0.0000   0.0000   0.0000  -0.0000  -0.0000   -0.156
   329  52.5380   0.0000   3.9332   7.7358   0.4948  -0.0000   0.0000  -0.0000  -0.0000   0.0000   0.0000  -0.0000  -0.0000   -0.123
   330  52.6037   0.0000   3.9998   7.6969   0.5334  -0.0000   0.0000  -0.0000  -0.0000  -0.0000   0.0000  -0.0000  -0.0000   -0.089
   331  52.6745   0.0000   4.0718   7.6550   0.5707  -0.0000  -0.0000  -0.0000  -0.0000   0.0000   0.0000  -0.0000   0.0000   -0.047
   332  52.7505   0.0000   4.1489   7.6100   0.6065  -0.0000  -0.0000  -0.0000  -0.0000   0.0000   0.0000  -0.0000   0.0000   -0.086
   333  52.8315   0.0000   4.2311   7.5620   0.6408  -0.0000   0.0000  -0.0000  -0.0000   0.0000   0.0000  -0.0000  -0.0000   -0.116
   334  52.9174   0.0000   4.3184   7.5111   0.6735  -0.0000   0.0000  -0.0000  -0.0000   0.0000   0.0000  -0.0000   0.0000   -0.068
   335  53.0081   0.0000   4.4105   7.4574   0.7046  -0.0000  -0.0000  -0.0000  -0.0000   0.0000   0.0000  -0.0000   0.0000    0.002
   336  53.1035   0.0000   4.5073   7.4009   0.7339  -0.0000   0.0000  -0.0000  -0.0000   0.0000   0.0000  -0.0000   0.0000   -0.072
   337  53.2034   0.0000   4.6088   7.3417   0.7615  -0.0000  -0.0000  -0.0000  -0.0000   0.0000   0.0000  -0.0000   0.0000    0.041
   338  53.3078   0.0000   4.7147   7.2799   0.7871  -0.0000  -0.0000  -0.0000  -0.0000   0.0000   0.0000  -0.0000   0.0000    0.046
   339  53.4164   0.0000   4.8250   7.2156   0.8109  -0.0000   0.0000  -0.0000  -0.0000   0.0000   0.0000  -0.0000   0.0000   -0.027
   340  53.5291   0.0000   4.9394   7.1488   0.8327  -0.0000  -0.0000  -0.0000  -0.0000  -0.0000   0.0000  -0.0000   0.0000   -0.011
   341  53.6458   0.0000   5.0579   7.0797   0.8526  -0.0000   0.0000  -0.0000  -0.0000  -0.0000   0.0000  -0.0000   0.0000   -0.052
   342  53.7663   0.0000   5.1802   7.0084   0.8704  -0.0000   0.0000  -0.0000  -0.0000  -0.0000   0.0000  -0.0000   0.0000   -0.024
   343  53.8904   0.0000   5.3063   6.9348   0.8862  -0.0000  -0.0000  -0.0000  -0.0000   0.0000   0.0000  -0.0000   0.0000    0.009
   344  54.0180   0.0000   5.4358   6.8593   0.9000  -0.0000  -0.0000  -0.0000  -0.0000  -0.0000   0.0000  -0.0000   0.0000    0.004
   345  54.1488   0.0000   5.5686   6.7818   0.9118  -0.0000   0.0000  -0.0000  -0.0000   0.0000   0.0000  -0.0000   0.0000    0.008
   346  54.2828   0.0000   5.7046   6.7025   0.9215  -0.0000  -0.0000  -0.0000  -0.0000  -0.0000   0.0000  -0.0000   0.0000   -0.017
   347  54.4196   0.0000   5.8436   6.6214   0.9292  -0.0000   0.0000  -0.0000  -0.0000  -0.0000   0.0000  -0.0000   0.0000   -0.074
   348  54.5592   0.0000   5.9853   6.5388   0.9349  -0.0000   0.0000  -0.0000  -0.0000   0.0000   0.0000  -0.0000   0.0000   -0.029
   349  54.7012   0.0000   6.1295   6.4546   0.9386  -0.0000  -0.0000  -0.0000  -0.0000  -0.0000   0.0000  -0.0000   0.0000    0.033
   350  54.8456   0.0000   6.2760   6.3691   0.9404  -0.0000   0.0000  -0.0000  -0.0000  -0.0000   0.0000  -0.0000   0.0000    0.011
   351  54.9920   0.0000   6.4247   6.2824   0.9403  -0.0000   0.0000  -0.0000  -0.0000   0.0000   0.0000  -0.0000   0.0000    0.017
   352  55.1403   0.0000   6.5753   6.1946   0.9384  -0.0000   0.0000  -0.0000  -0.0000  -0.0000   0.0000  -0.0000   0.0000    0.026
   353  55.2903   0.0000   6.7276   6.1057   0.9346  -0.0000   0.0000  -0.0000  -0.0000  -0.0000   0.0000  -0.0000   0.0000    0.089
   354  55.4418   0.0000   6.8814   6.0160   0.9291  -0.0000   0.0000  -0.0000  -0.0000  -0.0000   0.0000  -0.0000   0.0000    0.103
   355  55.5945   0.0000   7.0365   5.9256   0.9219  -0.0000   0.0000  -0.0000  -0.0000  -0.0000   0.0000  -0.0000   0.0000    0.094
   356  55.7482   0.0000   7.1925   5.8345   0.9131  -0.0000  -0.0000  -0.0000  -0.0000  -0.0000   0.0000  -0.0000   0.0000    0.098
   357  55.9027   0.0000   7.3494   5.7430   0.9027  -0.0000  -0.0000  -0.0000  -0.0000  -0.0000   0.0000  -0.0000   0.0000    0.128
   358  56.0578   0.0000   7.5068   5.6512   0.8909  -0.0000  -0.0000  -0.0000  -0.0000  -0.0000   0.0000  -0.0000   0.0000    0.123
   359  56.2132   0.0000   7.6646   5.5591   0.8777  -0.0000  -0.0000  -0.0000  -0.0000  -0.0000   0.0000  -0.0000   0.0000    0.153
   360  56.3688   0.0000   7.8226   5.4670   0.8632  -0.0000   0.0000  -0.0000  -0.0000  -0.0000   0.0000  -0.0000   0.0000    0.107
   361  56.5242   0.0000   7.9804   5.3750   0.8474  -0.0000   0.0000  -0.0000  -0.0000   0.0000   0.0000  -0.0000   0.0000    0.084
   362  56.6793   0.0000   8.1378   5.2831   0.8306  -0.0000   0.0000  -0.0000  -0.0000   0.0000   0.0000  -0.0000   0.0000    0.070
   363  56.8338   0.0000   8.2947   5.1916   0.8126  -0.0000   0.0000  -0.0000  -0.0000  -0.0000   0.0000  -0.0000   0.0000    0.104
   364  56.9876   0.0000   8.4508   5.1005   0.7937  -0.0000  -0.0000  -0.0000  -0.0000  -0.0000   0.0000  -0.0000   0.0000    0.131
   365  57.1403   0.0000   8.6059   5.0101   0.7739  -0.0000  -0.0000  -0.0000  -0.0000  -0.0000   0.0000  -0.0000   0.0000    0.109
   366  57.2918   0.0000   8.7597   4.9203   0.7533  -0.0000  -0.0000  -0.0000  -0.0000  -0.0000   0.0000  -0.0000   0.0000    0.132
   367  57.4418   0.0000   8.9120   4.8315   0.7320  -0.0000  -0.0000  -0.0000  -0.0000  -0.0000   0.0000  -0.0000   0.0000    0.147
   368  57.5902   0.0000   9.0627   4.7436   0.7101  -0.0000   0.0000  -0.0000  -0.0000  -0.0000   0.0000  -0.0000   0.0000    0.107
   369  57.7366   0.0000   9.2114   4.6569   0.6876  -0.0000  -0.0000  -0.0000  -0.0000  -0.0000   0.0000  -0.0000   0.0000    0.114
   370  57.8810   0.0000   9.3579   4.5714   0.6647  -0.0000   0.0000  -0.0000  -0.0000   0.0000   0.0000  -0.0000   0.0000    0.083
   371  58.0230   0.0000   9.5021   4.4873   0.6414  -0.0000   0.0000  -0.0000  -0.0000  -0.0000   0.0000  -0.0000   0.0000    0.067
   372  58.1625   0.0000   9.6438   4.4046   0.6178  -0.0000  -0.0000  -0.0000  -0.0000  -0.0000   0.0000  -0.0000   0.0000    0.113
   373  58.2993   0.0000   9.7826   4.3236   0.5940  -0.0000   0.0000  -0.0000  -0.0000   0.0000   0.0000  -0.0000   0.0000    0.090
   374  58.4331   0.0000   9.9185   4.2444   0.5701  -0.0000  -0.0000  -0.0000  -0.0000  -0.0000   0.0000  -0.0000   0.0000    0.130
   375  58.5638   0.0000  10.0512   4.1670   0.5460  -0.0000  -0.0000  -0.0000  -0.0000   0.0000   0.0000  -0.0000   0.0000    0.154
   376  58.6912   0.0000  10.1805   4.0915   0.5219  -0.0000   0.0000  -0.0000  -0.0000  -0.0000   0.0000  -0.0000   0.0000    0.177
   377  58.8150   0.0000  10.3063   4.0182   0.4978  -0.0000   0.0000  -0.0000  -0.0000  -0.0000   0.0000  -0.0000   0.0000    0.174
   378  58.9352   0.0000  10.4283   3.9470   0.4738  -0.0000  -0.0000  -0.0000  -0.0000  -0.0000   0.0000  -0.0000   0.0000    0.169
   379  59.0515   0.0000  10.5463   3.8782   0.4500  -0.0000  -0.0000  -0.0000  -0.0000  -0.0000   0.0000  -0.0000   0.0000    0.161
   380  59.1637   0.0000  10.6603   3.8117   0.4263  -0.0000   0.0000  -0.0000  -0.0000  -0.0000   0.0000  -0.0000   0.0000    0.109
   381  59.2717   0.0000  10.7699   3.7477   0.4028  -0.0000  -0.0000  -0.0000  -0.0000  -0.0000   0.0000  -0.0000   0.0000    0.125
   382  59.3754   0.0000  10.8752   3.6863   0.3796  -0.0000   0.0000  -0.0000  -0.0000  -0.0000   0.0000  -0.0000   0.0000    0.086
   383  59.4745   0.0000  10.9758   3.6276   0.3566  -0.0000   0.0000  -0.0000  -0.0000  -0.0000   0.0000  -0.0000   0.0000    0.032
   384  59.5690   0.0000  11.0717   3.5717   0.3339  -0.0000   0.0000  -0.0000  -0.0000  -0.0000   0.0000  -0.0000   0.0000    0.022
   385  59.6586   0.0000  11.1628   3.5186   0.3115  -0.0000  -0.0000  -0.0000  -0.0000  -0.0000   0.0000  -0.0000   0.0000    0.091
   386  59.7433   0.0000  11.2488   3.4684   0.2894  -0.0000  -0.0000  -0.0000  -0.0000  -0.0000   0.0000  -0.0000   0.0000    0.088
   387  59.8230   0.0000  11.3296   3.4212   0.2677  -0.0000  -0.0000  -0.0000  -0.0000  -0.0000   0.0000  -0.0000   0.0000    0.081
   388  59.8974   0.0000  11.4052   3.3771   0.2463  -0.0000  -0.0000  -0.0000  -0.0000  -0.0000   0.0000  -0.0000   0.0000    0.070
   389  59.9666   0.0000  11.4754   3.3362   0.2252  -0.0000   0.0000  -0.0000  -0.0000   0.0000   0.0000  -0.0000   0.0000    0.062
   390  60.0304   0.0000  11.5402   3.2984   0.2044  -0.0000  -0.0000  -0.0000  -0.0000  -0.0000   0.0000  -0.0000   0.0000    0.053
   391  60.0886   0.0000  11.5993   3.2639   0.1839  -0.0000   0.0000  -0.0000  -0.0000  -0.0000   0.0000  -0.0000   0.0000    0.053
   392  60.1413   0.0000  11.6528   3.2327   0.1637  -0.0000  -0.0000  -0.0000  -0.0000  -0.0000   0.0000  -0.0000   0.0000    0.022
   393  60.1884   0.0000  11.7006   3.2048   0.1438  -0.0000   0.0000  -0.0000  -0.0000  -0.0000   0.0000  -0.0000   0.0000   -0.013
   394  60.2297   0.0000  11.7425   3.1804   0.1241  -0.0000  -0.0000  -0.0000  -0.0000  -0.0000   0.0000  -0.0000   0.0000   -0.040
   395  60.2652   0.0000  11.7786   3.1593   0.1046  -0.0000   0.0000  -0.0000  -0.0000  -0.0000   0.0000  -0.0000   0.0000   -0.075
   396  60.2949   0.0000  11.8087   3.1417   0.0853  -0.0000  -0.0000  -0.0000  -0.0000  -0.0000   0.0000  -0.0000   0.0000   -0.053
   397  60.3187   0.0000  11.8329   3.1276   0.0662  -0.0000   0.0000  -0.0000  -0.0000  -0.0000   0.0000  -0.0000   0.0000   -0.082
   398  60.3365   0.0000  11.8511   3.1170   0.0472  -0.0000  -0.0000  -0.0000  -0.0000  -0.0000   0.0000  -0.0000   0.0000   -0.059
   399  60.3485   0.0000  11.8632   3.1100   0.0283  -0.0000   0.0000  -0.0000  -0.0000  -0.0000   0.0000  -0.0000  -0.0000   -0.120
   400  60.3545   0.0000  11.8692   3.1064   0.0094  -0.0000  -0.0000  -0.0000  -0.0000  -0.0000   0.0000  -0.0000   0.0000   -0.084

  Surface # 6     fuselage_horizontal                     
     # Chordwise = 10   # Spanwise = 10     First strip =401
     Surface area Ssurf =  305.582940     Ave. chord Cave =   52.236400

 Forces referred to Sref, Cref, Bref about Xref, Yref, Zref
 Standard axis orientation,  X fwd, Z down         
     CLsurf  =   0.00263     Clsurf  =   0.00000
     CYsurf  =  -0.00000     Cmsurf  =   0.02682
     CDsurf  =  -0.00023     Cnsurf  =  -0.00000
     CDisurf =  -0.00023     CDvsurf =   0.00000

 Forces referred to Ssurf, Cave 
     CLsurf  =   0.00422     CDsurf  =  -0.00038

 Strip Forces referred to Strip Area, Chord
    j     Xle      Yle      Zle      Chord    Area     c_cl     ai     cl_norm    cl       cd       cdv    cm_c/4     cm_LE   C.P.x/c
   401   7.4693  -2.6325   0.0000  39.8265  23.2985   0.1100   0.1507   0.0247   0.0029  -0.0012   0.0000   0.0053   0.0007  999.000
   402   4.3582  -2.0475   0.0000  47.8148  27.9717   0.1998   0.1213   0.0083   0.0042   0.0003   0.0000   0.0056   0.0012  999.000
   403   2.4947  -1.4625   0.0000  53.5537  31.3289   0.2544   0.1079   0.0059   0.0047   0.0002   0.0000   0.0056   0.0015   -0.932
   404   1.1502  -0.8775   0.0000  58.2257  34.0620   0.2601   0.0866   0.0046   0.0045  -0.0001   0.0000   0.0059   0.0022  999.000
   405   0.2954  -0.2925   0.0000  61.7612  36.1303   0.2641   0.0807   0.0046   0.0044  -0.0011   0.0000   0.0058   0.0034  999.000
   406   0.2954   0.2925   0.0000  61.7612  36.1303   0.2641   0.0807   0.0046   0.0044  -0.0011   0.0000   0.0058   0.0034  999.000
   407   1.1502   0.8775   0.0000  58.2257  34.0620   0.2601   0.0866   0.0046   0.0045  -0.0001   0.0000   0.0059   0.0022  999.000
   408   2.4947   1.4625   0.0000  53.5538  31.3289   0.2544   0.1079   0.0059   0.0047   0.0002   0.0000   0.0056   0.0015   -0.932
   409   4.3582   2.0475   0.0000  47.8148  27.9717   0.1998   0.1213   0.0083   0.0042   0.0003   0.0000   0.0056   0.0012  999.000
   410   7.4692   2.6325   0.0000  39.8266  23.2985   0.1100   0.1507   0.0247   0.0029  -0.0012   0.0000   0.0053   0.0007  999.000

  Surface # 7     fuselage_vertical                       
     # Chordwise = 10   # Spanwise = 10     First strip =411
     Surface area Ssurf =  302.292047     Ave. chord Cave =   52.236400

 Forces referred to Sref, Cref, Bref about Xref, Yref, Zref
 Standard axis orientation,  X fwd, Z down         
     CLsurf  =   0.00000     Clsurf  =  -0.00000
     CYsurf  =   0.00000     Cmsurf  =   0.00000
     CDsurf  =   0.00000     Cnsurf  =  -0.00000
     CDisurf =   0.00000     CDvsurf =   0.00000

 Forces referred to Ssurf, Cave 
     CLsurf  =  -0.00000     CDsurf  =   0.00000

 Strip Forces referred to Strip Area, Chord
    j     Xle      Yle      Zle      Chord    Area     c_cl     ai     cl_norm    cl       cd       cdv    cm_c/4     cm_LE   C.P.x/c
   411   7.4693   0.0000  -2.6041  39.8265  23.0476   0.0000   0.0000   0.0000   0.0000   0.0000   0.0000   0.0000   0.0000  999.000
   412   4.3582   0.0000  -2.0255  47.8148  27.6705  -0.0000   0.0000  -0.0000  -0.0000  -0.0000   0.0000   0.0000   0.0000  999.000
   413   2.4947   0.0000  -1.4467  53.5537  30.9916  -0.0000   0.0000  -0.0000  -0.0000  -0.0000   0.0000   0.0000   0.0000    0.447
   414   1.1502   0.0000  -0.8680  58.2257  33.6952  -0.0000  -0.0000  -0.0000  -0.0000   0.0000   0.0000   0.0000   0.0000    0.480
   415   0.2954   0.0000  -0.2894  61.7612  35.7412  -0.0000  -0.0000  -0.0000  -0.0000   0.0000   0.0000   0.0000   0.0000    0.519
   416   0.2954   0.0000   0.2894  61.7612  35.7412  -0.0000  -0.0000  -0.0000  -0.0000   0.0000   0.0000   0.0000   0.0000    0.723
   417   1.1502   0.0000   0.8680  58.2257  33.6952  -0.0000  -0.0000  -0.0000  -0.0000  -0.0000   0.0000   0.0000   0.0000    0.729
   418   2.4947   0.0000   1.4467  53.5537  30.9916  -0.0000   0.0000  -0.0000  -0.0000  -0.0000   0.0000   0.0000   0.0000    0.718
   419   4.3582   0.0000   2.0255  47.8148  27.6705  -0.0000   0.0000  -0.0000  -0.0000   0.0000   0.0000   0.0000   0.0000    0.756
   420   7.4693   0.0000   2.6041  39.8265  23.0476  -0.0000  -0.0000  -0.0000  -0.0000   0.0000   0.0000   0.0000   0.0000    0.784
 ---------------------------------------------------------------
