 ---------------------------------------------------------------
 Surface and Strip Forces by surface

  Sref =  490.60       Cref =  8.4083       Bref =  70.000    
  Xref =  0.0000       Yref =  0.0000       Zref =  0.0000    

  Surface # 1     main_wing                               
     # Chordwise = 10   # Spanwise = 70     First strip =  1
     Surface area Ssurf =  250.220834     Ave. chord Cave =    7.118896

 Forces referred to Sref, Cref, Bref about Xref, Yref, Zref
 Standard axis orientation,  X fwd, Z down         
     CLsurf  =   0.00373     Clsurf  =   0.00445
     CYsurf  =  -0.00028     Cmsurf  =  -0.01146
     CDsurf  =   0.00099     Cnsurf  =  -0.00003
     CDisurf =   0.00099     CDvsurf =   0.00000

 Forces referred to Ssurf, Cave 
     CLsurf  =   0.00733     CDsurf  =   0.00194

 Strip Forces referred to Strip Area, Chord
    j     Xle      Yle      Zle      Chord    Area     c_cl     ai     cl_norm    cl       cd       cdv    cm_c/4     cm_LE   C.P.x/c
     1  22.4080   0.0042  -0.9570  12.4590   0.2104   0.9166  -0.0909   0.0736   0.0736  -0.0017   0.0000  -0.0386  -0.0570    0.774
     2  22.4080   0.0380  -0.9570  12.4590   0.6307   0.9167  -0.0909   0.0736   0.0736  -0.0016   0.0000  -0.0386  -0.0570    0.774
     3  22.4080   0.1054  -0.9570  12.4590   1.0498   0.9173  -0.0909   0.0736   0.0736  -0.0016   0.0000  -0.0386  -0.0570    0.774
     4  22.4080   0.2065  -0.9570  12.4590   1.4668   0.9195  -0.0911   0.0738   0.0738  -0.0016   0.0000  -0.0387  -0.0572    0.775
     5  22.4080   0.3408  -0.9570  12.4590   1.8808   0.9245  -0.0915   0.0742   0.0742  -0.0016   0.0000  -0.0389  -0.0575    0.775
     6  22.4080   0.5083  -0.9570  12.4590   2.2910   0.9345  -0.0922   0.0750   0.0750  -0.0016   0.0000  -0.0394  -0.0581    0.775
     7  22.4080   0.7085  -0.9570  12.4590   2.6966   0.9520  -0.0933   0.0764   0.0764  -0.0016   0.0000  -0.0401  -0.0592    0.775
     8  22.4080   0.9411  -0.9570  12.4590   3.0968   0.9804  -0.0947   0.0787   0.0787  -0.0016   0.0000  -0.0413  -0.0610    0.775
     9  22.4080   1.2055  -0.9570  12.4590   3.4907   1.0248  -0.0962   0.0822   0.0822  -0.0017   0.0000  -0.0432  -0.0637    0.775
    10  22.4080   1.5013  -0.9570  12.4590   3.8776   1.0923  -0.0967   0.0877   0.0877  -0.0018   0.0000  -0.0459  -0.0679    0.774
    11  22.4080   1.8278  -0.9570  12.4590   4.2567   1.1954  -0.0949   0.0959   0.0959  -0.0019   0.0000  -0.0501  -0.0741    0.772
    12  22.4080   2.1844  -0.9570  12.4590   4.6273   1.3585  -0.0891   0.1090   0.1090  -0.0020   0.0000  -0.0566  -0.0839    0.769
    13  22.4080   2.5704  -0.9570  12.4590   4.9885   1.6496  -0.0774   0.1324   0.1324  -0.0013   0.0000  -0.0680  -0.1011    0.764
    14  22.5966   3.0754  -0.9200  12.2979   7.5875   2.3929   0.3636   0.2419   0.1960   0.0384   0.0000  -0.0978  -0.1243    0.749
    15  22.9924   3.7075  -0.8424  11.9598   7.8494   2.3799   0.3838   0.2473   0.2004   0.0365   0.0000  -0.0991  -0.1263    0.744
    16  23.3450   4.2708  -0.7732  11.6585   5.5431   1.5201  -0.0371   0.1609   0.1303  -0.0035   0.0000  -0.0654  -0.0831    0.752
    17  23.6484   4.7553  -0.7137  11.3993   5.7056   1.1451  -0.0366   0.1240   0.1004  -0.0022   0.0000  -0.0508  -0.0644    0.756
    18  23.9670   5.2641  -0.6513  11.1271   5.8372   0.8948  -0.0356   0.0992   0.0804  -0.0016   0.0000  -0.0414  -0.0522    0.765
    19  24.3002   5.7964  -0.5859  10.8424   5.9373   0.7070  -0.0340   0.0805   0.0652  -0.0013   0.0000  -0.0347  -0.0433    0.782
    20  24.6474   6.3509  -0.5178  10.5458   6.0058   0.5581  -0.0318   0.0653   0.0529  -0.0011   0.0000  -0.0296  -0.0364    0.810
    21  25.0079   6.9266  -0.4471  10.2379   6.0430   0.4358  -0.0293   0.0525   0.0426  -0.0009   0.0000  -0.0257  -0.0309    0.854
    22  25.3809   7.5223  -0.3740   9.9192   6.0490   0.3329  -0.0264   0.0414   0.0336  -0.0007   0.0000  -0.0227  -0.0264    0.926
    23  25.7657   8.1368  -0.2985   9.5905   6.0244   0.2448  -0.0233   0.0315   0.0255  -0.0006   0.0000  -0.0203  -0.0227    1.045
    24  26.1614   8.7690  -0.2209   9.2523   5.9700   0.1682  -0.0200   0.0224   0.0182  -0.0004   0.0000  -0.0184  -0.0195    1.265
    25  26.5674   9.4174  -0.1413   8.9055   5.8867   0.1006  -0.0169   0.0139   0.0113  -0.0003   0.0000  -0.0170  -0.0169    1.756
    26  27.0024  10.1168  -0.0685   8.6379   6.4402   0.0400  -0.0130   0.0060   0.0046  -0.0002   0.0000  -0.0157  -0.0144  999.000
    27  27.4662  10.8669  -0.0029   8.4530   6.4244  -0.0122  -0.0092  -0.0019  -0.0014  -0.0001   0.0000  -0.0148  -0.0124  999.000
    28  27.9384  11.6306   0.0640   8.2648   6.3881  -0.0584  -0.0070  -0.0092  -0.0071  -0.0000   0.0000  -0.0143  -0.0107  999.000
    29  28.4181  12.4065   0.1318   8.0736   6.3319  -0.0998  -0.0057  -0.0161  -0.0124   0.0000   0.0000  -0.0140  -0.0093   -0.879
    30  28.9043  13.1928   0.2006   7.8797   6.2569  -0.1371  -0.0052  -0.0227  -0.0174   0.0001   0.0000  -0.0138  -0.0081   -0.544
    31  29.3961  13.9881   0.2702   7.6837   6.1641  -0.1711  -0.0049  -0.0290  -0.0223   0.0001   0.0000  -0.0138  -0.0071   -0.370
    32  29.8923  14.7908   0.3404   7.4858   6.0545  -0.2021  -0.0049  -0.0352  -0.0270   0.0002   0.0000  -0.0139  -0.0062   -0.265
    33  30.3921  15.5992   0.4112   7.2866   5.9293  -0.2309  -0.0049  -0.0413  -0.0317   0.0002   0.0000  -0.0141  -0.0053   -0.195
    34  30.8945  16.4116   0.4822   7.0863   5.7897  -0.2579  -0.0050  -0.0474  -0.0364   0.0003   0.0000  -0.0144  -0.0046   -0.145
    35  31.3984  17.2266   0.5535   6.8855   5.6369  -0.2835  -0.0052  -0.0537  -0.0412   0.0003   0.0000  -0.0147  -0.0038   -0.107
    36  31.9027  18.0423   0.6249   6.6844   5.4723  -0.3082  -0.0055  -0.0601  -0.0461   0.0003   0.0000  -0.0152  -0.0032   -0.079
    37  32.4066  18.8573   0.6962   6.4835   5.2972  -0.3323  -0.0060  -0.0668  -0.0513   0.0004   0.0000  -0.0159  -0.0027   -0.059
    38  32.9089  19.6698   0.7673   6.2832   5.1129  -0.3561  -0.0067  -0.0739  -0.0567   0.0004   0.0000  -0.0169  -0.0024   -0.048
    39  33.4087  20.4781   0.8380   6.0840   4.9207  -0.3792  -0.0076  -0.0813  -0.0624   0.0003   0.0000  -0.0187  -0.0027   -0.050
    40  33.9050  21.2808   0.9082   5.8861   4.7221  -0.4011  -0.0087  -0.0888  -0.0682   0.0002   0.0000  -0.0220  -0.0043   -0.072
    41  34.3967  22.0761   0.9778   5.6901   4.5183  -0.4206  -0.0098  -0.0964  -0.0740  -0.0008   0.0000  -0.0286  -0.0088   -0.137
    42  34.7955  22.7211   1.0342   5.5311   2.7734  -0.4347  -0.0106  -0.1018  -0.0781   0.0151   0.0000  -0.0500  -0.0260   -0.390
    43  35.1799  23.3428   1.0886   5.3779   4.0090  -0.4463  -0.0111  -0.1080  -0.0829   0.0042   0.0000  -0.0569  -0.0310   -0.436
    44  35.6353  24.0794   1.1531   5.1963   3.8090  -0.4559  -0.0116  -0.1143  -0.0877   0.0014   0.0000  -0.0598  -0.0325   -0.432
    45  36.0826  24.8028   1.2163   5.0180   3.6083  -0.4620  -0.0119  -0.1200  -0.0921   0.0005   0.0000  -0.0612  -0.0327   -0.415
    46  36.5209  25.5117   1.2784   4.8433   3.4082  -0.4649  -0.0121  -0.1251  -0.0960   0.0001   0.0000  -0.0620  -0.0326   -0.396
    47  36.9492  26.2045   1.3390   4.6725   3.2096  -0.4646  -0.0122  -0.1296  -0.0995  -0.0001   0.0000  -0.0625  -0.0323   -0.378
    48  37.3668  26.8799   1.3981   4.5060   3.0133  -0.4616  -0.0123  -0.1336  -0.1025  -0.0003   0.0000  -0.0628  -0.0319   -0.363
    49  37.7728  27.5366   1.4555   4.3442   2.8202  -0.4561  -0.0124  -0.1369  -0.1051  -0.0004   0.0000  -0.0630  -0.0315   -0.350
    50  38.1664  28.1731   1.5112   4.1873   2.6312  -0.4482  -0.0125  -0.1396  -0.1071  -0.0005   0.0000  -0.0632  -0.0313   -0.340
    51  38.5467  28.7882   1.5650   4.0357   2.4467  -0.4381  -0.0126  -0.1416  -0.1086  -0.0005   0.0000  -0.0634  -0.0311   -0.334
    52  38.9130  29.3807   1.6168   3.8896   2.2675  -0.4257  -0.0128  -0.1427  -0.1095  -0.0006   0.0000  -0.0637  -0.0311   -0.331
    53  39.2646  29.9494   1.6666   3.7494   2.0939  -0.4111  -0.0130  -0.1430  -0.1097  -0.0007   0.0000  -0.0639  -0.0313   -0.333
    54  39.6008  30.4931   1.7142   3.6154   1.9264  -0.3940  -0.0132  -0.1421  -0.1091  -0.0008   0.0000  -0.0642  -0.0317   -0.339
    55  39.9208  31.0107   1.7595   3.4878   1.7654  -0.3743  -0.0132  -0.1400  -0.1074  -0.0010   0.0000  -0.0645  -0.0323   -0.350
    56  40.2241  31.5013   1.8024   3.3669   1.6109  -0.3518  -0.0130  -0.1363  -0.1046  -0.0011   0.0000  -0.0646  -0.0330   -0.368
    57  40.5101  31.9637   1.8428   3.2529   1.4631  -0.3263  -0.0124  -0.1309  -0.1004  -0.0014   0.0000  -0.0644  -0.0337   -0.391
    58  40.7780  32.3972   1.8807   3.1461   1.3219  -0.2983  -0.0113  -0.1237  -0.0949  -0.0017   0.0000  -0.0633  -0.0340   -0.417
    59  41.0275  32.8007   1.9161   3.0466   1.1875  -0.2683  -0.0095  -0.1149  -0.0882  -0.0024   0.0000  -0.0606  -0.0331   -0.437
    60  41.2443  33.1513   1.9467   2.9602   0.9321  -0.2385  -0.0070  -0.1052  -0.0807  -0.0037   0.0000  -0.0549  -0.0298   -0.430
    61  41.4296  33.4511   1.9730   2.8863   0.8279  -0.2106  -0.0043  -0.0954  -0.0732  -0.0055   0.0000  -0.0441  -0.0221   -0.352
    62  41.8525  33.7408   1.9984   2.6418   0.7761  -0.1845  -0.0026  -0.3140  -0.0701  -0.0070   0.0000  -0.0176  -0.0002   -0.000
    63  42.4709  34.0170   2.0225   2.2558   0.5879  -0.1597  -0.0021  -0.3177  -0.0709  -0.0027   0.0000  -0.0139   0.0014    0.054
    64  43.0147  34.2599   2.0438   1.9163   0.4349  -0.1370  -0.0025  -0.3208  -0.0716  -0.0021   0.0000  -0.0131   0.0018    0.067
    65  43.4828  34.4691   2.0621   1.6240   0.3131  -0.1155  -0.0032  -0.3190  -0.0712  -0.0020   0.0000  -0.0134   0.0016    0.061
    66  43.8744  34.6440   2.0774   1.3796   0.2184  -0.0942  -0.0037  -0.3064  -0.0684  -0.0021   0.0000  -0.0146   0.0008    0.037
    67  44.1886  34.7843   2.0896   1.1834   0.1461  -0.0730  -0.0035  -0.2767  -0.0618  -0.0023   0.0000  -0.0159  -0.0004   -0.008
    68  44.4248  34.8899   2.0989   1.0359   0.0915  -0.0518  -0.0030  -0.2246  -0.0501  -0.0026   0.0000  -0.0159  -0.0016   -0.068
    69  44.5826  34.9603   2.1050   0.9375   0.0498  -0.0309  -0.0025  -0.1483  -0.0331  -0.0031   0.0000  -0.0127  -0.0019   -0.134
    70  44.6615  34.9956   2.1081   0.8882   0.0157  -0.0103  -0.0018  -0.0524  -0.0117  -0.0040   0.0000  -0.0052  -0.0010   -0.196

  Surface # 2     main_wing (YDUP)                        
     # Chordwise = 10   # Spanwise = 70     First strip = 71
     Surface area Ssurf =  250.220834     Ave. chord Cave =    7.118896

 Forces referred to Sref, Cref, Bref about Xref, Yref, Zref
 Standard axis orientation,  X fwd, Z down         
     CLsurf  =   0.00373     Clsurf  =  -0.00445
     CYsurf  =   0.00028     Cmsurf  =  -0.01146
     CDsurf  =   0.00099     Cnsurf  =   0.00003
     CDisurf =   0.00099     CDvsurf =   0.00000

 Forces referred to Ssurf, Cave 
     CLsurf  =   0.00733     CDsurf  =   0.00194

 Strip Forces referred to Strip Area, Chord
    j     Xle      Yle      Zle      Chord    Area     c_cl     ai     cl_norm    cl       cd       cdv    cm_c/4     cm_LE   C.P.x/c
    71  22.4080  -0.0042  -0.9570  12.4590   0.2104   0.9166  -0.0909   0.0736   0.0736  -0.0017   0.0000  -0.0386   0.0570    0.774
    72  22.4080  -0.0380  -0.9570  12.4590   0.6307   0.9167  -0.0909   0.0736   0.0736  -0.0016   0.0000  -0.0386   0.0570    0.774
    73  22.4080  -0.1054  -0.9570  12.4590   1.0498   0.9173  -0.0909   0.0736   0.0736  -0.0016   0.0000  -0.0386   0.0570    0.774
    74  22.4080  -0.2065  -0.9570  12.4590   1.4668   0.9195  -0.0911   0.0738   0.0738  -0.0016   0.0000  -0.0387   0.0572    0.775
    75  22.4080  -0.3408  -0.9570  12.4590   1.8808   0.9245  -0.0915   0.0742   0.0742  -0.0016   0.0000  -0.0389   0.0575    0.775
    76  22.4080  -0.5083  -0.9570  12.4590   2.2910   0.9345  -0.0922   0.0750   0.0750  -0.0016   0.0000  -0.0394   0.0581    0.775
    77  22.4080  -0.7085  -0.9570  12.4590   2.6966   0.9520  -0.0933   0.0764   0.0764  -0.0016   0.0000  -0.0401   0.0592    0.775
    78  22.4080  -0.9411  -0.9570  12.4590   3.0968   0.9804  -0.0947   0.0787   0.0787  -0.0016   0.0000  -0.0413   0.0610    0.775
    79  22.4080  -1.2055  -0.9570  12.4590   3.4907   1.0248  -0.0962   0.0822   0.0822  -0.0017   0.0000  -0.0432   0.0637    0.775
    80  22.4080  -1.5013  -0.9570  12.4590   3.8776   1.0923  -0.0967   0.0877   0.0877  -0.0018   0.0000  -0.0459   0.0679    0.774
    81  22.4080  -1.8278  -0.9570  12.4590   4.2567   1.1954  -0.0949   0.0959   0.0959  -0.0019   0.0000  -0.0501   0.0741    0.772
    82  22.4080  -2.1844  -0.9570  12.4590   4.6273   1.3585  -0.0891   0.1090   0.1090  -0.0020   0.0000  -0.0566   0.0839    0.769
    83  22.4080  -2.5704  -0.9570  12.4590   4.9885   1.6496  -0.0774   0.1324   0.1324  -0.0013   0.0000  -0.0680   0.1011    0.764
    84  22.5966  -3.0754  -0.9200  12.2979   7.5875   2.3929   0.3636   0.2419   0.1960   0.0384   0.0000  -0.0978   0.1243    0.749
    85  22.9924  -3.7075  -0.8424  11.9598   7.8494   2.3799   0.3838   0.2473   0.2004   0.0365   0.0000  -0.0991   0.1263    0.744
    86  23.3450  -4.2708  -0.7732  11.6585   5.5431   1.5201  -0.0371   0.1609   0.1303  -0.0035   0.0000  -0.0654   0.0831    0.752
    87  23.6484  -4.7553  -0.7137  11.3993   5.7056   1.1451  -0.0366   0.1240   0.1004  -0.0022   0.0000  -0.0508   0.0644    0.756
    88  23.9670  -5.2641  -0.6513  11.1271   5.8372   0.8948  -0.0356   0.0992   0.0804  -0.0016   0.0000  -0.0414   0.0522    0.765
    89  24.3002  -5.7964  -0.5859  10.8424   5.9373   0.7070  -0.0340   0.0805   0.0652  -0.0013   0.0000  -0.0347   0.0433    0.782
    90  24.6474  -6.3509  -0.5178  10.5458   6.0058   0.5581  -0.0318   0.0653   0.0529  -0.0011   0.0000  -0.0296   0.0364    0.810
    91  25.0079  -6.9266  -0.4471  10.2379   6.0430   0.4358  -0.0293   0.0525   0.0426  -0.0009   0.0000  -0.0257   0.0309    0.854
    92  25.3809  -7.5223  -0.3740   9.9192   6.0490   0.3329  -0.0264   0.0414   0.0336  -0.0007   0.0000  -0.0227   0.0264    0.926
    93  25.7657  -8.1368  -0.2985   9.5905   6.0244   0.2448  -0.0233   0.0315   0.0255  -0.0006   0.0000  -0.0203   0.0227    1.045
    94  26.1614  -8.7690  -0.2209   9.2523   5.9700   0.1682  -0.0200   0.0224   0.0182  -0.0004   0.0000  -0.0184   0.0195    1.265
    95  26.5674  -9.4174  -0.1413   8.9055   5.8867   0.1006  -0.0169   0.0139   0.0113  -0.0003   0.0000  -0.0170   0.0169    1.756
    96  27.0024 -10.1168  -0.0685   8.6379   6.4402   0.0400  -0.0130   0.0060   0.0046  -0.0002   0.0000  -0.0157   0.0144  999.000
    97  27.4662 -10.8669  -0.0029   8.4530   6.4244  -0.0122  -0.0092  -0.0019  -0.0014  -0.0001   0.0000  -0.0148   0.0124  999.000
    98  27.9384 -11.6306   0.0640   8.2648   6.3881  -0.0584  -0.0070  -0.0092  -0.0071  -0.0000   0.0000  -0.0143   0.0107  999.000
    99  28.4181 -12.4065   0.1318   8.0736   6.3319  -0.0998  -0.0057  -0.0161  -0.0124   0.0000   0.0000  -0.0140   0.0093   -0.879
   100  28.9043 -13.1928   0.2006   7.8797   6.2569  -0.1371  -0.0052  -0.0227  -0.0174   0.0001   0.0000  -0.0138   0.0081   -0.544
   101  29.3961 -13.9881   0.2702   7.6837   6.1641  -0.1711  -0.0049  -0.0290  -0.0223   0.0001   0.0000  -0.0138   0.0071   -0.370
   102  29.8923 -14.7908   0.3404   7.4858   6.0545  -0.2021  -0.0049  -0.0352  -0.0270   0.0002   0.0000  -0.0139   0.0062   -0.265
   103  30.3921 -15.5992   0.4112   7.2866   5.9293  -0.2309  -0.0049  -0.0413  -0.0317   0.0002   0.0000  -0.0141   0.0053   -0.195
   104  30.8945 -16.4116   0.4822   7.0863   5.7897  -0.2579  -0.0050  -0.0474  -0.0364   0.0003   0.0000  -0.0144   0.0046   -0.145
   105  31.3984 -17.2266   0.5535   6.8855   5.6369  -0.2835  -0.0052  -0.0537  -0.0412   0.0003   0.0000  -0.0147   0.0038   -0.107
   106  31.9027 -18.0423   0.6249   6.6844   5.4723  -0.3082  -0.0055  -0.0601  -0.0461   0.0003   0.0000  -0.0152   0.0032   -0.079
   107  32.4066 -18.8573   0.6962   6.4835   5.2972  -0.3323  -0.0060  -0.0668  -0.0513   0.0004   0.0000  -0.0159   0.0027   -0.059
   108  32.9089 -19.6698   0.7673   6.2832   5.1129  -0.3561  -0.0067  -0.0739  -0.0567   0.0004   0.0000  -0.0169   0.0024   -0.048
   109  33.4087 -20.4781   0.8380   6.0840   4.9207  -0.3792  -0.0076  -0.0813  -0.0624   0.0003   0.0000  -0.0187   0.0027   -0.050
   110  33.9050 -21.2808   0.9082   5.8861   4.7221  -0.4011  -0.0087  -0.0888  -0.0682   0.0002   0.0000  -0.0220   0.0043   -0.072
   111  34.3967 -22.0761   0.9778   5.6901   4.5183  -0.4206  -0.0098  -0.0964  -0.0740  -0.0008   0.0000  -0.0286   0.0088   -0.137
   112  34.7955 -22.7211   1.0342   5.5311   2.7734  -0.4347  -0.0106  -0.1018  -0.0781   0.0151   0.0000  -0.0500   0.0260   -0.390
   113  35.1799 -23.3428   1.0886   5.3779   4.0090  -0.4463  -0.0111  -0.1080  -0.0829   0.0042   0.0000  -0.0569   0.0310   -0.436
   114  35.6353 -24.0794   1.1531   5.1963   3.8090  -0.4559  -0.0116  -0.1143  -0.0877   0.0014   0.0000  -0.0598   0.0325   -0.432
   115  36.0826 -24.8028   1.2163   5.0180   3.6083  -0.4620  -0.0119  -0.1200  -0.0921   0.0005   0.0000  -0.0612   0.0327   -0.415
   116  36.5209 -25.5117   1.2784   4.8433   3.4082  -0.4649  -0.0121  -0.1251  -0.0960   0.0001   0.0000  -0.0620   0.0326   -0.396
   117  36.9492 -26.2045   1.3390   4.6725   3.2096  -0.4646  -0.0122  -0.1296  -0.0995  -0.0001   0.0000  -0.0625   0.0323   -0.378
   118  37.3668 -26.8799   1.3981   4.5060   3.0133  -0.4616  -0.0123  -0.1336  -0.1025  -0.0003   0.0000  -0.0628   0.0319   -0.363
   119  37.7728 -27.5366   1.4555   4.3442   2.8202  -0.4561  -0.0124  -0.1369  -0.1051  -0.0004   0.0000  -0.0630   0.0315   -0.350
   120  38.1664 -28.1731   1.5112   4.1873   2.6312  -0.4482  -0.0125  -0.1396  -0.1071  -0.0005   0.0000  -0.0632   0.0313   -0.340
   121  38.5467 -28.7882   1.5650   4.0357   2.4467  -0.4381  -0.0126  -0.1416  -0.1086  -0.0005   0.0000  -0.0634   0.0311   -0.334
   122  38.9130 -29.3807   1.6168   3.8896   2.2675  -0.4257  -0.0128  -0.1427  -0.1095  -0.0006   0.0000  -0.0637   0.0311   -0.331
   123  39.2646 -29.9494   1.6666   3.7494   2.0939  -0.4111  -0.0130  -0.1430  -0.1097  -0.0007   0.0000  -0.0639   0.0313   -0.333
   124  39.6008 -30.4931   1.7142   3.6154   1.9264  -0.3940  -0.0132  -0.1421  -0.1091  -0.0008   0.0000  -0.0642   0.0317   -0.339
   125  39.9208 -31.0107   1.7595   3.4878   1.7654  -0.3743  -0.0132  -0.1400  -0.1074  -0.0010   0.0000  -0.0645   0.0323   -0.350
   126  40.2241 -31.5013   1.8024   3.3669   1.6109  -0.3518  -0.0130  -0.1363  -0.1046  -0.0011   0.0000  -0.0646   0.0330   -0.368
   127  40.5101 -31.9637   1.8428   3.2529   1.4631  -0.3263  -0.0124  -0.1309  -0.1004  -0.0014   0.0000  -0.0644   0.0337   -0.391
   128  40.7780 -32.3972   1.8807   3.1461   1.3219  -0.2983  -0.0113  -0.1237  -0.0949  -0.0017   0.0000  -0.0633   0.0340   -0.417
   129  41.0275 -32.8007   1.9161   3.0466   1.1875  -0.2683  -0.0095  -0.1149  -0.0882  -0.0024   0.0000  -0.0606   0.0331   -0.437
   130  41.2443 -33.1513   1.9467   2.9602   0.9321  -0.2385  -0.0070  -0.1052  -0.0807  -0.0037   0.0000  -0.0549   0.0298   -0.430
   131  41.4296 -33.4511   1.9730   2.8863   0.8279  -0.2106  -0.0043  -0.0954  -0.0732  -0.0055   0.0000  -0.0441   0.0221   -0.352
   132  41.8525 -33.7408   1.9984   2.6418   0.7761  -0.1845  -0.0026  -0.3140  -0.0701  -0.0070   0.0000  -0.0176   0.0002   -0.000
   133  42.4709 -34.0170   2.0225   2.2558   0.5879  -0.1597  -0.0021  -0.3177  -0.0709  -0.0027   0.0000  -0.0139  -0.0014    0.054
   134  43.0147 -34.2599   2.0438   1.9163   0.4349  -0.1370  -0.0025  -0.3208  -0.0716  -0.0021   0.0000  -0.0131  -0.0018    0.067
   135  43.4828 -34.4691   2.0621   1.6240   0.3131  -0.1155  -0.0032  -0.3190  -0.0712  -0.0020   0.0000  -0.0134  -0.0016    0.061
   136  43.8744 -34.6440   2.0774   1.3796   0.2184  -0.0942  -0.0037  -0.3064  -0.0684  -0.0021   0.0000  -0.0146  -0.0008    0.037
   137  44.1886 -34.7843   2.0896   1.1834   0.1461  -0.0730  -0.0035  -0.2767  -0.0618  -0.0023   0.0000  -0.0159   0.0004   -0.008
   138  44.4248 -34.8899   2.0989   1.0359   0.0915  -0.0518  -0.0030  -0.2246  -0.0501  -0.0026   0.0000  -0.0159   0.0016   -0.068
   139  44.5826 -34.9603   2.1050   0.9375   0.0498  -0.0309  -0.0025  -0.1483  -0.0331  -0.0031   0.0000  -0.0127   0.0019   -0.134
   140  44.6615 -34.9956   2.1081   0.8882   0.0157  -0.0103  -0.0018  -0.0524  -0.0117  -0.0040   0.0000  -0.0052   0.0010   -0.196

  Surface # 3     horizontal_stabilizer                   
     # Chordwise = 10   # Spanwise = 70     First strip =141
     Surface area Ssurf =   33.045236     Ave. chord Cave =    3.385454

 Forces referred to Sref, Cref, Bref about Xref, Yref, Zref
 Standard axis orientation,  X fwd, Z down         
     CLsurf  =  -0.01404     Clsurf  =   0.00088
     CYsurf  =   0.00181     Cmsurf  =   0.09802
     CDsurf  =  -0.00006     Cnsurf  =  -0.00156
     CDisurf =  -0.00006     CDvsurf =   0.00000

 Forces referred to Ssurf, Cave 
     CLsurf  =  -0.21011     CDsurf  =  -0.00087

 Strip Forces referred to Strip Area, Chord
    j     Xle      Yle      Zle      Chord    Area     c_cl     ai     cl_norm    cl       cd       cdv    cm_c/4     cm_LE   C.P.x/c
   141  55.3378   0.0012   2.0821   4.5667   0.0218  -0.4560  -0.0136  -0.1157  -0.0871   0.3698   0.0000   0.0121   0.0310    0.389
   142  55.3439   0.0107   2.0832   4.5644   0.0654  -0.8447  -0.0141  -0.2441  -0.1838   0.0394   0.0000   0.0120   0.0488    0.315
   143  55.3560   0.0296   2.0853   4.5598   0.1087  -0.8755  -0.0148  -0.2545  -0.1917   0.0137   0.0000   0.0119   0.0502    0.312
   144  55.3743   0.0580   2.0884   4.5529   0.1516  -0.8841  -0.0155  -0.2577  -0.1941   0.0071   0.0000   0.0117   0.0505    0.311
   145  55.3985   0.0958   2.0926   4.5437   0.1940  -0.8878  -0.0162  -0.2594  -0.1953   0.0048   0.0000   0.0114   0.0505    0.309
   146  55.4288   0.1429   2.0978   4.5322   0.2357  -0.8899  -0.0167  -0.2607  -0.1963   0.0037   0.0000   0.0110   0.0504    0.306
   147  55.4649   0.1992   2.1040   4.5185   0.2766  -0.8914  -0.0172  -0.2620  -0.1973   0.0031   0.0000   0.0105   0.0501    0.303
   148  55.5069   0.2646   2.1112   4.5025   0.3165  -0.8929  -0.0176  -0.2633  -0.1983   0.0027   0.0000   0.0098   0.0498    0.300
   149  55.5546   0.3389   2.1194   4.4844   0.3554  -0.8942  -0.0179  -0.2648  -0.1994   0.0024   0.0000   0.0092   0.0495    0.296
   150  55.6080   0.4221   2.1286   4.4642   0.3930  -0.8957  -0.0181  -0.2665  -0.2007   0.0021   0.0000   0.0085   0.0491    0.292
   151  55.6670   0.5139   2.1387   4.4418   0.4292  -0.8972  -0.0182  -0.2683  -0.2020   0.0018   0.0000   0.0077   0.0488    0.288
   152  55.7314   0.6141   2.1498   4.4174   0.4640  -0.8987  -0.0181  -0.2702  -0.2035   0.0015   0.0000   0.0070   0.0485    0.285
   153  55.8011   0.7227   2.1618   4.3910   0.4973  -0.9003  -0.0178  -0.2724  -0.2051   0.0012   0.0000   0.0063   0.0482    0.281
   154  55.8759   0.8392   2.1746   4.3626   0.5288  -0.9019  -0.0174  -0.2746  -0.2068   0.0009   0.0000   0.0057   0.0480    0.277
   155  55.9558   0.9636   2.1884   4.3323   0.5586  -0.9034  -0.0167  -0.2770  -0.2086   0.0006   0.0000   0.0050   0.0479    0.274
   156  56.0405   1.0955   2.2029   4.3001   0.5866  -0.9049  -0.0159  -0.2796  -0.2105   0.0003   0.0000   0.0044   0.0477    0.271
   157  56.1315   1.2373   2.2186   4.2656   0.6352  -0.9062  -0.0148  -0.2822  -0.2126   0.0000   0.0000   0.0038   0.0477    0.268
   158  56.2289   1.3889   2.2353   4.2287   0.6600  -0.9072  -0.0134  -0.2850  -0.2147  -0.0002   0.0000   0.0033   0.0476    0.265
   159  56.3307   1.5475   2.2528   4.1900   0.6826  -0.9079  -0.0118  -0.2879  -0.2168  -0.0005   0.0000   0.0027   0.0476    0.263
   160  56.4368   1.7127   2.2711   4.1498   0.7031  -0.9083  -0.0100  -0.2908  -0.2190  -0.0008   0.0000   0.0023   0.0477    0.260
   161  56.5469   1.8842   2.2900   4.1080   0.7214  -0.9080  -0.0079  -0.2937  -0.2212  -0.0010   0.0000   0.0018   0.0478    0.258
   162  56.6609   2.0617   2.3096   4.0648   0.7375  -0.9072  -0.0057  -0.2966  -0.2234  -0.0013   0.0000   0.0014   0.0479    0.256
   163  56.7785   2.2448   2.3298   4.0202   0.7513  -0.9057  -0.0034  -0.2994  -0.2255  -0.0015   0.0000   0.0010   0.0480    0.255
   164  56.8994   2.4331   2.3506   3.9743   0.7630  -0.9033  -0.0011  -0.3020  -0.2275  -0.0017   0.0000   0.0007   0.0481    0.253
   165  57.0234   2.6263   2.3719   3.9273   0.7724  -0.8999   0.0011  -0.3045  -0.2293  -0.0019   0.0000   0.0004   0.0482    0.252
   166  57.1504   2.8240   2.3937   3.8791   0.7796  -0.8955   0.0031  -0.3068  -0.2311  -0.0021   0.0000   0.0001   0.0484    0.250
   167  57.2799   3.0257   2.4160   3.8300   0.7846  -0.8900   0.0047  -0.3088  -0.2326  -0.0023   0.0000  -0.0002   0.0485    0.249
   168  57.4118   3.2311   2.4387   3.7800   0.7875  -0.8832   0.0060  -0.3105  -0.2339  -0.0024   0.0000  -0.0004   0.0485    0.248
   169  57.5458   3.4398   2.4617   3.7292   0.7883  -0.8752   0.0069  -0.3119  -0.2349  -0.0025   0.0000  -0.0006   0.0486    0.247
   170  57.6816   3.6513   2.4851   3.6777   0.7871  -0.8659   0.0073  -0.3129  -0.2357  -0.0026   0.0000  -0.0008   0.0486    0.247
   171  57.8189   3.8651   2.5087   3.6256   0.7840  -0.8553   0.0073  -0.3135  -0.2361  -0.0027   0.0000  -0.0010   0.0485    0.246
   172  57.9575   4.0810   2.5325   3.5730   0.7789  -0.8434   0.0068  -0.3137  -0.2363  -0.0027   0.0000  -0.0011   0.0485    0.245
   173  58.0971   4.2984   2.5565   3.5200   0.7721  -0.8303   0.0061  -0.3135  -0.2361  -0.0028   0.0000  -0.0012   0.0483    0.245
   174  58.2374   4.5169   2.5806   3.4668   0.7635  -0.8161   0.0050  -0.3129  -0.2356  -0.0027   0.0000  -0.0013   0.0481    0.244
   175  58.3781   4.7361   2.6048   3.4134   0.7532  -0.8008   0.0038  -0.3118  -0.2348  -0.0027   0.0000  -0.0014   0.0479    0.244
   176  58.5190   4.9555   2.6291   3.3600   0.7414  -0.7845   0.0025  -0.3103  -0.2337  -0.0027   0.0000  -0.0015   0.0476    0.244
   177  58.6597   5.1746   2.6533   3.3066   0.7282  -0.7674   0.0011  -0.3085  -0.2323  -0.0026   0.0000  -0.0016   0.0472    0.243
   178  58.8000   5.3931   2.6774   3.2534   0.7136  -0.7496  -0.0003  -0.3062  -0.2306  -0.0025   0.0000  -0.0016   0.0468    0.243
   179  58.9396   5.6105   2.7014   3.2005   0.6977  -0.7312  -0.0017  -0.3037  -0.2287  -0.0024   0.0000  -0.0017   0.0464    0.243
   180  59.0783   5.8264   2.7252   3.1479   0.6807  -0.7124  -0.0031  -0.3008  -0.2265  -0.0023   0.0000  -0.0018   0.0458    0.242
   181  59.2156   6.0403   2.7488   3.0958   0.6626  -0.6931  -0.0045  -0.2976  -0.2241  -0.0022   0.0000  -0.0019   0.0453    0.242
   182  59.3514   6.2518   2.7722   3.0443   0.6435  -0.6736  -0.0058  -0.2941  -0.2215  -0.0021   0.0000  -0.0020   0.0446    0.241
   183  59.4854   6.4604   2.7952   2.9935   0.6236  -0.6538  -0.0070  -0.2903  -0.2186  -0.0020   0.0000  -0.0021   0.0439    0.240
   184  59.6173   6.6658   2.8179   2.9434   0.6030  -0.6339  -0.0082  -0.2862  -0.2156  -0.0019   0.0000  -0.0022   0.0432    0.240
   185  59.7468   6.8676   2.8402   2.8943   0.5816  -0.6139  -0.0094  -0.2819  -0.2123  -0.0018   0.0000  -0.0024   0.0423    0.239
   186  59.8737   7.0652   2.8620   2.8462   0.5597  -0.5937  -0.0106  -0.2772  -0.2088  -0.0017   0.0000  -0.0026   0.0414    0.237
   187  59.9978   7.2584   2.8833   2.7991   0.5373  -0.5734  -0.0118  -0.2722  -0.2050  -0.0016   0.0000  -0.0029   0.0404    0.236
   188  60.1187   7.4468   2.9041   2.7532   0.5146  -0.5530  -0.0129  -0.2669  -0.2010  -0.0015   0.0000  -0.0032   0.0393    0.234
   189  60.2363   7.6298   2.9243   2.7086   0.4914  -0.5325  -0.0141  -0.2612  -0.1968  -0.0014   0.0000  -0.0035   0.0382    0.232
   190  60.3502   7.8073   2.9439   2.6654   0.4681  -0.5117  -0.0152  -0.2551  -0.1921  -0.0013   0.0000  -0.0039   0.0369    0.230
   191  60.4604   7.9789   2.9629   2.6236   0.4445  -0.4907  -0.0164  -0.2485  -0.1872  -0.0013   0.0000  -0.0043   0.0355    0.227
   192  60.5664   8.1441   2.9811   2.5834   0.4209  -0.4693  -0.0175  -0.2414  -0.1818  -0.0012   0.0000  -0.0048   0.0340    0.224
   193  60.6683   8.3026   2.9986   2.5448   0.3972  -0.4476  -0.0186  -0.2337  -0.1760  -0.0011   0.0000  -0.0053   0.0323    0.220
   194  60.7656   8.4543   3.0153   2.5078   0.3735  -0.4254  -0.0197  -0.2254  -0.1698  -0.0011   0.0000  -0.0058   0.0306    0.216
   195  60.8583   8.5986   3.0313   2.4727   0.3498  -0.4027  -0.0208  -0.2164  -0.1630  -0.0011   0.0000  -0.0064   0.0287    0.211
   196  60.9461   8.7354   3.0464   2.4394   0.3262  -0.3795  -0.0218  -0.2067  -0.1557  -0.0010   0.0000  -0.0070   0.0267    0.205
   197  61.0289   8.8643   3.0606   2.4080   0.3027  -0.3558  -0.0227  -0.1963  -0.1479  -0.0010   0.0000  -0.0075   0.0246    0.199
   198  61.1050   8.9828   3.0737   2.3791   0.2681  -0.3317  -0.0236  -0.1853  -0.1396  -0.0010   0.0000  -0.0080   0.0224    0.193
   199  61.1744   9.0908   3.0856   2.3528   0.2460  -0.3075  -0.0244  -0.1737  -0.1308  -0.0010   0.0000  -0.0084   0.0203    0.186
   200  61.2384   9.1906   3.0966   2.3285   0.2239  -0.2829  -0.0251  -0.1614  -0.1216  -0.0010   0.0000  -0.0086   0.0181    0.179
   201  61.2971   9.2820   3.1067   2.3063   0.2021  -0.2577  -0.0257  -0.1485  -0.1118  -0.0010   0.0000  -0.0087   0.0160    0.172
   202  61.3502   9.3647   3.1159   2.2861   0.1803  -0.2320  -0.0263  -0.1349  -0.1016  -0.0010   0.0000  -0.0087   0.0139    0.164
   203  61.3977   9.4387   3.1240   2.2681   0.1587  -0.2059  -0.0268  -0.1206  -0.0909  -0.0010   0.0000  -0.0084   0.0119    0.157
   204  61.4395   9.5038   3.1312   2.2523   0.1372  -0.1793  -0.0272  -0.1058  -0.0797  -0.0010   0.0000  -0.0080   0.0099    0.150
   205  61.4755   9.5598   3.1374   2.2386   0.1159  -0.1524  -0.0276  -0.0905  -0.0682  -0.0010   0.0000  -0.0073   0.0081    0.143
   206  61.5056   9.6066   3.1426   2.2272   0.0946  -0.1252  -0.0279  -0.0747  -0.0563  -0.0010   0.0000  -0.0063   0.0064    0.137
   207  61.5297   9.6442   3.1467   2.2181   0.0735  -0.0976  -0.0281  -0.0585  -0.0441  -0.0010   0.0000  -0.0052   0.0048    0.132
   208  61.5479   9.6725   3.1498   2.2112   0.0524  -0.0699  -0.0283  -0.0420  -0.0317  -0.0010   0.0000  -0.0039   0.0034    0.128
   209  61.5600   9.6914   3.1519   2.2066   0.0314  -0.0420  -0.0285  -0.0253  -0.0191  -0.0010   0.0000  -0.0024   0.0020    0.126
   210  61.5660   9.7008   3.1530   2.2043   0.0105  -0.0140  -0.0285  -0.0085  -0.0064  -0.0008   0.0000  -0.0008   0.0007    0.125

  Surface # 4     horizontal_stabilizer (YDUP)            
     # Chordwise = 10   # Spanwise = 70     First strip =211
     Surface area Ssurf =   33.045236     Ave. chord Cave =    3.385454

 Forces referred to Sref, Cref, Bref about Xref, Yref, Zref
 Standard axis orientation,  X fwd, Z down         
     CLsurf  =  -0.01404     Clsurf  =  -0.00088
     CYsurf  =  -0.00181     Cmsurf  =   0.09802
     CDsurf  =  -0.00006     Cnsurf  =   0.00156
     CDisurf =  -0.00006     CDvsurf =   0.00000

 Forces referred to Ssurf, Cave 
     CLsurf  =  -0.21011     CDsurf  =  -0.00087

 Strip Forces referred to Strip Area, Chord
    j     Xle      Yle      Zle      Chord    Area     c_cl     ai     cl_norm    cl       cd       cdv    cm_c/4     cm_LE   C.P.x/c
   211  55.3378  -0.0012   2.0821   4.5667   0.0218  -0.4560  -0.0136  -0.1157  -0.0871   0.3698   0.0000   0.0121  -0.0310    0.389
   212  55.3439  -0.0107   2.0832   4.5644   0.0654  -0.8447  -0.0141  -0.2441  -0.1838   0.0394   0.0000   0.0120  -0.0488    0.315
   213  55.3560  -0.0296   2.0853   4.5598   0.1087  -0.8755  -0.0148  -0.2545  -0.1917   0.0137   0.0000   0.0119  -0.0502    0.312
   214  55.3743  -0.0580   2.0884   4.5529   0.1516  -0.8841  -0.0155  -0.2577  -0.1941   0.0071   0.0000   0.0117  -0.0505    0.311
   215  55.3985  -0.0958   2.0926   4.5437   0.1940  -0.8878  -0.0162  -0.2594  -0.1953   0.0048   0.0000   0.0114  -0.0505    0.309
   216  55.4288  -0.1429   2.0978   4.5322   0.2357  -0.8899  -0.0167  -0.2607  -0.1963   0.0037   0.0000   0.0110  -0.0504    0.306
   217  55.4649  -0.1992   2.1040   4.5185   0.2766  -0.8914  -0.0172  -0.2620  -0.1973   0.0031   0.0000   0.0105  -0.0501    0.303
   218  55.5069  -0.2646   2.1112   4.5025   0.3165  -0.8929  -0.0176  -0.2633  -0.1983   0.0027   0.0000   0.0098  -0.0498    0.300
   219  55.5546  -0.3389   2.1194   4.4844   0.3554  -0.8942  -0.0179  -0.2648  -0.1994   0.0024   0.0000   0.0092  -0.0495    0.296
   220  55.6080  -0.4221   2.1286   4.4642   0.3930  -0.8957  -0.0181  -0.2665  -0.2007   0.0021   0.0000   0.0085  -0.0491    0.292
   221  55.6670  -0.5139   2.1387   4.4418   0.4292  -0.8972  -0.0182  -0.2683  -0.2020   0.0018   0.0000   0.0077  -0.0488    0.288
   222  55.7314  -0.6141   2.1498   4.4174   0.4640  -0.8987  -0.0181  -0.2702  -0.2035   0.0015   0.0000   0.0070  -0.0485    0.285
   223  55.8011  -0.7227   2.1618   4.3910   0.4973  -0.9003  -0.0178  -0.2724  -0.2051   0.0012   0.0000   0.0063  -0.0482    0.281
   224  55.8759  -0.8392   2.1746   4.3626   0.5288  -0.9019  -0.0174  -0.2746  -0.2068   0.0009   0.0000   0.0057  -0.0480    0.277
   225  55.9558  -0.9636   2.1884   4.3323   0.5586  -0.9034  -0.0167  -0.2770  -0.2086   0.0006   0.0000   0.0050  -0.0479    0.274
   226  56.0405  -1.0955   2.2029   4.3001   0.5866  -0.9049  -0.0159  -0.2796  -0.2105   0.0003   0.0000   0.0044  -0.0477    0.271
   227  56.1315  -1.2373   2.2186   4.2656   0.6352  -0.9062  -0.0148  -0.2822  -0.2126   0.0000   0.0000   0.0038  -0.0477    0.268
   228  56.2289  -1.3889   2.2353   4.2287   0.6600  -0.9072  -0.0134  -0.2850  -0.2147  -0.0002   0.0000   0.0033  -0.0476    0.265
   229  56.3307  -1.5475   2.2528   4.1900   0.6826  -0.9079  -0.0118  -0.2879  -0.2168  -0.0005   0.0000   0.0027  -0.0476    0.263
   230  56.4368  -1.7127   2.2711   4.1498   0.7031  -0.9083  -0.0100  -0.2908  -0.2190  -0.0008   0.0000   0.0023  -0.0477    0.260
   231  56.5469  -1.8842   2.2900   4.1080   0.7214  -0.9080  -0.0079  -0.2937  -0.2212  -0.0010   0.0000   0.0018  -0.0478    0.258
   232  56.6609  -2.0617   2.3096   4.0648   0.7375  -0.9072  -0.0057  -0.2966  -0.2234  -0.0013   0.0000   0.0014  -0.0479    0.256
   233  56.7785  -2.2448   2.3298   4.0202   0.7513  -0.9057  -0.0034  -0.2994  -0.2255  -0.0015   0.0000   0.0010  -0.0480    0.255
   234  56.8994  -2.4331   2.3506   3.9743   0.7630  -0.9033  -0.0011  -0.3020  -0.2275  -0.0017   0.0000   0.0007  -0.0481    0.253
   235  57.0234  -2.6263   2.3719   3.9273   0.7724  -0.8999   0.0011  -0.3045  -0.2293  -0.0019   0.0000   0.0004  -0.0482    0.252
   236  57.1504  -2.8240   2.3937   3.8791   0.7796  -0.8955   0.0031  -0.3068  -0.2311  -0.0021   0.0000   0.0001  -0.0484    0.250
   237  57.2799  -3.0257   2.4160   3.8300   0.7846  -0.8900   0.0047  -0.3088  -0.2326  -0.0023   0.0000  -0.0002  -0.0485    0.249
   238  57.4118  -3.2311   2.4387   3.7800   0.7875  -0.8832   0.0060  -0.3105  -0.2339  -0.0024   0.0000  -0.0004  -0.0485    0.248
   239  57.5458  -3.4398   2.4617   3.7292   0.7883  -0.8752   0.0069  -0.3119  -0.2349  -0.0025   0.0000  -0.0006  -0.0486    0.247
   240  57.6816  -3.6513   2.4851   3.6777   0.7871  -0.8659   0.0073  -0.3129  -0.2357  -0.0026   0.0000  -0.0008  -0.0486    0.247
   241  57.8189  -3.8651   2.5087   3.6256   0.7840  -0.8553   0.0073  -0.3135  -0.2361  -0.0027   0.0000  -0.0010  -0.0485    0.246
   242  57.9575  -4.0810   2.5325   3.5730   0.7789  -0.8434   0.0068  -0.3137  -0.2363  -0.0027   0.0000  -0.0011  -0.0485    0.245
   243  58.0971  -4.2984   2.5565   3.5200   0.7721  -0.8303   0.0061  -0.3135  -0.2361  -0.0028   0.0000  -0.0012  -0.0483    0.245
   244  58.2374  -4.5169   2.5806   3.4668   0.7635  -0.8161   0.0050  -0.3129  -0.2356  -0.0027   0.0000  -0.0013  -0.0481    0.244
   245  58.3781  -4.7361   2.6048   3.4134   0.7532  -0.8008   0.0038  -0.3118  -0.2348  -0.0027   0.0000  -0.0014  -0.0479    0.244
   246  58.5190  -4.9555   2.6291   3.3600   0.7414  -0.7845   0.0025  -0.3103  -0.2337  -0.0027   0.0000  -0.0015  -0.0476    0.244
   247  58.6597  -5.1746   2.6533   3.3066   0.7282  -0.7674   0.0011  -0.3085  -0.2323  -0.0026   0.0000  -0.0016  -0.0472    0.243
   248  58.8000  -5.3931   2.6774   3.2534   0.7136  -0.7496  -0.0003  -0.3062  -0.2306  -0.0025   0.0000  -0.0016  -0.0468    0.243
   249  58.9396  -5.6105   2.7014   3.2005   0.6977  -0.7312  -0.0017  -0.3037  -0.2287  -0.0024   0.0000  -0.0017  -0.0464    0.243
   250  59.0783  -5.8264   2.7252   3.1479   0.6807  -0.7124  -0.0031  -0.3008  -0.2265  -0.0023   0.0000  -0.0018  -0.0458    0.242
   251  59.2156  -6.0403   2.7488   3.0958   0.6626  -0.6931  -0.0045  -0.2976  -0.2241  -0.0022   0.0000  -0.0019  -0.0453    0.242
   252  59.3514  -6.2518   2.7722   3.0443   0.6435  -0.6736  -0.0058  -0.2941  -0.2215  -0.0021   0.0000  -0.0020  -0.0446    0.241
   253  59.4854  -6.4604   2.7952   2.9935   0.6236  -0.6538  -0.0070  -0.2903  -0.2186  -0.0020   0.0000  -0.0021  -0.0439    0.240
   254  59.6173  -6.6658   2.8179   2.9434   0.6030  -0.6339  -0.0082  -0.2862  -0.2156  -0.0019   0.0000  -0.0022  -0.0432    0.240
   255  59.7468  -6.8676   2.8402   2.8943   0.5816  -0.6139  -0.0094  -0.2819  -0.2123  -0.0018   0.0000  -0.0024  -0.0423    0.239
   256  59.8737  -7.0652   2.8620   2.8462   0.5597  -0.5937  -0.0106  -0.2772  -0.2088  -0.0017   0.0000  -0.0026  -0.0414    0.237
   257  59.9978  -7.2584   2.8833   2.7991   0.5373  -0.5734  -0.0118  -0.2722  -0.2050  -0.0016   0.0000  -0.0029  -0.0404    0.236
   258  60.1187  -7.4468   2.9041   2.7532   0.5146  -0.5530  -0.0129  -0.2669  -0.2010  -0.0015   0.0000  -0.0032  -0.0393    0.234
   259  60.2363  -7.6298   2.9243   2.7086   0.4914  -0.5325  -0.0141  -0.2612  -0.1968  -0.0014   0.0000  -0.0035  -0.0382    0.232
   260  60.3502  -7.8073   2.9439   2.6654   0.4681  -0.5117  -0.0152  -0.2551  -0.1921  -0.0013   0.0000  -0.0039  -0.0369    0.230
   261  60.4604  -7.9789   2.9629   2.6236   0.4445  -0.4907  -0.0164  -0.2485  -0.1872  -0.0013   0.0000  -0.0043  -0.0355    0.227
   262  60.5664  -8.1441   2.9811   2.5834   0.4209  -0.4693  -0.0175  -0.2414  -0.1818  -0.0012   0.0000  -0.0048  -0.0340    0.224
   263  60.6683  -8.3026   2.9986   2.5448   0.3972  -0.4476  -0.0186  -0.2337  -0.1760  -0.0011   0.0000  -0.0053  -0.0323    0.220
   264  60.7656  -8.4543   3.0153   2.5078   0.3735  -0.4254  -0.0197  -0.2254  -0.1698  -0.0011   0.0000  -0.0058  -0.0306    0.216
   265  60.8583  -8.5986   3.0313   2.4727   0.3498  -0.4027  -0.0208  -0.2164  -0.1630  -0.0011   0.0000  -0.0064  -0.0287    0.211
   266  60.9461  -8.7354   3.0464   2.4394   0.3262  -0.3795  -0.0218  -0.2067  -0.1557  -0.0010   0.0000  -0.0070  -0.0267    0.205
   267  61.0289  -8.8643   3.0606   2.4080   0.3027  -0.3558  -0.0227  -0.1963  -0.1479  -0.0010   0.0000  -0.0075  -0.0246    0.199
   268  61.1050  -8.9828   3.0737   2.3791   0.2681  -0.3317  -0.0236  -0.1853  -0.1396  -0.0010   0.0000  -0.0080  -0.0224    0.193
   269  61.1744  -9.0908   3.0856   2.3528   0.2460  -0.3075  -0.0244  -0.1737  -0.1308  -0.0010   0.0000  -0.0084  -0.0203    0.186
   270  61.2384  -9.1906   3.0966   2.3285   0.2239  -0.2829  -0.0251  -0.1614  -0.1216  -0.0010   0.0000  -0.0086  -0.0181    0.179
   271  61.2971  -9.2820   3.1067   2.3063   0.2021  -0.2577  -0.0257  -0.1485  -0.1118  -0.0010   0.0000  -0.0087  -0.0160    0.172
   272  61.3502  -9.3647   3.1159   2.2861   0.1803  -0.2320  -0.0263  -0.1349  -0.1016  -0.0010   0.0000  -0.0087  -0.0139    0.164
   273  61.3977  -9.4387   3.1240   2.2681   0.1587  -0.2059  -0.0268  -0.1206  -0.0909  -0.0010   0.0000  -0.0084  -0.0119    0.157
   274  61.4395  -9.5038   3.1312   2.2523   0.1372  -0.1793  -0.0272  -0.1058  -0.0797  -0.0010   0.0000  -0.0080  -0.0099    0.150
   275  61.4755  -9.5598   3.1374   2.2386   0.1159  -0.1524  -0.0276  -0.0905  -0.0682  -0.0010   0.0000  -0.0073  -0.0081    0.143
   276  61.5056  -9.6066   3.1426   2.2272   0.0946  -0.1252  -0.0279  -0.0747  -0.0563  -0.0010   0.0000  -0.0063  -0.0064    0.137
   277  61.5297  -9.6442   3.1467   2.2181   0.0735  -0.0976  -0.0281  -0.0585  -0.0441  -0.0010   0.0000  -0.0052  -0.0048    0.132
   278  61.5479  -9.6725   3.1498   2.2112   0.0524  -0.0699  -0.0283  -0.0420  -0.0317  -0.0010   0.0000  -0.0039  -0.0034    0.128
   279  61.5600  -9.6914   3.1519   2.2066   0.0314  -0.0420  -0.0285  -0.0253  -0.0191  -0.0010   0.0000  -0.0024  -0.0020    0.126
   280  61.5660  -9.7008   3.1530   2.2043   0.0105  -0.0140  -0.0285  -0.0085  -0.0064  -0.0008   0.0000  -0.0008  -0.0007    0.125

  Surface # 5     vertical_stabilizer                     
     # Chordwise = 10   # Spanwise = 70     First strip =281
     Surface area Ssurf =   45.713867     Ave. chord Cave =    5.520998

 Forces referred to Sref, Cref, Bref about Xref, Yref, Zref
 Standard axis orientation,  X fwd, Z down         
     CLsurf  =   0.00000     Clsurf  =  -0.00000
     CYsurf  =  -0.00000     Cmsurf  =  -0.00000
     CDsurf  =  -0.00000     Cnsurf  =   0.00000
     CDisurf =  -0.00000     CDvsurf =   0.00000

 Forces referred to Ssurf, Cave 
     CLsurf  =   0.00000     CDsurf  =  -0.00000

 Strip Forces referred to Strip Area, Chord
    j     Xle      Yle      Zle      Chord    Area     c_cl     ai     cl_norm    cl       cd       cdv    cm_c/4     cm_LE   C.P.x/c
   281  52.2101   0.0000   3.6002   7.9300   0.1771   0.0000   0.0000   0.0000   0.0000   0.0000   0.0000  -0.0000  -0.0000    0.637
   282  52.2358   0.0000   3.6263   7.9148   0.2360   0.0000  -0.0000   0.0000   0.0000   0.0000   0.0000  -0.0000  -0.0000    0.629
   283  52.2688   0.0000   3.6599   7.8953   0.2943   0.0000   0.0000   0.0000   0.0000   0.0000   0.0000  -0.0000  -0.0000    0.692
   284  52.3092   0.0000   3.7008   7.8713   0.3517   0.0000   0.0000   0.0000   0.0000   0.0000   0.0000  -0.0000  -0.0000    0.722
   285  52.3568   0.0000   3.7492   7.8431   0.4080   0.0000   0.0000   0.0000   0.0000   0.0000   0.0000  -0.0000  -0.0000    0.774
   286  52.4116   0.0000   3.8049   7.8107   0.4631   0.0000   0.0000   0.0000   0.0000  -0.0000   0.0000  -0.0000  -0.0000    0.764
   287  52.4736   0.0000   3.8678   7.7740   0.5167   0.0000  -0.0000   0.0000   0.0000  -0.0000   0.0000  -0.0000  -0.0000    0.746
   288  52.5425   0.0000   3.9378   7.7331   0.5687   0.0000   0.0000   0.0000   0.0000  -0.0000   0.0000  -0.0000  -0.0000    0.705
   289  52.6184   0.0000   4.0148   7.6882   0.6188   0.0000  -0.0000   0.0000   0.0000  -0.0000   0.0000  -0.0000  -0.0000    0.690
   290  52.7011   0.0000   4.0987   7.6392   0.6670   0.0000   0.0000   0.0000   0.0000  -0.0000   0.0000  -0.0000  -0.0000    0.720
   291  52.7904   0.0000   4.1894   7.5863   0.7129   0.0000   0.0000   0.0000   0.0000   0.0000   0.0000  -0.0000  -0.0000    0.680
   292  52.8862   0.0000   4.2867   7.5296   0.7566   0.0000  -0.0000   0.0000   0.0000  -0.0000   0.0000  -0.0000  -0.0000    0.656
   293  52.9883   0.0000   4.3903   7.4691   0.7978   0.0000  -0.0000   0.0000   0.0000  -0.0000   0.0000  -0.0000  -0.0000    0.612
   294  53.0965   0.0000   4.5002   7.4050   0.8364   0.0000  -0.0000   0.0000   0.0000   0.0000   0.0000  -0.0000  -0.0000    0.542
   295  53.2107   0.0000   4.6162   7.3374   0.8724   0.0000  -0.0000   0.0000   0.0000   0.0000   0.0000  -0.0000  -0.0000    0.581
   296  53.3307   0.0000   4.7380   7.2663   0.9056   0.0000  -0.0000   0.0000   0.0000   0.0000   0.0000  -0.0000  -0.0000    0.596
   297  53.4562   0.0000   4.8654   7.1920   0.9359   0.0000   0.0000   0.0000   0.0000  -0.0000   0.0000  -0.0000  -0.0000    0.632
   298  53.5870   0.0000   4.9982   7.1146   0.9633   0.0000   0.0000   0.0000   0.0000   0.0000   0.0000  -0.0000  -0.0000    0.657
   299  53.7228   0.0000   5.1361   7.0341   0.9877   0.0000   0.0000   0.0000   0.0000   0.0000   0.0000  -0.0000  -0.0000    0.651
   300  53.8635   0.0000   5.2790   6.9508   1.0092   0.0000  -0.0000   0.0000   0.0000  -0.0000   0.0000  -0.0000  -0.0000    0.664
   301  54.0087   0.0000   5.4264   6.8647   1.0275   0.0000   0.0000   0.0000   0.0000  -0.0000   0.0000  -0.0000  -0.0000    0.695
   302  54.1583   0.0000   5.5783   6.7762   1.0429   0.0000  -0.0000   0.0000   0.0000   0.0000   0.0000  -0.0000  -0.0000    0.658
   303  54.3118   0.0000   5.7342   6.6852   1.0552   0.0000  -0.0000   0.0000   0.0000  -0.0000   0.0000  -0.0000  -0.0000    0.632
   304  54.4691   0.0000   5.8939   6.5921   1.0645   0.0000   0.0000   0.0000   0.0000  -0.0000   0.0000  -0.0000  -0.0000    0.647
   305  54.6299   0.0000   6.0571   6.4969   1.0709   0.0000   0.0000   0.0000   0.0000  -0.0000   0.0000  -0.0000  -0.0000    0.619
   306  54.7937   0.0000   6.2234   6.3998   1.0743   0.0000  -0.0000   0.0000   0.0000  -0.0000   0.0000  -0.0000  -0.0000    0.581
   307  54.9605   0.0000   6.3927   6.3011   1.0748   0.0000  -0.0000   0.0000   0.0000  -0.0000   0.0000  -0.0000  -0.0000    0.503
   308  55.1297   0.0000   6.5645   6.2009   1.0726   0.0000  -0.0000   0.0000   0.0000   0.0000   0.0000  -0.0000  -0.0000    0.463
   309  55.3011   0.0000   6.7386   6.0993   1.0677   0.0000  -0.0000   0.0000   0.0000   0.0000   0.0000  -0.0000  -0.0000    0.443
   310  55.4744   0.0000   6.9145   5.9967   1.0602   0.0000   0.0000   0.0000   0.0000  -0.0000   0.0000  -0.0000  -0.0000    0.472
   311  55.6493   0.0000   7.0921   5.8931   1.0502   0.0000  -0.0000   0.0000   0.0000   0.0000   0.0000  -0.0000  -0.0000    0.458
   312  55.8254   0.0000   7.2709   5.7888   1.0378   0.0000   0.0000   0.0000   0.0000   0.0000   0.0000  -0.0000  -0.0000    0.478
   313  56.0024   0.0000   7.4506   5.6840   1.0232   0.0000   0.0000   0.0000   0.0000  -0.0000   0.0000  -0.0000  -0.0000    0.482
   314  56.1799   0.0000   7.6308   5.5789   1.0064   0.0000  -0.0000   0.0000   0.0000  -0.0000   0.0000  -0.0000  -0.0000    0.385
   315  56.3576   0.0000   7.8113   5.4736   0.9877   0.0000   0.0000   0.0000   0.0000  -0.0000   0.0000  -0.0000  -0.0000    0.382
   316  56.5353   0.0000   7.9916   5.3684   0.9671   0.0000  -0.0000   0.0000   0.0000   0.0000   0.0000  -0.0000  -0.0000    0.325
   317  56.7124   0.0000   8.1715   5.2635   0.9449   0.0000  -0.0000   0.0000   0.0000  -0.0000   0.0000  -0.0000  -0.0000    0.292
   318  56.8888   0.0000   8.3506   5.1590   0.9211   0.0000  -0.0000   0.0000   0.0000   0.0000   0.0000  -0.0000  -0.0000    0.251
   319  57.0641   0.0000   8.5285   5.0552   0.8959   0.0000  -0.0000   0.0000   0.0000  -0.0000   0.0000  -0.0000  -0.0000    0.275
   320  57.2378   0.0000   8.7049   4.9523   0.8694   0.0000  -0.0000   0.0000   0.0000  -0.0000   0.0000  -0.0000  -0.0000    0.271
   321  57.4098   0.0000   8.8795   4.8504   0.8418   0.0000  -0.0000   0.0000   0.0000  -0.0000   0.0000  -0.0000  -0.0000    0.315
   322  57.5796   0.0000   9.0520   4.7499   0.8133   0.0000  -0.0000   0.0000   0.0000  -0.0000   0.0000  -0.0000  -0.0000    0.332
   323  57.7470   0.0000   9.2219   4.6507   0.7840   0.0000  -0.0000   0.0000   0.0000  -0.0000   0.0000  -0.0000  -0.0000    0.336
   324  57.9116   0.0000   9.3890   4.5532   0.7540   0.0000  -0.0000   0.0000   0.0000  -0.0000   0.0000  -0.0000  -0.0000    0.353
   325  58.0731   0.0000   9.5530   4.4576   0.7235   0.0000  -0.0000   0.0000   0.0000  -0.0000   0.0000  -0.0000  -0.0000    0.284
   326  58.2313   0.0000   9.7136   4.3639   0.6925   0.0000  -0.0000   0.0000   0.0000  -0.0000   0.0000  -0.0000  -0.0000    0.333
   327  58.3857   0.0000   9.8703   4.2725   0.6613   0.0000  -0.0000   0.0000   0.0000  -0.0000   0.0000  -0.0000  -0.0000    0.333
   328  58.5361   0.0000  10.0230   4.1834   0.6299   0.0000  -0.0000   0.0000   0.0000  -0.0000   0.0000  -0.0000  -0.0000    0.296
   329  58.6822   0.0000  10.1714   4.0969   0.5984   0.0000   0.0000   0.0000   0.0000  -0.0000   0.0000  -0.0000  -0.0000    0.319
   330  58.8237   0.0000  10.3151   4.0130   0.5670   0.0000  -0.0000   0.0000   0.0000  -0.0000   0.0000  -0.0000  -0.0000    0.305
   331  58.9604   0.0000  10.4539   3.9321   0.5357   0.0000  -0.0000   0.0000   0.0000  -0.0000   0.0000  -0.0000  -0.0000    0.309
   332  59.0920   0.0000  10.5875   3.8541   0.5046   0.0000  -0.0000   0.0000   0.0000  -0.0000   0.0000  -0.0000  -0.0000    0.281
   333  59.2183   0.0000  10.7157   3.7794   0.4737   0.0000  -0.0000   0.0000   0.0000  -0.0000   0.0000  -0.0000  -0.0000    0.266
   334  59.3389   0.0000  10.8381   3.7079   0.4432   0.0000  -0.0000   0.0000   0.0000  -0.0000   0.0000  -0.0000  -0.0000    0.277
   335  59.4537   0.0000  10.9547   3.6399   0.4131   0.0000  -0.0000   0.0000   0.0000  -0.0000   0.0000   0.0000  -0.0000    0.234
   336  59.5624   0.0000  11.0651   3.5756   0.3834   0.0000  -0.0000   0.0000   0.0000  -0.0000   0.0000   0.0000  -0.0000    0.231
   337  59.6648   0.0000  11.1691   3.5149   0.3542   0.0000  -0.0000   0.0000   0.0000  -0.0000   0.0000   0.0000  -0.0000    0.181
   338  59.7608   0.0000  11.2665   3.4580   0.3254   0.0000   0.0000   0.0000   0.0000  -0.0000   0.0000  -0.0000  -0.0000    0.271
   339  59.8502   0.0000  11.3572   3.4051   0.2971   0.0000   0.0000   0.0000   0.0000  -0.0000   0.0000  -0.0000  -0.0000    0.328
   340  59.9327   0.0000  11.4410   3.3562   0.2693   0.0000  -0.0000   0.0000   0.0000  -0.0000   0.0000  -0.0000  -0.0000    0.283
   341  60.0082   0.0000  11.5177   3.3115   0.2420   0.0000  -0.0000   0.0000   0.0000  -0.0000   0.0000  -0.0000  -0.0000    0.287
   342  60.0766   0.0000  11.5871   3.2710   0.2151   0.0000  -0.0000   0.0000   0.0000  -0.0000   0.0000  -0.0000  -0.0000    0.281
   343  60.1377   0.0000  11.6492   3.2348   0.1887   0.0000   0.0000   0.0000   0.0000  -0.0000   0.0000  -0.0000  -0.0000    0.312
   344  60.1915   0.0000  11.7038   3.2030   0.1627   0.0000   0.0000   0.0000   0.0000  -0.0000   0.0000  -0.0000  -0.0000    0.336
   345  60.2378   0.0000  11.7508   3.1756   0.1370   0.0000   0.0000   0.0000   0.0000  -0.0000   0.0000  -0.0000  -0.0000    0.324
   346  60.2765   0.0000  11.7901   3.1526   0.1116   0.0000  -0.0000   0.0000   0.0000  -0.0000   0.0000  -0.0000  -0.0000    0.280
   347  60.3075   0.0000  11.8216   3.1342   0.0866   0.0000   0.0000   0.0000   0.0000  -0.0000   0.0000  -0.0000  -0.0000    0.319
   348  60.3308   0.0000  11.8453   3.1204   0.0617   0.0000  -0.0000   0.0000   0.0000  -0.0000   0.0000  -0.0000  -0.0000    0.272
   349  60.3464   0.0000  11.8611   3.1112   0.0369   0.0000  -0.0000   0.0000   0.0000  -0.0000   0.0000   0.0000  -0.0000    0.199
   350  60.3542   0.0000  11.8690   3.1066   0.0123   0.0000  -0.0000   0.0000   0.0000  -0.0000   0.0000   0.0000  -0.0000    0.219

  Surface # 6     fuselage_horizontal                     
     # Chordwise = 10   # Spanwise = 10     First strip =351
     Surface area Ssurf =  305.582940     Ave. chord Cave =   52.236400

 Forces referred to Sref, Cref, Bref about Xref, Yref, Zref
 Standard axis orientation,  X fwd, Z down         
     CLsurf  =  -0.00717     Clsurf  =  -0.00000
     CYsurf  =   0.00000     Cmsurf  =   0.01308
     CDsurf  =   0.00018     Cnsurf  =  -0.00000
     CDisurf =   0.00018     CDvsurf =   0.00000

 Forces referred to Ssurf, Cave 
     CLsurf  =  -0.01151     CDsurf  =   0.00029

 Strip Forces referred to Strip Area, Chord
    j     Xle      Yle      Zle      Chord    Area     c_cl     ai     cl_norm    cl       cd       cdv    cm_c/4     cm_LE   C.P.x/c
   351   7.4693  -2.6325   0.0000  39.8265  23.2985  -0.4309   0.0007  -0.0975  -0.0108   0.0002   0.0000   0.0007   0.0005    0.316
   352   4.3582  -2.0475   0.0000  47.8148  27.9717  -0.6001  -0.0562  -0.0250  -0.0125   0.0004   0.0000   0.0007   0.0010    0.302
   353   2.4947  -1.4625   0.0000  53.5537  31.3289  -0.6769  -0.0855  -0.0157  -0.0126   0.0004   0.0000   0.0003   0.0012    0.274
   354   1.1502  -0.8775   0.0000  58.2257  34.0620  -0.6583  -0.0668  -0.0115  -0.0113   0.0003   0.0000  -0.0006   0.0010    0.197
   355   0.2954  -0.2925   0.0000  61.7612  36.1303  -0.6411  -0.0600  -0.0109  -0.0104   0.0002   0.0000  -0.0010   0.0011    0.153
   356   0.2954   0.2925   0.0000  61.7612  36.1303  -0.6411  -0.0600  -0.0109  -0.0104   0.0002   0.0000  -0.0010   0.0011    0.153
   357   1.1502   0.8775   0.0000  58.2257  34.0620  -0.6583  -0.0668  -0.0115  -0.0113   0.0003   0.0000  -0.0006   0.0010    0.197
   358   2.4947   1.4625   0.0000  53.5538  31.3289  -0.6769  -0.0855  -0.0157  -0.0126   0.0004   0.0000   0.0003   0.0012    0.274
   359   4.3582   2.0475   0.0000  47.8148  27.9717  -0.6001  -0.0562  -0.0250  -0.0125   0.0004   0.0000   0.0007   0.0010    0.302
   360   7.4692   2.6325   0.0000  39.8266  23.2985  -0.4309   0.0007  -0.0975  -0.0108   0.0002   0.0000   0.0007   0.0005    0.316

  Surface # 7     fuselage_vertical                       
     # Chordwise = 10   # Spanwise = 10     First strip =361
     Surface area Ssurf =  302.292047     Ave. chord Cave =   52.236400

 Forces referred to Sref, Cref, Bref about Xref, Yref, Zref
 Standard axis orientation,  X fwd, Z down         
     CLsurf  =  -0.00000     Clsurf  =  -0.00000
     CYsurf  =   0.00000     Cmsurf  =   0.00000
     CDsurf  =  -0.00000     Cnsurf  =   0.00000
     CDisurf =  -0.00000     CDvsurf =   0.00000

 Forces referred to Ssurf, Cave 
     CLsurf  =  -0.00000     CDsurf  =  -0.00000

 Strip Forces referred to Strip Area, Chord
    j     Xle      Yle      Zle      Chord    Area     c_cl     ai     cl_norm    cl       cd       cdv    cm_c/4     cm_LE   C.P.x/c
   361   7.4693   0.0000  -2.6041  39.8265  23.0476  -0.0000  -0.0000  -0.0000  -0.0000   0.0000   0.0000   0.0000   0.0000    0.863
   362   4.3582   0.0000  -2.0255  47.8148  27.6705  -0.0000  -0.0000  -0.0000  -0.0000  -0.0000   0.0000   0.0000   0.0000    0.791
   363   2.4947   0.0000  -1.4467  53.5537  30.9916  -0.0000  -0.0000  -0.0000  -0.0000  -0.0000   0.0000   0.0000   0.0000    0.810
   364   1.1502   0.0000  -0.8680  58.2257  33.6952   0.0000  -0.0000   0.0000   0.0000   0.0000   0.0000  -0.0000  -0.0000  999.000
   365   0.2954   0.0000  -0.2894  61.7612  35.7412  -0.0000  -0.0000  -0.0000  -0.0000  -0.0000   0.0000   0.0000   0.0000    0.486
   366   0.2954   0.0000   0.2894  61.7612  35.7412   0.0000   0.0000   0.0000   0.0000  -0.0000   0.0000  -0.0000  -0.0000  999.000
   367   1.1502   0.0000   0.8680  58.2257  33.6952   0.0000   0.0000   0.0000   0.0000   0.0000   0.0000  -0.0000  -0.0000  999.000
   368   2.4947   0.0000   1.4467  53.5537  30.9916   0.0000   0.0000   0.0000   0.0000   0.0000   0.0000  -0.0000  -0.0000    0.371
   369   4.3582   0.0000   2.0255  47.8148  27.6705   0.0000  -0.0000   0.0000   0.0000  -0.0000   0.0000  -0.0000  -0.0000    0.767
   370   7.4693   0.0000   2.6041  39.8265  23.0476   0.0000  -0.0000   0.0000   0.0000  -0.0000   0.0000  -0.0000  -0.0000    0.992
 ---------------------------------------------------------------
