 ---------------------------------------------------------------
 Surface and Strip Forces by surface

  Sref =  490.60       Cref =  8.4083       Bref =  70.000    
  Xref =  29.948       Yref =  0.0000       Zref =-0.24644    

  Surface # 1     main_wing                               
     # Chordwise = 10   # Spanwise = 80     First strip =  1
     Surface area Ssurf =  250.220919     Ave. chord Cave =    7.118898

 Forces referred to Sref, Cref, Bref about Xref, Yref, Zref
 Standard axis orientation,  X fwd, Z down         
     CLsurf  =   0.43393     Clsurf  =  -0.08469
     CYsurf  =  -0.02336     Cmsurf  =  -0.10742
     CDsurf  =   0.01355     Cnsurf  =  -0.01090
     CDisurf =   0.01355     CDvsurf =   0.00000

 Forces referred to Ssurf, Cave 
     CLsurf  =   0.85161     CDsurf  =   0.02657

 Strip Forces referred to Strip Area, Chord
    j     Xle      Yle      Zle      Chord    Area     c_cl     ai     cl_norm    cl       cd       cdv    cm_c/4     cm_LE   C.P.x/c
     1  22.4080   0.0036  -0.9570  12.4590   0.1808   9.0909   0.0854   0.7274   0.7274   0.0633   0.0000  -0.0619  -0.2443    0.335
     2  22.4080   0.0327  -0.9570  12.4590   0.5422   9.0910   0.0854   0.7274   0.7274   0.0631   0.0000  -0.0619  -0.2443    0.335
     3  22.4080   0.0907  -0.9570  12.4590   0.9028   9.0913   0.0854   0.7275   0.7275   0.0629   0.0000  -0.0619  -0.2443    0.335
     4  22.4080   0.1775  -0.9570  12.4590   1.2619   9.0925   0.0854   0.7276   0.7276   0.0626   0.0000  -0.0620  -0.2444    0.335
     5  22.4080   0.2932  -0.9570  12.4590   1.6191   9.0954   0.0854   0.7279   0.7279   0.0623   0.0000  -0.0622  -0.2447    0.335
     6  22.4080   0.4374  -0.9570  12.4590   1.9739   9.1010   0.0854   0.7283   0.7283   0.0621   0.0000  -0.0626  -0.2452    0.336
     7  22.4080   0.6100  -0.9570  12.4590   2.3255   9.1109   0.0854   0.7291   0.7291   0.0620   0.0000  -0.0633  -0.2461    0.337
     8  22.4080   0.8106  -0.9570  12.4590   2.6736   9.1269   0.0853   0.7304   0.7304   0.0622   0.0000  -0.0644  -0.2475    0.338
     9  22.4080   1.0391  -0.9570  12.4590   3.0176   9.1517   0.0850   0.7324   0.7324   0.0626   0.0000  -0.0661  -0.2497    0.340
    10  22.4080   1.2949  -0.9570  12.4590   3.3569   9.1890   0.0839   0.7353   0.7353   0.0634   0.0000  -0.0685  -0.2528    0.343
    11  22.4080   1.5778  -0.9570  12.4590   3.6910   9.2449   0.0814   0.7396   0.7396   0.0649   0.0000  -0.0719  -0.2574    0.347
    12  22.4080   1.8873  -0.9570  12.4590   4.0195   9.3302   0.0763   0.7462   0.7462   0.0674   0.0000  -0.0768  -0.2640    0.353
    13  22.4080   2.2230  -0.9570  12.4590   4.3417   9.4700   0.0683   0.7569   0.7569   0.0727   0.0000  -0.0839  -0.2740    0.361
    14  22.4080   2.5842  -0.9570  12.4590   4.6573   9.7872   0.0565   0.7791   0.7791   0.1006   0.0000  -0.0958  -0.2922    0.373
    15  22.4974   2.9170  -0.9395  12.3826   3.6189  10.3740   0.4662   1.0315   0.8229   0.1724   0.0000  -0.1184  -0.2823    0.394
    16  22.6846   3.2159  -0.9028  12.2227   3.7885  10.3864   0.4584   1.0510   0.8384   0.1441   0.0000  -0.1237  -0.2895    0.398
    17  22.8826   3.5322  -0.8639  12.0536   3.9437  10.3450   0.4537   1.0628   0.8479   0.1369   0.0000  -0.1229  -0.2907    0.395
    18  23.0912   3.8653  -0.8230  11.8754   4.0839  10.1175   0.4532   1.0565   0.8429   0.1259   0.0000  -0.1143  -0.2821    0.386
    19  23.3498   4.2783  -0.7723  11.6545   5.7066   9.4022   0.0388   1.0099   0.8057   0.0578   0.0000  -0.0856  -0.2481    0.356
    20  23.6607   4.7750  -0.7113  11.3888   5.8186   9.0421   0.0419   0.9944   0.7933   0.0534   0.0000  -0.0716  -0.2335    0.340
    21  23.9847   5.2923  -0.6478  11.1120   5.9047   8.7774   0.0446   0.9899   0.7897   0.0491   0.0000  -0.0618  -0.2244    0.328
    22  24.3210   5.8296  -0.5818  10.8247   5.9646   8.5585   0.0466   0.9915   0.7910   0.0452   0.0000  -0.0544  -0.2183    0.319
    23  24.6694   6.3859  -0.5135  10.5270   5.9985   8.3656   0.0477   0.9971   0.7955   0.0416   0.0000  -0.0484  -0.2142    0.311
    24  25.0291   6.9605  -0.4430  10.2197   6.0065   8.1884   0.0477   1.0059   0.8025   0.0382   0.0000  -0.0436  -0.2116    0.304
    25  25.3998   7.5524  -0.3703   9.9031   5.9889   8.0208   0.0464   1.0174   0.8117   0.0349   0.0000  -0.0398  -0.2102    0.299
    26  25.7806   8.1608  -0.2956   9.5777   5.9462   7.8590   0.0436   1.0313   0.8228   0.0318   0.0000  -0.0367  -0.2100    0.295
    27  26.1712   8.7846  -0.2190   9.2440   5.8788   7.7007   0.0389   1.0476   0.8357   0.0287   0.0000  -0.0344  -0.2107    0.291
    28  26.5709   9.4230  -0.1406   8.9025   5.7875   7.5435   0.0314   1.0660   0.8505   0.0259   0.0000  -0.0327  -0.2125    0.288
    29  26.9647  10.0557  -0.0738   8.6530   5.3824   7.3878   0.0253   1.1295   0.8574   0.0230   0.0000  -0.0284  -0.2093    0.283
    30  27.3514  10.6811  -0.0191   8.4988   5.3831   7.2748   0.0265   1.1329   0.8599   0.0204   0.0000  -0.0256  -0.2074    0.280
    31  27.7448  11.3174   0.0366   8.3420   5.3704   7.1643   0.0270   1.1370   0.8631   0.0180   0.0000  -0.0234  -0.2062    0.277
    32  28.1443  11.9635   0.0931   8.1827   5.3448   7.0553   0.0276   1.1419   0.8668   0.0158   0.0000  -0.0216  -0.2054    0.275
    33  28.5492  12.6185   0.1504   8.0213   5.3066   6.9462   0.0283   1.1472   0.8708   0.0137   0.0000  -0.0203  -0.2051    0.273
    34  28.9591  13.2814   0.2084   7.8579   5.2564   6.8362   0.0292   1.1529   0.8751   0.0118   0.0000  -0.0193  -0.2051    0.272
    35  29.3731  13.9510   0.2670   7.6928   5.1948   6.7247   0.0301   1.1587   0.8795   0.0100   0.0000  -0.0185  -0.2054    0.271
    36  29.7907  14.6265   0.3261   7.5263   5.1222   6.6113   0.0308   1.1646   0.8840   0.0084   0.0000  -0.0179  -0.2058    0.270
    37  30.2113  15.3067   0.3856   7.3587   5.0393   6.4956   0.0314   1.1706   0.8885   0.0068   0.0000  -0.0175  -0.2064    0.270
    38  30.6342  15.9907   0.4454   7.1901   4.9468   6.3775   0.0318   1.1765   0.8930   0.0054   0.0000  -0.0173  -0.2072    0.269
    39  31.0587  16.6772   0.5055   7.0209   4.8453   6.2567   0.0320   1.1822   0.8974   0.0040   0.0000  -0.0173  -0.2080    0.269
    40  31.4842  17.3654   0.5657   6.8512   4.7356   6.1331   0.0321   1.1878   0.9016   0.0027   0.0000  -0.0174  -0.2090    0.269
    41  31.9100  18.0541   0.6259   6.6815   4.6182   6.0069   0.0319   1.1931   0.9056   0.0015   0.0000  -0.0177  -0.2101    0.270
    42  32.3355  18.7423   0.6861   6.5119   4.4941   5.8781   0.0315   1.1981   0.9094   0.0005   0.0000  -0.0183  -0.2114    0.270
    43  32.7600  19.4289   0.7462   6.3426   4.3638   5.7471   0.0310   1.2028   0.9130  -0.0003   0.0000  -0.0193  -0.2130    0.271
    44  33.1829  20.1128   0.8060   6.1740   4.2281   5.6142   0.0304   1.2071   0.9163  -0.0008   0.0000  -0.0209  -0.2151    0.273
    45  33.6034  20.7930   0.8655   6.0064   4.0877   5.4801   0.0297   1.2111   0.9193  -0.0005   0.0000  -0.0236  -0.2180    0.276
    46  34.0211  21.4685   0.9246   5.8399   3.9435   5.3455   0.0289   1.2147   0.9220   0.0018   0.0000  -0.0279  -0.2223    0.280
    47  34.4351  22.1382   0.9832   5.6748   3.7961   5.2117   0.0282   1.2172   0.9239   0.0113   0.0000  -0.0357  -0.2296    0.289
    48  34.7955  22.7210   1.0342   5.5312   2.7734   5.0903   0.0278   1.2284   0.9325  -0.0426   0.0000  -0.0575  -0.2484    0.312
    49  35.1476  23.2905   1.0840   5.3908   3.4568   4.9706   0.0276   1.2280   0.9321  -0.0256   0.0000  -0.0646  -0.2548    0.319
    50  35.5398  23.9248   1.1395   5.2344   3.3083   4.8412   0.0275   1.2309   0.9343  -0.0200   0.0000  -0.0678  -0.2581    0.323
    51  35.9260  24.5495   1.1942   5.0805   3.1592   4.7118   0.0275   1.2339   0.9366  -0.0179   0.0000  -0.0694  -0.2600    0.324
    52  36.3056  25.1635   1.2479   4.9291   3.0101   4.5832   0.0277   1.2369   0.9389  -0.0170   0.0000  -0.0701  -0.2612    0.325
    53  36.6781  25.7659   1.3006   4.7806   2.8615   4.4554   0.0281   1.2398   0.9410  -0.0168   0.0000  -0.0705  -0.2619    0.325
    54  37.0428  26.3559   1.3522   4.6352   2.7141   4.3284   0.0287   1.2422   0.9429  -0.0169   0.0000  -0.0706  -0.2624    0.325
    55  37.3992  26.9323   1.4027   4.4931   2.5684   4.2021   0.0295   1.2441   0.9444  -0.0172   0.0000  -0.0704  -0.2625    0.325
    56  37.7468  27.4945   1.4518   4.3545   2.4247   4.0763   0.0305   1.2454   0.9453  -0.0176   0.0000  -0.0700  -0.2624    0.324
    57  38.0850  28.0415   1.4997   4.2197   2.2835   3.9508   0.0317   1.2457   0.9455  -0.0181   0.0000  -0.0695  -0.2620    0.324
    58  38.4133  28.5725   1.5461   4.0888   2.1452   3.8254   0.0333   1.2448   0.9449  -0.0186   0.0000  -0.0688  -0.2613    0.323
    59  38.7312  29.0866   1.5911   3.9621   2.0101   3.6995   0.0351   1.2425   0.9431  -0.0191   0.0000  -0.0679  -0.2601    0.322
    60  39.0382  29.5831   1.6346   3.8397   1.8786   3.5728   0.0373   1.2383   0.9399  -0.0197   0.0000  -0.0668  -0.2584    0.321
    61  39.3338  30.0612   1.6764   3.7219   1.7508   3.4446   0.0397   1.2317   0.9350  -0.0202   0.0000  -0.0653  -0.2562    0.320
    62  39.6175  30.5202   1.7165   3.6087   1.6269   3.3142   0.0425   1.2223   0.9278  -0.0207   0.0000  -0.0636  -0.2532    0.319
    63  39.8890  30.9593   1.7550   3.5005   1.5072   3.1807   0.0454   1.2095   0.9181  -0.0211   0.0000  -0.0616  -0.2493    0.317
    64  40.1478  31.3779   1.7916   3.3973   1.3917   3.0432   0.0483   1.1924   0.9051  -0.0215   0.0000  -0.0592  -0.2445    0.315
    65  40.3935  31.7753   1.8263   3.2994   1.2804   2.9008   0.0511   1.1705   0.8885  -0.0218   0.0000  -0.0566  -0.2387    0.314
    66  40.6258  32.1509   1.8592   3.2068   1.1734   2.7527   0.0535   1.1429   0.8675  -0.0217   0.0000  -0.0540  -0.2320    0.312
    67  40.8442  32.5042   1.8901   3.1197   1.0707   2.5986   0.0552   1.1091   0.8419  -0.0212   0.0000  -0.0519  -0.2247    0.312
    68  41.0485  32.8346   1.9190   3.0383   0.9721   2.4381   0.0559   1.0684   0.8110  -0.0199   0.0000  -0.0509  -0.2172    0.313
    69  41.2438  33.1504   1.9467   2.9604   0.9286   2.2686   0.0554   1.0200   0.7742  -0.0177   0.0000  -0.0520  -0.2103    0.317
    70  41.4291  33.4502   1.9729   2.8866   0.8314   2.0893   0.0514   0.9638   0.7316  -0.0191   0.0000  -0.0568  -0.2052    0.328
    71  41.8199  33.7262   1.9971   2.6622   0.7082   1.9002   0.0458   3.2321   0.7196  -0.0031   0.0000  -0.0390  -0.0938    0.304
    72  42.3833  33.9779   2.0191   2.3104   0.5525   1.7290   0.0566   3.4142   0.7602  -0.0487   0.0000  -0.0271  -0.0929    0.286
    73  42.8863  34.2026   2.0388   1.9964   0.4230   1.5568   0.0690   3.5727   0.7955  -0.0773   0.0000  -0.0174  -0.0924    0.272
    74  43.3282  34.4000   2.0560   1.7205   0.3171   1.3793   0.0832   3.6869   0.8209  -0.1042   0.0000  -0.0054  -0.0901    0.257
    75  43.7082  34.5698   2.0709   1.4833   0.2320   1.1926   0.0970   3.7131   0.8267  -0.1323   0.0000   0.0115  -0.0835    0.236
    76  44.0258  34.7116   2.0833   1.2850   0.1649   0.9944   0.1079   3.5930   0.8000  -0.1616   0.0000   0.0338  -0.0713    0.208
    77  44.2804  34.8254   2.0932   1.1261   0.1126   0.7853   0.1153   3.2626   0.7264  -0.1895   0.0000   0.0566  -0.0539    0.172
    78  44.4718  34.9108   2.1007   1.0066   0.0720   0.5672   0.1198   2.6673   0.5939  -0.2084   0.0000   0.0693  -0.0341    0.133
    79  44.5995  34.9679   2.1057   0.9269   0.0398   0.3428   0.1227   1.7869   0.3978  -0.2007   0.0000   0.0598  -0.0167    0.100
    80  44.6634  34.9964   2.1082   0.8870   0.0127   0.1147   0.1242   0.6580   0.1465  -0.1293   0.0000   0.0239  -0.0046    0.087

  Surface # 2     main_wing (YDUP)                        
     # Chordwise = 10   # Spanwise = 80     First strip = 81
     Surface area Ssurf =  250.220919     Ave. chord Cave =    7.118898

 Forces referred to Sref, Cref, Bref about Xref, Yref, Zref
 Standard axis orientation,  X fwd, Z down         
     CLsurf  =   0.43393     Clsurf  =   0.08469
     CYsurf  =   0.02336     Cmsurf  =  -0.10742
     CDsurf  =   0.01355     Cnsurf  =   0.01090
     CDisurf =   0.01355     CDvsurf =   0.00000

 Forces referred to Ssurf, Cave 
     CLsurf  =   0.85161     CDsurf  =   0.02657

 Strip Forces referred to Strip Area, Chord
    j     Xle      Yle      Zle      Chord    Area     c_cl     ai     cl_norm    cl       cd       cdv    cm_c/4     cm_LE   C.P.x/c
    81  22.4080  -0.0036  -0.9570  12.4590   0.1808   9.0909   0.0854   0.7274   0.7274   0.0633   0.0000  -0.0619   0.2443    0.335
    82  22.4080  -0.0327  -0.9570  12.4590   0.5422   9.0910   0.0854   0.7274   0.7274   0.0631   0.0000  -0.0619   0.2443    0.335
    83  22.4080  -0.0907  -0.9570  12.4590   0.9028   9.0913   0.0854   0.7275   0.7275   0.0629   0.0000  -0.0619   0.2443    0.335
    84  22.4080  -0.1775  -0.9570  12.4590   1.2619   9.0925   0.0854   0.7276   0.7276   0.0626   0.0000  -0.0620   0.2444    0.335
    85  22.4080  -0.2932  -0.9570  12.4590   1.6191   9.0954   0.0854   0.7279   0.7279   0.0623   0.0000  -0.0622   0.2447    0.335
    86  22.4080  -0.4374  -0.9570  12.4590   1.9739   9.1010   0.0854   0.7283   0.7283   0.0621   0.0000  -0.0626   0.2452    0.336
    87  22.4080  -0.6100  -0.9570  12.4590   2.3255   9.1109   0.0854   0.7291   0.7291   0.0620   0.0000  -0.0633   0.2461    0.337
    88  22.4080  -0.8106  -0.9570  12.4590   2.6736   9.1269   0.0853   0.7304   0.7304   0.0622   0.0000  -0.0644   0.2475    0.338
    89  22.4080  -1.0391  -0.9570  12.4590   3.0176   9.1517   0.0850   0.7324   0.7324   0.0626   0.0000  -0.0661   0.2497    0.340
    90  22.4080  -1.2949  -0.9570  12.4590   3.3569   9.1890   0.0839   0.7353   0.7353   0.0634   0.0000  -0.0685   0.2528    0.343
    91  22.4080  -1.5778  -0.9570  12.4590   3.6910   9.2449   0.0814   0.7396   0.7396   0.0649   0.0000  -0.0719   0.2574    0.347
    92  22.4080  -1.8873  -0.9570  12.4590   4.0195   9.3302   0.0763   0.7462   0.7462   0.0674   0.0000  -0.0768   0.2640    0.353
    93  22.4080  -2.2230  -0.9570  12.4590   4.3417   9.4700   0.0683   0.7569   0.7569   0.0727   0.0000  -0.0839   0.2740    0.361
    94  22.4080  -2.5842  -0.9570  12.4590   4.6573   9.7872   0.0565   0.7791   0.7791   0.1006   0.0000  -0.0958   0.2922    0.373
    95  22.4974  -2.9170  -0.9395  12.3826   3.6189  10.3740   0.4662   1.0315   0.8229   0.1724   0.0000  -0.1184   0.2823    0.394
    96  22.6846  -3.2159  -0.9028  12.2227   3.7885  10.3864   0.4584   1.0510   0.8384   0.1441   0.0000  -0.1237   0.2895    0.398
    97  22.8826  -3.5322  -0.8639  12.0536   3.9437  10.3450   0.4537   1.0628   0.8479   0.1369   0.0000  -0.1229   0.2907    0.395
    98  23.0912  -3.8653  -0.8230  11.8754   4.0839  10.1175   0.4532   1.0565   0.8429   0.1259   0.0000  -0.1143   0.2821    0.386
    99  23.3498  -4.2783  -0.7723  11.6545   5.7066   9.4022   0.0388   1.0099   0.8057   0.0578   0.0000  -0.0856   0.2481    0.356
   100  23.6607  -4.7750  -0.7113  11.3888   5.8186   9.0421   0.0419   0.9944   0.7933   0.0534   0.0000  -0.0716   0.2335    0.340
   101  23.9847  -5.2923  -0.6478  11.1120   5.9047   8.7774   0.0446   0.9899   0.7897   0.0491   0.0000  -0.0618   0.2244    0.328
   102  24.3210  -5.8296  -0.5818  10.8247   5.9646   8.5585   0.0466   0.9915   0.7910   0.0452   0.0000  -0.0544   0.2183    0.319
   103  24.6694  -6.3859  -0.5135  10.5270   5.9985   8.3656   0.0477   0.9971   0.7955   0.0416   0.0000  -0.0484   0.2142    0.311
   104  25.0291  -6.9605  -0.4430  10.2197   6.0065   8.1884   0.0477   1.0059   0.8025   0.0382   0.0000  -0.0436   0.2116    0.304
   105  25.3998  -7.5524  -0.3703   9.9031   5.9889   8.0208   0.0464   1.0174   0.8117   0.0349   0.0000  -0.0398   0.2102    0.299
   106  25.7806  -8.1608  -0.2956   9.5777   5.9462   7.8590   0.0436   1.0313   0.8228   0.0318   0.0000  -0.0367   0.2100    0.295
   107  26.1712  -8.7846  -0.2190   9.2440   5.8788   7.7007   0.0389   1.0476   0.8357   0.0287   0.0000  -0.0344   0.2107    0.291
   108  26.5709  -9.4230  -0.1406   8.9025   5.7875   7.5435   0.0314   1.0660   0.8505   0.0259   0.0000  -0.0327   0.2125    0.288
   109  26.9647 -10.0557  -0.0738   8.6530   5.3824   7.3878   0.0253   1.1295   0.8574   0.0230   0.0000  -0.0284   0.2093    0.283
   110  27.3514 -10.6811  -0.0191   8.4988   5.3831   7.2748   0.0265   1.1329   0.8599   0.0204   0.0000  -0.0256   0.2074    0.280
   111  27.7448 -11.3174   0.0366   8.3420   5.3704   7.1643   0.0270   1.1370   0.8631   0.0180   0.0000  -0.0234   0.2062    0.277
   112  28.1443 -11.9635   0.0931   8.1827   5.3448   7.0553   0.0276   1.1419   0.8668   0.0158   0.0000  -0.0216   0.2054    0.275
   113  28.5492 -12.6185   0.1504   8.0213   5.3066   6.9462   0.0283   1.1472   0.8708   0.0137   0.0000  -0.0203   0.2051    0.273
   114  28.9591 -13.2814   0.2084   7.8579   5.2564   6.8362   0.0292   1.1529   0.8751   0.0118   0.0000  -0.0193   0.2051    0.272
   115  29.3731 -13.9510   0.2670   7.6928   5.1948   6.7247   0.0301   1.1587   0.8795   0.0100   0.0000  -0.0185   0.2054    0.271
   116  29.7907 -14.6265   0.3261   7.5263   5.1222   6.6113   0.0308   1.1646   0.8840   0.0084   0.0000  -0.0179   0.2058    0.270
   117  30.2113 -15.3067   0.3856   7.3587   5.0393   6.4956   0.0314   1.1706   0.8885   0.0068   0.0000  -0.0175   0.2064    0.270
   118  30.6342 -15.9907   0.4454   7.1901   4.9468   6.3775   0.0318   1.1765   0.8930   0.0054   0.0000  -0.0173   0.2072    0.269
   119  31.0587 -16.6772   0.5055   7.0209   4.8453   6.2567   0.0320   1.1822   0.8974   0.0040   0.0000  -0.0173   0.2080    0.269
   120  31.4842 -17.3654   0.5657   6.8512   4.7356   6.1331   0.0321   1.1878   0.9016   0.0027   0.0000  -0.0174   0.2090    0.269
   121  31.9100 -18.0541   0.6259   6.6815   4.6182   6.0069   0.0319   1.1931   0.9056   0.0015   0.0000  -0.0177   0.2101    0.270
   122  32.3355 -18.7423   0.6861   6.5119   4.4941   5.8781   0.0315   1.1981   0.9094   0.0005   0.0000  -0.0183   0.2114    0.270
   123  32.7600 -19.4289   0.7462   6.3426   4.3638   5.7471   0.0310   1.2028   0.9130  -0.0003   0.0000  -0.0193   0.2130    0.271
   124  33.1829 -20.1128   0.8060   6.1740   4.2281   5.6142   0.0304   1.2071   0.9163  -0.0008   0.0000  -0.0209   0.2151    0.273
   125  33.6034 -20.7930   0.8655   6.0064   4.0877   5.4801   0.0297   1.2111   0.9193  -0.0005   0.0000  -0.0236   0.2180    0.276
   126  34.0211 -21.4685   0.9246   5.8399   3.9435   5.3455   0.0289   1.2147   0.9220   0.0018   0.0000  -0.0279   0.2223    0.280
   127  34.4351 -22.1382   0.9832   5.6748   3.7961   5.2117   0.0282   1.2172   0.9239   0.0113   0.0000  -0.0357   0.2296    0.289
   128  34.7955 -22.7210   1.0342   5.5312   2.7734   5.0903   0.0278   1.2284   0.9325  -0.0426   0.0000  -0.0575   0.2484    0.312
   129  35.1476 -23.2905   1.0840   5.3908   3.4568   4.9706   0.0276   1.2280   0.9321  -0.0256   0.0000  -0.0646   0.2548    0.319
   130  35.5398 -23.9248   1.1395   5.2344   3.3083   4.8412   0.0275   1.2309   0.9343  -0.0200   0.0000  -0.0678   0.2581    0.323
   131  35.9260 -24.5495   1.1942   5.0805   3.1592   4.7118   0.0275   1.2339   0.9366  -0.0179   0.0000  -0.0694   0.2600    0.324
   132  36.3056 -25.1635   1.2479   4.9291   3.0101   4.5832   0.0277   1.2369   0.9389  -0.0170   0.0000  -0.0701   0.2612    0.325
   133  36.6781 -25.7659   1.3006   4.7806   2.8615   4.4554   0.0281   1.2398   0.9410  -0.0168   0.0000  -0.0705   0.2619    0.325
   134  37.0428 -26.3559   1.3522   4.6352   2.7141   4.3284   0.0287   1.2422   0.9429  -0.0169   0.0000  -0.0706   0.2624    0.325
   135  37.3992 -26.9323   1.4027   4.4931   2.5684   4.2021   0.0295   1.2441   0.9444  -0.0172   0.0000  -0.0704   0.2625    0.325
   136  37.7468 -27.4945   1.4518   4.3545   2.4247   4.0763   0.0305   1.2454   0.9453  -0.0176   0.0000  -0.0700   0.2624    0.324
   137  38.0850 -28.0415   1.4997   4.2197   2.2835   3.9508   0.0317   1.2457   0.9455  -0.0181   0.0000  -0.0695   0.2620    0.324
   138  38.4133 -28.5725   1.5461   4.0888   2.1452   3.8254   0.0333   1.2448   0.9449  -0.0186   0.0000  -0.0688   0.2613    0.323
   139  38.7312 -29.0866   1.5911   3.9621   2.0101   3.6995   0.0351   1.2425   0.9431  -0.0191   0.0000  -0.0679   0.2601    0.322
   140  39.0382 -29.5831   1.6346   3.8397   1.8786   3.5728   0.0373   1.2383   0.9399  -0.0197   0.0000  -0.0668   0.2584    0.321
   141  39.3338 -30.0612   1.6764   3.7219   1.7508   3.4446   0.0397   1.2317   0.9350  -0.0202   0.0000  -0.0653   0.2562    0.320
   142  39.6175 -30.5202   1.7165   3.6087   1.6269   3.3142   0.0425   1.2223   0.9278  -0.0207   0.0000  -0.0636   0.2532    0.319
   143  39.8890 -30.9593   1.7550   3.5005   1.5072   3.1807   0.0454   1.2095   0.9181  -0.0211   0.0000  -0.0616   0.2493    0.317
   144  40.1478 -31.3779   1.7916   3.3973   1.3917   3.0432   0.0483   1.1924   0.9051  -0.0215   0.0000  -0.0592   0.2445    0.315
   145  40.3935 -31.7753   1.8263   3.2994   1.2804   2.9008   0.0511   1.1705   0.8885  -0.0218   0.0000  -0.0566   0.2387    0.314
   146  40.6258 -32.1509   1.8592   3.2068   1.1734   2.7527   0.0535   1.1429   0.8675  -0.0217   0.0000  -0.0540   0.2320    0.312
   147  40.8442 -32.5042   1.8901   3.1197   1.0707   2.5986   0.0552   1.1091   0.8419  -0.0212   0.0000  -0.0519   0.2247    0.312
   148  41.0485 -32.8346   1.9190   3.0383   0.9721   2.4381   0.0559   1.0684   0.8110  -0.0199   0.0000  -0.0509   0.2172    0.313
   149  41.2438 -33.1504   1.9467   2.9604   0.9286   2.2686   0.0554   1.0200   0.7742  -0.0177   0.0000  -0.0520   0.2103    0.317
   150  41.4291 -33.4502   1.9729   2.8866   0.8314   2.0893   0.0514   0.9638   0.7316  -0.0191   0.0000  -0.0568   0.2052    0.328
   151  41.8199 -33.7262   1.9971   2.6622   0.7082   1.9002   0.0458   3.2321   0.7196  -0.0031   0.0000  -0.0390   0.0938    0.304
   152  42.3833 -33.9779   2.0191   2.3104   0.5525   1.7290   0.0566   3.4142   0.7602  -0.0487   0.0000  -0.0271   0.0929    0.286
   153  42.8863 -34.2026   2.0388   1.9964   0.4230   1.5568   0.0690   3.5727   0.7955  -0.0773   0.0000  -0.0174   0.0924    0.272
   154  43.3282 -34.4000   2.0560   1.7205   0.3171   1.3793   0.0832   3.6869   0.8209  -0.1042   0.0000  -0.0054   0.0901    0.257
   155  43.7082 -34.5698   2.0709   1.4833   0.2320   1.1926   0.0970   3.7131   0.8267  -0.1323   0.0000   0.0115   0.0835    0.236
   156  44.0258 -34.7116   2.0833   1.2850   0.1649   0.9944   0.1079   3.5930   0.8000  -0.1616   0.0000   0.0338   0.0713    0.208
   157  44.2804 -34.8254   2.0932   1.1261   0.1126   0.7853   0.1153   3.2626   0.7264  -0.1895   0.0000   0.0566   0.0539    0.172
   158  44.4718 -34.9108   2.1007   1.0066   0.0720   0.5672   0.1198   2.6673   0.5939  -0.2084   0.0000   0.0693   0.0341    0.133
   159  44.5995 -34.9679   2.1057   0.9269   0.0398   0.3428   0.1227   1.7869   0.3978  -0.2007   0.0000   0.0598   0.0167    0.100
   160  44.6634 -34.9964   2.1082   0.8870   0.0127   0.1147   0.1242   0.6580   0.1465  -0.1293   0.0000   0.0239   0.0046    0.087

  Surface # 3     horizontal_stabilizer                   
     # Chordwise = 10   # Spanwise = 80     First strip =161
     Surface area Ssurf =   33.045257     Ave. chord Cave =    3.385457

 Forces referred to Sref, Cref, Bref about Xref, Yref, Zref
 Standard axis orientation,  X fwd, Z down         
     CLsurf  =   0.01552     Clsurf  =  -0.00104
     CYsurf  =  -0.00171     Cmsurf  =  -0.05414
     CDsurf  =   0.00134     Cnsurf  =   0.00064
     CDisurf =   0.00134     CDvsurf =   0.00000

 Forces referred to Ssurf, Cave 
     CLsurf  =   0.23186     CDsurf  =   0.01986

 Strip Forces referred to Strip Area, Chord
    j     Xle      Yle      Zle      Chord    Area     c_cl     ai     cl_norm    cl       cd       cdv    cm_c/4     cm_LE   C.P.x/c
   161  55.3376   0.0009   2.0821   4.5668   0.0172   1.5289   0.1159   0.3592   0.2664   0.5763   0.0000  -0.0185  -0.0871    0.319
   162  55.3424   0.0084   2.0829   4.5649   0.0516   0.9529   0.1163   0.2706   0.2007   0.0783   0.0000  -0.0151  -0.0577    0.325
   163  55.3520   0.0234   2.0846   4.5613   0.0858   0.9071   0.1169   0.2637   0.1956   0.0389   0.0000  -0.0148  -0.0554    0.326
   164  55.3664   0.0458   2.0871   4.5558   0.1198   0.8948   0.1176   0.2621   0.1944   0.0285   0.0000  -0.0147  -0.0547    0.325
   165  55.3856   0.0757   2.0904   4.5486   0.1535   0.8899   0.1182   0.2617   0.1941   0.0245   0.0000  -0.0144  -0.0543    0.324
   166  55.4095   0.1129   2.0945   4.5395   0.1868   0.8878   0.1189   0.2619   0.1942   0.0228   0.0000  -0.0141  -0.0541    0.323
   167  55.4381   0.1574   2.0994   4.5286   0.2195   0.8868   0.1194   0.2624   0.1946   0.0219   0.0000  -0.0137  -0.0538    0.321
   168  55.4714   0.2092   2.1051   4.5160   0.2516   0.8865   0.1200   0.2631   0.1951   0.0215   0.0000  -0.0133  -0.0535    0.318
   169  55.5092   0.2682   2.1116   4.5017   0.2831   0.8865   0.1205   0.2640   0.1958   0.0212   0.0000  -0.0127  -0.0532    0.315
   170  55.5516   0.3342   2.1189   4.4856   0.3138   0.8867   0.1209   0.2651   0.1966   0.0210   0.0000  -0.0121  -0.0528    0.311
   171  55.5985   0.4072   2.1270   4.4678   0.3437   0.8871   0.1214   0.2663   0.1975   0.0209   0.0000  -0.0114  -0.0525    0.308
   172  55.6498   0.4871   2.1358   4.4483   0.3727   0.8876   0.1217   0.2676   0.1985   0.0208   0.0000  -0.0108  -0.0521    0.304
   173  55.7054   0.5738   2.1453   4.4272   0.4006   0.8881   0.1221   0.2691   0.1996   0.0207   0.0000  -0.0101  -0.0518    0.300
   174  55.7653   0.6670   2.1556   4.4045   0.4275   0.8886   0.1224   0.2707   0.2007   0.0206   0.0000  -0.0094  -0.0514    0.297
   175  55.8293   0.7667   2.1666   4.3802   0.4533   0.8890   0.1226   0.2723   0.2020   0.0205   0.0000  -0.0087  -0.0511    0.293
   176  55.8974   0.8727   2.1783   4.3544   0.4779   0.8894   0.1228   0.2741   0.2033   0.0204   0.0000  -0.0081  -0.0509    0.290
   177  55.9694   0.9848   2.1907   4.3271   0.5013   0.8897   0.1229   0.2759   0.2046   0.0203   0.0000  -0.0074  -0.0506    0.286
   178  56.0453   1.1030   2.2037   4.2983   0.5234   0.8898   0.1230   0.2779   0.2061   0.0202   0.0000  -0.0068  -0.0504    0.283
   179  56.1250   1.2271   2.2174   4.2681   0.5461   0.8897   0.1230   0.2799   0.2075   0.0202   0.0000  -0.0063  -0.0503    0.280
   180  56.2084   1.3570   2.2318   4.2364   0.5656   0.8896   0.1228   0.2819   0.2091   0.0201   0.0000  -0.0057  -0.0502    0.277
   181  56.2954   1.4924   2.2467   4.2035   0.5837   0.8892   0.1226   0.2840   0.2106   0.0201   0.0000  -0.0052  -0.0501    0.275
   182  56.3856   1.6330   2.2623   4.1692   0.6003   0.8886   0.1223   0.2862   0.2123   0.0201   0.0000  -0.0047  -0.0500    0.272
   183  56.4791   1.7786   2.2783   4.1338   0.6155   0.8878   0.1218   0.2884   0.2139   0.0201   0.0000  -0.0043  -0.0500    0.270
   184  56.5757   1.9290   2.2949   4.0971   0.6292   0.8869   0.1212   0.2907   0.2156   0.0200   0.0000  -0.0039  -0.0501    0.268
   185  56.6751   2.0839   2.3120   4.0594   0.6415   0.8857   0.1204   0.2931   0.2174   0.0201   0.0000  -0.0035  -0.0501    0.266
   186  56.7773   2.2430   2.3296   4.0206   0.6523   0.8844   0.1195   0.2955   0.2191   0.0201   0.0000  -0.0032  -0.0502    0.265
   187  56.8822   2.4063   2.3476   3.9809   0.6615   0.8829   0.1185   0.2980   0.2210   0.0201   0.0000  -0.0029  -0.0504    0.263
   188  56.9894   2.5733   2.3661   3.9402   0.6693   0.8813   0.1173   0.3005   0.2229   0.0201   0.0000  -0.0026  -0.0505    0.262
   189  57.0990   2.7439   2.3849   3.8986   0.6757   0.8796   0.1160   0.3032   0.2248   0.0202   0.0000  -0.0024  -0.0507    0.261
   190  57.2106   2.9178   2.4041   3.8563   0.6805   0.8778   0.1146   0.3059   0.2268   0.0202   0.0000  -0.0021  -0.0510    0.259
   191  57.3242   3.0947   2.4236   3.8132   0.6840   0.8759   0.1131   0.3087   0.2289   0.0203   0.0000  -0.0019  -0.0512    0.258
   192  57.4395   3.2743   2.4435   3.7695   0.6860   0.8739   0.1115   0.3116   0.2311   0.0203   0.0000  -0.0017  -0.0515    0.257
   193  57.5564   3.4564   2.4636   3.7251   0.6866   0.8719   0.1099   0.3146   0.2333   0.0204   0.0000  -0.0015  -0.0518    0.256
   194  57.6748   3.6407   2.4839   3.6802   0.6859   0.8698   0.1082   0.3177   0.2356   0.0205   0.0000  -0.0013  -0.0521    0.255
   195  57.7943   3.8268   2.5045   3.6349   0.6839   0.8677   0.1065   0.3209   0.2380   0.0205   0.0000  -0.0011  -0.0525    0.254
   196  57.9149   4.0146   2.5252   3.5892   0.6806   0.8655   0.1048   0.3242   0.2404   0.0206   0.0000  -0.0009  -0.0528    0.254
   197  58.0363   4.2037   2.5461   3.5431   0.6760   0.8632   0.1031   0.3276   0.2429   0.0207   0.0000  -0.0007  -0.0532    0.253
   198  58.1584   4.3938   2.5671   3.4968   0.6703   0.8608   0.1015   0.3310   0.2455   0.0207   0.0000  -0.0004  -0.0536    0.252
   199  58.2809   4.5847   2.5881   3.4503   0.6635   0.8583   0.0999   0.3345   0.2481   0.0208   0.0000  -0.0002  -0.0539    0.251
   200  58.4038   4.7760   2.6093   3.4037   0.6555   0.8555   0.0985   0.3380   0.2507   0.0208   0.0000   0.0000  -0.0543    0.250
   201  58.5267   4.9675   2.6304   3.3571   0.6465   0.8525   0.0971   0.3415   0.2533   0.0209   0.0000   0.0003  -0.0546    0.249
   202  58.6496   5.1588   2.6515   3.3105   0.6366   0.8491   0.0958   0.3450   0.2558   0.0209   0.0000   0.0006  -0.0550    0.248
   203  58.7721   5.3497   2.6726   3.2640   0.6257   0.8454   0.0947   0.3484   0.2584   0.0209   0.0000   0.0009  -0.0553    0.247
   204  58.8942   5.5398   2.6936   3.2177   0.6140   0.8412   0.0936   0.3517   0.2608   0.0209   0.0000   0.0012  -0.0555    0.245
   205  59.0156   5.7289   2.7145   3.1716   0.6014   0.8365   0.0927   0.3548   0.2631   0.0209   0.0000   0.0015  -0.0557    0.244
   206  59.1362   5.9167   2.7352   3.1259   0.5881   0.8312   0.0920   0.3578   0.2653   0.0209   0.0000   0.0019  -0.0559    0.243
   207  59.2558   6.1028   2.7557   3.0806   0.5742   0.8252   0.0914   0.3605   0.2673   0.0208   0.0000   0.0023  -0.0560    0.241
   208  59.3741   6.2871   2.7761   3.0357   0.5596   0.8186   0.0909   0.3629   0.2691   0.0208   0.0000   0.0028  -0.0560    0.240
   209  59.4910   6.4692   2.7962   2.9913   0.5444   0.8112   0.0906   0.3650   0.2707   0.0207   0.0000   0.0032  -0.0559    0.238
   210  59.6063   6.6488   2.8160   2.9476   0.5287   0.8029   0.0903   0.3666   0.2719   0.0205   0.0000   0.0038  -0.0557    0.236
   211  59.7199   6.8257   2.8355   2.9045   0.5126   0.7937   0.0902   0.3678   0.2728   0.0204   0.0000   0.0043  -0.0554    0.234
   212  59.8316   6.9996   2.8547   2.8621   0.4960   0.7835   0.0903   0.3685   0.2733   0.0202   0.0000   0.0050  -0.0550    0.232
   213  59.9411   7.1702   2.8736   2.8206   0.4792   0.7723   0.0904   0.3686   0.2734   0.0200   0.0000   0.0057  -0.0544    0.229
   214  60.0484   7.3372   2.8920   2.7799   0.4620   0.7599   0.0906   0.3681   0.2730   0.0197   0.0000   0.0064  -0.0537    0.227
   215  60.1532   7.5005   2.9100   2.7402   0.4445   0.7464   0.0909   0.3668   0.2721   0.0194   0.0000   0.0072  -0.0528    0.224
   216  60.2554   7.6597   2.9276   2.7014   0.4269   0.7316   0.0913   0.3648   0.2705   0.0190   0.0000   0.0081  -0.0518    0.220
   217  60.3549   7.8145   2.9447   2.6637   0.4091   0.7156   0.0918   0.3619   0.2684   0.0186   0.0000   0.0090  -0.0506    0.217
   218  60.4514   7.9649   2.9613   2.6270   0.3912   0.6982   0.0923   0.3580   0.2655   0.0182   0.0000   0.0100  -0.0491    0.213
   219  60.5449   8.1105   2.9774   2.5916   0.3732   0.6793   0.0928   0.3532   0.2619   0.0176   0.0000   0.0110  -0.0475    0.208
   220  60.6352   8.2511   2.9929   2.5573   0.3551   0.6591   0.0934   0.3473   0.2576   0.0171   0.0000   0.0120  -0.0457    0.203
   221  60.7221   8.3865   3.0079   2.5244   0.3370   0.6373   0.0940   0.3403   0.2523   0.0164   0.0000   0.0131  -0.0436    0.198
   222  60.8055   8.5164   3.0222   2.4927   0.3189   0.6141   0.0946   0.3321   0.2463   0.0157   0.0000   0.0141  -0.0414    0.193
   223  60.8854   8.6408   3.0359   2.4624   0.3009   0.5894   0.0952   0.3227   0.2393   0.0149   0.0000   0.0151  -0.0391    0.187
   224  60.9615   8.7593   3.0490   2.4336   0.2829   0.5631   0.0958   0.3120   0.2314   0.0141   0.0000   0.0161  -0.0366    0.181
   225  61.0337   8.8718   3.0614   2.4061   0.2650   0.5355   0.0964   0.3001   0.2226   0.0132   0.0000   0.0169  -0.0340    0.174
   226  61.1002   8.9753   3.0729   2.3809   0.2336   0.5069   0.0969   0.2872   0.2130   0.0122   0.0000   0.0176  -0.0313    0.167
   227  61.1609   9.0698   3.0833   2.3579   0.2169   0.4778   0.0974   0.2734   0.2028   0.0113   0.0000   0.0181  -0.0287    0.161
   228  61.2176   9.1582   3.0931   2.3364   0.2004   0.4475   0.0978   0.2585   0.1917   0.0103   0.0000   0.0184  -0.0260    0.154
   229  61.2703   9.2403   3.1021   2.3164   0.1839   0.4161   0.0982   0.2425   0.1798   0.0092   0.0000   0.0185  -0.0234    0.147
   230  61.3189   9.3160   3.1105   2.2980   0.1676   0.3837   0.0986   0.2255   0.1672   0.0081   0.0000   0.0183  -0.0208    0.141
   231  61.3634   9.3852   3.1181   2.2811   0.1513   0.3503   0.0990   0.2074   0.1538   0.0070   0.0000   0.0179  -0.0183    0.134
   232  61.4036   9.4478   3.1250   2.2659   0.1351   0.3159   0.0993   0.1884   0.1398   0.0059   0.0000   0.0171  -0.0158    0.128
   233  61.4395   9.5037   3.1312   2.2523   0.1190   0.2808   0.0996   0.1686   0.1250   0.0047   0.0000   0.0161  -0.0135    0.121
   234  61.4710   9.5528   3.1366   2.2403   0.1029   0.2449   0.0999   0.1479   0.1097   0.0036   0.0000   0.0147  -0.0113    0.116
   235  61.4981   9.5950   3.1413   2.2301   0.0870   0.2083   0.1001   0.1265   0.0938   0.0025   0.0000   0.0131  -0.0093    0.111
   236  61.5207   9.6303   3.1452   2.2215   0.0711   0.1712   0.1003   0.1045   0.0775   0.0014   0.0000   0.0111  -0.0073    0.106
   237  61.5389   9.6586   3.1483   2.2146   0.0552   0.1337   0.1004   0.0820   0.0608   0.0002   0.0000   0.0090  -0.0056    0.103
   238  61.5526   9.6798   3.1507   2.2094   0.0394   0.0957   0.1005   0.0591   0.0438  -0.0011   0.0000   0.0065  -0.0039    0.100
   239  61.5617   9.6940   3.1522   2.2059   0.0236   0.0575   0.1006   0.0358   0.0266  -0.0023   0.0000   0.0040  -0.0023    0.100
   240  61.5662   9.7011   3.1530   2.2042   0.0079   0.0192   0.1006   0.0122   0.0091  -0.0024   0.0000   0.0013  -0.0008    0.102

  Surface # 4     horizontal_stabilizer (YDUP)            
     # Chordwise = 10   # Spanwise = 80     First strip =241
     Surface area Ssurf =   33.045257     Ave. chord Cave =    3.385457

 Forces referred to Sref, Cref, Bref about Xref, Yref, Zref
 Standard axis orientation,  X fwd, Z down         
     CLsurf  =   0.01552     Clsurf  =   0.00104
     CYsurf  =   0.00171     Cmsurf  =  -0.05414
     CDsurf  =   0.00134     Cnsurf  =  -0.00064
     CDisurf =   0.00134     CDvsurf =   0.00000

 Forces referred to Ssurf, Cave 
     CLsurf  =   0.23186     CDsurf  =   0.01986

 Strip Forces referred to Strip Area, Chord
    j     Xle      Yle      Zle      Chord    Area     c_cl     ai     cl_norm    cl       cd       cdv    cm_c/4     cm_LE   C.P.x/c
   241  55.3376  -0.0009   2.0821   4.5668   0.0172   1.5289   0.1159   0.3592   0.2664   0.5763   0.0000  -0.0185   0.0871    0.319
   242  55.3424  -0.0084   2.0829   4.5649   0.0516   0.9529   0.1163   0.2706   0.2007   0.0783   0.0000  -0.0151   0.0577    0.325
   243  55.3520  -0.0234   2.0846   4.5613   0.0858   0.9071   0.1169   0.2637   0.1956   0.0389   0.0000  -0.0148   0.0554    0.326
   244  55.3664  -0.0458   2.0871   4.5558   0.1198   0.8948   0.1176   0.2621   0.1944   0.0285   0.0000  -0.0147   0.0547    0.325
   245  55.3856  -0.0757   2.0904   4.5486   0.1535   0.8899   0.1182   0.2617   0.1941   0.0245   0.0000  -0.0144   0.0543    0.324
   246  55.4095  -0.1129   2.0945   4.5395   0.1868   0.8878   0.1189   0.2619   0.1942   0.0228   0.0000  -0.0141   0.0541    0.323
   247  55.4381  -0.1574   2.0994   4.5286   0.2195   0.8868   0.1194   0.2624   0.1946   0.0219   0.0000  -0.0137   0.0538    0.321
   248  55.4714  -0.2092   2.1051   4.5160   0.2516   0.8865   0.1200   0.2631   0.1951   0.0215   0.0000  -0.0133   0.0535    0.318
   249  55.5092  -0.2682   2.1116   4.5017   0.2831   0.8865   0.1205   0.2640   0.1958   0.0212   0.0000  -0.0127   0.0532    0.315
   250  55.5516  -0.3342   2.1189   4.4856   0.3138   0.8867   0.1209   0.2651   0.1966   0.0210   0.0000  -0.0121   0.0528    0.311
   251  55.5985  -0.4072   2.1270   4.4678   0.3437   0.8871   0.1214   0.2663   0.1975   0.0209   0.0000  -0.0114   0.0525    0.308
   252  55.6498  -0.4871   2.1358   4.4483   0.3727   0.8876   0.1217   0.2676   0.1985   0.0208   0.0000  -0.0108   0.0521    0.304
   253  55.7054  -0.5738   2.1453   4.4272   0.4006   0.8881   0.1221   0.2691   0.1996   0.0207   0.0000  -0.0101   0.0518    0.300
   254  55.7653  -0.6670   2.1556   4.4045   0.4275   0.8886   0.1224   0.2707   0.2007   0.0206   0.0000  -0.0094   0.0514    0.297
   255  55.8293  -0.7667   2.1666   4.3802   0.4533   0.8890   0.1226   0.2723   0.2020   0.0205   0.0000  -0.0087   0.0511    0.293
   256  55.8974  -0.8727   2.1783   4.3544   0.4779   0.8894   0.1228   0.2741   0.2033   0.0204   0.0000  -0.0081   0.0509    0.290
   257  55.9694  -0.9848   2.1907   4.3271   0.5013   0.8897   0.1229   0.2759   0.2046   0.0203   0.0000  -0.0074   0.0506    0.286
   258  56.0453  -1.1030   2.2037   4.2983   0.5234   0.8898   0.1230   0.2779   0.2061   0.0202   0.0000  -0.0068   0.0504    0.283
   259  56.1250  -1.2271   2.2174   4.2681   0.5461   0.8897   0.1230   0.2799   0.2075   0.0202   0.0000  -0.0063   0.0503    0.280
   260  56.2084  -1.3570   2.2318   4.2364   0.5656   0.8896   0.1228   0.2819   0.2091   0.0201   0.0000  -0.0057   0.0502    0.277
   261  56.2954  -1.4924   2.2467   4.2035   0.5837   0.8892   0.1226   0.2840   0.2106   0.0201   0.0000  -0.0052   0.0501    0.275
   262  56.3856  -1.6330   2.2623   4.1692   0.6003   0.8886   0.1223   0.2862   0.2123   0.0201   0.0000  -0.0047   0.0500    0.272
   263  56.4791  -1.7786   2.2783   4.1338   0.6155   0.8878   0.1218   0.2884   0.2139   0.0201   0.0000  -0.0043   0.0500    0.270
   264  56.5757  -1.9290   2.2949   4.0971   0.6292   0.8869   0.1212   0.2907   0.2156   0.0200   0.0000  -0.0039   0.0501    0.268
   265  56.6751  -2.0839   2.3120   4.0594   0.6415   0.8857   0.1204   0.2931   0.2174   0.0201   0.0000  -0.0035   0.0501    0.266
   266  56.7773  -2.2430   2.3296   4.0206   0.6523   0.8844   0.1195   0.2955   0.2191   0.0201   0.0000  -0.0032   0.0502    0.265
   267  56.8822  -2.4063   2.3476   3.9809   0.6615   0.8829   0.1185   0.2980   0.2210   0.0201   0.0000  -0.0029   0.0504    0.263
   268  56.9894  -2.5733   2.3661   3.9402   0.6693   0.8813   0.1173   0.3005   0.2229   0.0201   0.0000  -0.0026   0.0505    0.262
   269  57.0990  -2.7439   2.3849   3.8986   0.6757   0.8796   0.1160   0.3032   0.2248   0.0202   0.0000  -0.0024   0.0507    0.261
   270  57.2106  -2.9178   2.4041   3.8563   0.6805   0.8778   0.1146   0.3059   0.2268   0.0202   0.0000  -0.0021   0.0510    0.259
   271  57.3242  -3.0947   2.4236   3.8132   0.6840   0.8759   0.1131   0.3087   0.2289   0.0203   0.0000  -0.0019   0.0512    0.258
   272  57.4395  -3.2743   2.4435   3.7695   0.6860   0.8739   0.1115   0.3116   0.2311   0.0203   0.0000  -0.0017   0.0515    0.257
   273  57.5564  -3.4564   2.4636   3.7251   0.6866   0.8719   0.1099   0.3146   0.2333   0.0204   0.0000  -0.0015   0.0518    0.256
   274  57.6748  -3.6407   2.4839   3.6802   0.6859   0.8698   0.1082   0.3177   0.2356   0.0205   0.0000  -0.0013   0.0521    0.255
   275  57.7943  -3.8268   2.5045   3.6349   0.6839   0.8677   0.1065   0.3209   0.2380   0.0205   0.0000  -0.0011   0.0525    0.254
   276  57.9149  -4.0146   2.5252   3.5892   0.6806   0.8655   0.1048   0.3242   0.2404   0.0206   0.0000  -0.0009   0.0528    0.254
   277  58.0363  -4.2037   2.5461   3.5431   0.6760   0.8632   0.1031   0.3276   0.2429   0.0207   0.0000  -0.0007   0.0532    0.253
   278  58.1584  -4.3938   2.5671   3.4968   0.6703   0.8608   0.1015   0.3310   0.2455   0.0207   0.0000  -0.0004   0.0536    0.252
   279  58.2809  -4.5847   2.5881   3.4503   0.6635   0.8583   0.0999   0.3345   0.2481   0.0208   0.0000  -0.0002   0.0539    0.251
   280  58.4038  -4.7760   2.6093   3.4037   0.6555   0.8555   0.0985   0.3380   0.2507   0.0208   0.0000   0.0000   0.0543    0.250
   281  58.5267  -4.9675   2.6304   3.3571   0.6465   0.8525   0.0971   0.3415   0.2533   0.0209   0.0000   0.0003   0.0546    0.249
   282  58.6496  -5.1588   2.6515   3.3105   0.6366   0.8491   0.0958   0.3450   0.2558   0.0209   0.0000   0.0006   0.0550    0.248
   283  58.7721  -5.3497   2.6726   3.2640   0.6257   0.8454   0.0947   0.3484   0.2584   0.0209   0.0000   0.0009   0.0553    0.247
   284  58.8942  -5.5398   2.6936   3.2177   0.6140   0.8412   0.0936   0.3517   0.2608   0.0209   0.0000   0.0012   0.0555    0.245
   285  59.0156  -5.7289   2.7145   3.1716   0.6014   0.8365   0.0927   0.3548   0.2631   0.0209   0.0000   0.0015   0.0557    0.244
   286  59.1362  -5.9167   2.7352   3.1259   0.5881   0.8312   0.0920   0.3578   0.2653   0.0209   0.0000   0.0019   0.0559    0.243
   287  59.2558  -6.1028   2.7557   3.0806   0.5742   0.8252   0.0914   0.3605   0.2673   0.0208   0.0000   0.0023   0.0560    0.241
   288  59.3741  -6.2871   2.7761   3.0357   0.5596   0.8186   0.0909   0.3629   0.2691   0.0208   0.0000   0.0028   0.0560    0.240
   289  59.4910  -6.4692   2.7962   2.9913   0.5444   0.8112   0.0906   0.3650   0.2707   0.0207   0.0000   0.0032   0.0559    0.238
   290  59.6063  -6.6488   2.8160   2.9476   0.5287   0.8029   0.0903   0.3666   0.2719   0.0205   0.0000   0.0038   0.0557    0.236
   291  59.7199  -6.8257   2.8355   2.9045   0.5126   0.7937   0.0902   0.3678   0.2728   0.0204   0.0000   0.0043   0.0554    0.234
   292  59.8316  -6.9996   2.8547   2.8621   0.4960   0.7835   0.0903   0.3685   0.2733   0.0202   0.0000   0.0050   0.0550    0.232
   293  59.9411  -7.1702   2.8736   2.8206   0.4792   0.7723   0.0904   0.3686   0.2734   0.0200   0.0000   0.0057   0.0544    0.229
   294  60.0484  -7.3372   2.8920   2.7799   0.4620   0.7599   0.0906   0.3681   0.2730   0.0197   0.0000   0.0064   0.0537    0.227
   295  60.1532  -7.5005   2.9100   2.7402   0.4445   0.7464   0.0909   0.3668   0.2721   0.0194   0.0000   0.0072   0.0528    0.224
   296  60.2554  -7.6597   2.9276   2.7014   0.4269   0.7316   0.0913   0.3648   0.2705   0.0190   0.0000   0.0081   0.0518    0.220
   297  60.3549  -7.8145   2.9447   2.6637   0.4091   0.7156   0.0918   0.3619   0.2684   0.0186   0.0000   0.0090   0.0506    0.217
   298  60.4514  -7.9649   2.9613   2.6270   0.3912   0.6982   0.0923   0.3580   0.2655   0.0182   0.0000   0.0100   0.0491    0.213
   299  60.5449  -8.1105   2.9774   2.5916   0.3732   0.6793   0.0928   0.3532   0.2619   0.0176   0.0000   0.0110   0.0475    0.208
   300  60.6352  -8.2511   2.9929   2.5573   0.3551   0.6591   0.0934   0.3473   0.2576   0.0171   0.0000   0.0120   0.0457    0.203
   301  60.7221  -8.3865   3.0079   2.5244   0.3370   0.6373   0.0940   0.3403   0.2523   0.0164   0.0000   0.0131   0.0436    0.198
   302  60.8055  -8.5164   3.0222   2.4927   0.3189   0.6141   0.0946   0.3321   0.2463   0.0157   0.0000   0.0141   0.0414    0.193
   303  60.8854  -8.6408   3.0359   2.4624   0.3009   0.5894   0.0952   0.3227   0.2393   0.0149   0.0000   0.0151   0.0391    0.187
   304  60.9615  -8.7593   3.0490   2.4336   0.2829   0.5631   0.0958   0.3120   0.2314   0.0141   0.0000   0.0161   0.0366    0.181
   305  61.0337  -8.8718   3.0614   2.4061   0.2650   0.5355   0.0964   0.3001   0.2226   0.0132   0.0000   0.0169   0.0340    0.174
   306  61.1002  -8.9753   3.0729   2.3809   0.2336   0.5069   0.0969   0.2872   0.2130   0.0122   0.0000   0.0176   0.0313    0.167
   307  61.1609  -9.0698   3.0833   2.3579   0.2169   0.4778   0.0974   0.2734   0.2028   0.0113   0.0000   0.0181   0.0287    0.161
   308  61.2176  -9.1582   3.0931   2.3364   0.2004   0.4475   0.0978   0.2585   0.1917   0.0103   0.0000   0.0184   0.0260    0.154
   309  61.2703  -9.2403   3.1021   2.3164   0.1839   0.4161   0.0982   0.2425   0.1798   0.0092   0.0000   0.0185   0.0234    0.147
   310  61.3189  -9.3160   3.1105   2.2980   0.1676   0.3837   0.0986   0.2255   0.1672   0.0081   0.0000   0.0183   0.0208    0.141
   311  61.3634  -9.3852   3.1181   2.2811   0.1513   0.3503   0.0990   0.2074   0.1538   0.0070   0.0000   0.0179   0.0183    0.134
   312  61.4036  -9.4478   3.1250   2.2659   0.1351   0.3159   0.0993   0.1884   0.1398   0.0059   0.0000   0.0171   0.0158    0.128
   313  61.4395  -9.5037   3.1312   2.2523   0.1190   0.2808   0.0996   0.1686   0.1250   0.0047   0.0000   0.0161   0.0135    0.121
   314  61.4710  -9.5528   3.1366   2.2403   0.1029   0.2449   0.0999   0.1479   0.1097   0.0036   0.0000   0.0147   0.0113    0.116
   315  61.4981  -9.5950   3.1413   2.2301   0.0870   0.2083   0.1001   0.1265   0.0938   0.0025   0.0000   0.0131   0.0093    0.111
   316  61.5207  -9.6303   3.1452   2.2215   0.0711   0.1712   0.1003   0.1045   0.0775   0.0014   0.0000   0.0111   0.0073    0.106
   317  61.5389  -9.6586   3.1483   2.2146   0.0552   0.1337   0.1004   0.0820   0.0608   0.0002   0.0000   0.0090   0.0056    0.103
   318  61.5526  -9.6798   3.1507   2.2094   0.0394   0.0957   0.1005   0.0591   0.0438  -0.0011   0.0000   0.0065   0.0039    0.100
   319  61.5617  -9.6940   3.1522   2.2059   0.0236   0.0575   0.1006   0.0358   0.0266  -0.0023   0.0000   0.0040   0.0023    0.100
   320  61.5662  -9.7011   3.1530   2.2042   0.0079   0.0192   0.1006   0.0122   0.0091  -0.0024   0.0000   0.0013   0.0008    0.102

  Surface # 5     vertical_stabilizer                     
     # Chordwise = 10   # Spanwise = 80     First strip =321
     Surface area Ssurf =   45.713870     Ave. chord Cave =    5.520999

 Forces referred to Sref, Cref, Bref about Xref, Yref, Zref
 Standard axis orientation,  X fwd, Z down         
     CLsurf  =   0.00000     Clsurf  =   0.00000
     CYsurf  =   0.00000     Cmsurf  =  -0.00000
     CDsurf  =  -0.00000     Cnsurf  =  -0.00000
     CDisurf =  -0.00000     CDvsurf =   0.00000

 Forces referred to Ssurf, Cave 
     CLsurf  =  -0.00000     CDsurf  =  -0.00000

 Strip Forces referred to Strip Area, Chord
    j     Xle      Yle      Zle      Chord    Area     c_cl     ai     cl_norm    cl       cd       cdv    cm_c/4     cm_LE   C.P.x/c
   321  52.2087   0.0000   3.5988   7.9308   0.1517  -0.0000   0.0000  -0.0000  -0.0000   0.0000   0.0000  -0.0000  -0.0000   -0.190
   322  52.2304   0.0000   3.6208   7.9180   0.1969  -0.0000  -0.0000  -0.0000  -0.0000   0.0000   0.0000  -0.0000  -0.0000   -0.215
   323  52.2577   0.0000   3.6486   7.9018   0.2416  -0.0000  -0.0000  -0.0000  -0.0000   0.0000   0.0000  -0.0000  -0.0000   -0.294
   324  52.2906   0.0000   3.6820   7.8823   0.2859  -0.0000   0.0000  -0.0000  -0.0000  -0.0000   0.0000  -0.0000  -0.0000   -0.321
   325  52.3291   0.0000   3.7211   7.8595   0.3294  -0.0000   0.0000  -0.0000  -0.0000   0.0000   0.0000  -0.0000  -0.0000   -0.493
   326  52.3732   0.0000   3.7658   7.8334   0.3722  -0.0000   0.0000  -0.0000  -0.0000   0.0000   0.0000  -0.0000  -0.0000   -0.514
   327  52.4227   0.0000   3.8161   7.8041   0.4141  -0.0000   0.0000  -0.0000  -0.0000   0.0000   0.0000  -0.0000  -0.0000   -0.343
   328  52.4777   0.0000   3.8719   7.7715   0.4550  -0.0000   0.0000  -0.0000  -0.0000  -0.0000   0.0000  -0.0000  -0.0000   -0.351
   329  52.5380   0.0000   3.9332   7.7358   0.4948  -0.0000   0.0000  -0.0000  -0.0000  -0.0000   0.0000  -0.0000  -0.0000   -0.308
   330  52.6037   0.0000   3.9998   7.6969   0.5334  -0.0000  -0.0000  -0.0000  -0.0000  -0.0000   0.0000  -0.0000  -0.0000   -0.261
   331  52.6745   0.0000   4.0718   7.6550   0.5707  -0.0000  -0.0000  -0.0000  -0.0000   0.0000   0.0000  -0.0000  -0.0000   -0.207
   332  52.7505   0.0000   4.1489   7.6100   0.6065  -0.0000   0.0000  -0.0000  -0.0000  -0.0000   0.0000  -0.0000  -0.0000   -0.265
   333  52.8315   0.0000   4.2311   7.5620   0.6408  -0.0000   0.0000  -0.0000  -0.0000  -0.0000   0.0000  -0.0000  -0.0000   -0.299
   334  52.9174   0.0000   4.3184   7.5111   0.6735  -0.0000  -0.0000  -0.0000  -0.0000  -0.0000   0.0000  -0.0000  -0.0000   -0.224
   335  53.0081   0.0000   4.4105   7.4574   0.7046  -0.0000  -0.0000  -0.0000  -0.0000  -0.0000   0.0000  -0.0000   0.0000   -0.122
   336  53.1035   0.0000   4.5073   7.4009   0.7339  -0.0000   0.0000  -0.0000  -0.0000  -0.0000   0.0000  -0.0000  -0.0000   -0.205
   337  53.2034   0.0000   4.6088   7.3417   0.7615  -0.0000  -0.0000  -0.0000  -0.0000   0.0000   0.0000  -0.0000   0.0000   -0.049
   338  53.3078   0.0000   4.7147   7.2799   0.7871  -0.0000  -0.0000  -0.0000  -0.0000  -0.0000   0.0000  -0.0000   0.0000   -0.037
   339  53.4164   0.0000   4.8250   7.2156   0.8109  -0.0000   0.0000  -0.0000  -0.0000  -0.0000   0.0000  -0.0000  -0.0000   -0.129
   340  53.5291   0.0000   4.9394   7.1488   0.8327  -0.0000   0.0000  -0.0000  -0.0000   0.0000   0.0000  -0.0000   0.0000   -0.108
   341  53.6458   0.0000   5.0579   7.0797   0.8526  -0.0000   0.0000  -0.0000  -0.0000  -0.0000   0.0000  -0.0000  -0.0000   -0.162
   342  53.7663   0.0000   5.1802   7.0084   0.8704  -0.0000   0.0000  -0.0000  -0.0000  -0.0000   0.0000  -0.0000   0.0000   -0.120
   343  53.8904   0.0000   5.3063   6.9348   0.8862  -0.0000   0.0000  -0.0000  -0.0000  -0.0000   0.0000  -0.0000   0.0000   -0.072
   344  54.0180   0.0000   5.4358   6.8593   0.9000  -0.0000  -0.0000  -0.0000  -0.0000   0.0000   0.0000  -0.0000   0.0000   -0.068
   345  54.1488   0.0000   5.5686   6.7818   0.9118  -0.0000  -0.0000  -0.0000  -0.0000  -0.0000   0.0000  -0.0000   0.0000   -0.062
   346  54.2828   0.0000   5.7046   6.7025   0.9215  -0.0000  -0.0000  -0.0000  -0.0000   0.0000   0.0000  -0.0000   0.0000   -0.099
   347  54.4196   0.0000   5.8436   6.6214   0.9292  -0.0000   0.0000  -0.0000  -0.0000   0.0000   0.0000  -0.0000  -0.0000   -0.171
   348  54.5592   0.0000   5.9853   6.5388   0.9349  -0.0000   0.0000  -0.0000  -0.0000  -0.0000   0.0000  -0.0000   0.0000   -0.116
   349  54.7012   0.0000   6.1295   6.4546   0.9386  -0.0000  -0.0000  -0.0000  -0.0000   0.0000   0.0000  -0.0000   0.0000   -0.033
   350  54.8456   0.0000   6.2760   6.3691   0.9404  -0.0000  -0.0000  -0.0000  -0.0000  -0.0000   0.0000  -0.0000   0.0000   -0.064
   351  54.9920   0.0000   6.4247   6.2824   0.9403  -0.0000   0.0000  -0.0000  -0.0000  -0.0000   0.0000  -0.0000   0.0000   -0.054
   352  55.1403   0.0000   6.5753   6.1946   0.9384  -0.0000   0.0000  -0.0000  -0.0000  -0.0000   0.0000  -0.0000   0.0000   -0.042
   353  55.2903   0.0000   6.7276   6.1057   0.9346  -0.0000  -0.0000  -0.0000  -0.0000  -0.0000   0.0000  -0.0000   0.0000    0.032
   354  55.4418   0.0000   6.8814   6.0160   0.9291  -0.0000   0.0000  -0.0000  -0.0000  -0.0000   0.0000  -0.0000   0.0000    0.044
   355  55.5945   0.0000   7.0365   5.9256   0.9219  -0.0000   0.0000  -0.0000  -0.0000  -0.0000   0.0000  -0.0000   0.0000    0.041
   356  55.7482   0.0000   7.1925   5.8345   0.9131  -0.0000   0.0000  -0.0000  -0.0000  -0.0000   0.0000  -0.0000   0.0000    0.045
   357  55.9027   0.0000   7.3494   5.7430   0.9027  -0.0000  -0.0000  -0.0000  -0.0000   0.0000   0.0000  -0.0000   0.0000    0.082
   358  56.0578   0.0000   7.5068   5.6512   0.8909  -0.0000  -0.0000  -0.0000  -0.0000   0.0000   0.0000  -0.0000   0.0000    0.077
   359  56.2132   0.0000   7.6646   5.5591   0.8777  -0.0000  -0.0000  -0.0000  -0.0000  -0.0000   0.0000  -0.0000   0.0000    0.116
   360  56.3688   0.0000   7.8226   5.4670   0.8632  -0.0000  -0.0000  -0.0000  -0.0000  -0.0000   0.0000  -0.0000   0.0000    0.063
   361  56.5242   0.0000   7.9804   5.3750   0.8474  -0.0000  -0.0000  -0.0000  -0.0000  -0.0000   0.0000  -0.0000   0.0000    0.036
   362  56.6793   0.0000   8.1378   5.2831   0.8306  -0.0000  -0.0000  -0.0000  -0.0000   0.0000   0.0000  -0.0000   0.0000    0.021
   363  56.8338   0.0000   8.2947   5.1916   0.8126  -0.0000  -0.0000  -0.0000  -0.0000   0.0000   0.0000  -0.0000   0.0000    0.062
   364  56.9876   0.0000   8.4508   5.1005   0.7937  -0.0000  -0.0000  -0.0000  -0.0000  -0.0000   0.0000  -0.0000   0.0000    0.098
   365  57.1403   0.0000   8.6059   5.0101   0.7739  -0.0000  -0.0000  -0.0000  -0.0000  -0.0000   0.0000  -0.0000   0.0000    0.074
   366  57.2918   0.0000   8.7597   4.9203   0.7533  -0.0000  -0.0000  -0.0000  -0.0000  -0.0000   0.0000  -0.0000   0.0000    0.104
   367  57.4418   0.0000   8.9120   4.8315   0.7320  -0.0000  -0.0000  -0.0000  -0.0000  -0.0000   0.0000  -0.0000   0.0000    0.116
   368  57.5902   0.0000   9.0627   4.7436   0.7101  -0.0000   0.0000  -0.0000  -0.0000  -0.0000   0.0000  -0.0000   0.0000    0.071
   369  57.7366   0.0000   9.2114   4.6569   0.6876  -0.0000  -0.0000  -0.0000  -0.0000  -0.0000   0.0000  -0.0000   0.0000    0.081
   370  57.8810   0.0000   9.3579   4.5714   0.6647  -0.0000   0.0000  -0.0000  -0.0000  -0.0000   0.0000  -0.0000   0.0000    0.041
   371  58.0230   0.0000   9.5021   4.4873   0.6414  -0.0000   0.0000  -0.0000  -0.0000  -0.0000   0.0000  -0.0000   0.0000    0.024
   372  58.1625   0.0000   9.6438   4.4046   0.6178  -0.0000  -0.0000  -0.0000  -0.0000  -0.0000   0.0000  -0.0000   0.0000    0.080
   373  58.2993   0.0000   9.7826   4.3236   0.5940  -0.0000   0.0000  -0.0000  -0.0000  -0.0000   0.0000  -0.0000   0.0000    0.057
   374  58.4331   0.0000   9.9185   4.2444   0.5701  -0.0000  -0.0000  -0.0000  -0.0000   0.0000   0.0000  -0.0000   0.0000    0.108
   375  58.5638   0.0000  10.0512   4.1670   0.5460  -0.0000  -0.0000  -0.0000  -0.0000   0.0000   0.0000  -0.0000   0.0000    0.138
   376  58.6912   0.0000  10.1805   4.0915   0.5219  -0.0000   0.0000  -0.0000  -0.0000  -0.0000   0.0000  -0.0000   0.0000    0.163
   377  58.8150   0.0000  10.3063   4.0182   0.4978  -0.0000   0.0000  -0.0000  -0.0000   0.0000   0.0000  -0.0000   0.0000    0.158
   378  58.9352   0.0000  10.4283   3.9470   0.4738  -0.0000  -0.0000  -0.0000  -0.0000  -0.0000   0.0000  -0.0000   0.0000    0.152
   379  59.0515   0.0000  10.5463   3.8782   0.4500  -0.0000  -0.0000  -0.0000  -0.0000  -0.0000   0.0000  -0.0000   0.0000    0.148
   380  59.1637   0.0000  10.6603   3.8117   0.4263  -0.0000   0.0000  -0.0000  -0.0000  -0.0000   0.0000  -0.0000   0.0000    0.086
   381  59.2717   0.0000  10.7699   3.7477   0.4028  -0.0000  -0.0000  -0.0000  -0.0000  -0.0000   0.0000  -0.0000   0.0000    0.109
   382  59.3754   0.0000  10.8752   3.6863   0.3796  -0.0000  -0.0000  -0.0000  -0.0000  -0.0000   0.0000  -0.0000   0.0000    0.063
   383  59.4745   0.0000  10.9758   3.6276   0.3566  -0.0000   0.0000  -0.0000  -0.0000   0.0000   0.0000  -0.0000   0.0000   -0.004
   384  59.5690   0.0000  11.0717   3.5717   0.3339  -0.0000   0.0000  -0.0000  -0.0000  -0.0000   0.0000  -0.0000   0.0000   -0.012
   385  59.6586   0.0000  11.1628   3.5186   0.3115  -0.0000  -0.0000  -0.0000  -0.0000  -0.0000   0.0000  -0.0000   0.0000    0.075
   386  59.7433   0.0000  11.2488   3.4684   0.2894  -0.0000  -0.0000  -0.0000  -0.0000  -0.0000   0.0000  -0.0000   0.0000    0.073
   387  59.8230   0.0000  11.3296   3.4212   0.2677  -0.0000   0.0000  -0.0000  -0.0000  -0.0000   0.0000  -0.0000   0.0000    0.059
   388  59.8974   0.0000  11.4052   3.3771   0.2463  -0.0000   0.0000  -0.0000  -0.0000  -0.0000   0.0000  -0.0000   0.0000    0.048
   389  59.9666   0.0000  11.4754   3.3362   0.2252  -0.0000  -0.0000  -0.0000  -0.0000  -0.0000   0.0000  -0.0000   0.0000    0.044
   390  60.0304   0.0000  11.5402   3.2984   0.2044  -0.0000   0.0000  -0.0000  -0.0000  -0.0000   0.0000  -0.0000   0.0000    0.032
   391  60.0886   0.0000  11.5993   3.2639   0.1839  -0.0000  -0.0000  -0.0000  -0.0000   0.0000   0.0000  -0.0000   0.0000    0.031
   392  60.1413   0.0000  11.6528   3.2327   0.1637  -0.0000  -0.0000  -0.0000  -0.0000  -0.0000   0.0000  -0.0000   0.0000   -0.007
   393  60.1884   0.0000  11.7006   3.2048   0.1438  -0.0000   0.0000  -0.0000  -0.0000   0.0000   0.0000  -0.0000   0.0000   -0.044
   394  60.2297   0.0000  11.7425   3.1804   0.1241  -0.0000   0.0000  -0.0000  -0.0000   0.0000   0.0000  -0.0000   0.0000   -0.080
   395  60.2652   0.0000  11.7786   3.1593   0.1046  -0.0000   0.0000  -0.0000  -0.0000  -0.0000   0.0000  -0.0000   0.0000   -0.121
   396  60.2949   0.0000  11.8087   3.1417   0.0853  -0.0000   0.0000  -0.0000  -0.0000  -0.0000   0.0000  -0.0000   0.0000   -0.092
   397  60.3187   0.0000  11.8329   3.1276   0.0662  -0.0000   0.0000  -0.0000  -0.0000  -0.0000   0.0000  -0.0000   0.0000   -0.126
   398  60.3365   0.0000  11.8511   3.1170   0.0472  -0.0000  -0.0000  -0.0000  -0.0000  -0.0000   0.0000  -0.0000   0.0000   -0.097
   399  60.3485   0.0000  11.8632   3.1100   0.0283  -0.0000   0.0000  -0.0000  -0.0000  -0.0000   0.0000  -0.0000  -0.0000   -0.174
   400  60.3545   0.0000  11.8692   3.1064   0.0094  -0.0000  -0.0000  -0.0000  -0.0000  -0.0000   0.0000  -0.0000   0.0000   -0.128

  Surface # 6     fuselage_horizontal                     
     # Chordwise = 10   # Spanwise = 10     First strip =401
     Surface area Ssurf =  305.582940     Ave. chord Cave =   52.236400

 Forces referred to Sref, Cref, Bref about Xref, Yref, Zref
 Standard axis orientation,  X fwd, Z down         
     CLsurf  =   0.00526     Clsurf  =   0.00000
     CYsurf  =  -0.00000     Cmsurf  =   0.03774
     CDsurf  =  -0.00029     Cnsurf  =  -0.00000
     CDisurf =  -0.00029     CDvsurf =   0.00000

 Forces referred to Ssurf, Cave 
     CLsurf  =   0.00845     CDsurf  =  -0.00047

 Strip Forces referred to Strip Area, Chord
    j     Xle      Yle      Zle      Chord    Area     c_cl     ai     cl_norm    cl       cd       cdv    cm_c/4     cm_LE   C.P.x/c
   401   7.4693  -2.6325   0.0000  39.8265  23.2985   0.2548   0.1954   0.0546   0.0067  -0.0022   0.0000   0.0066   0.0007   -0.735
   402   4.3582  -2.0475   0.0000  47.8148  27.9717   0.4145   0.1722   0.0171   0.0087   0.0005   0.0000   0.0070   0.0013   -0.555
   403   2.4947  -1.4625   0.0000  53.5537  31.3289   0.5036   0.1633   0.0117   0.0094   0.0005   0.0000   0.0071   0.0017   -0.507
   404   1.1502  -0.8775   0.0000  58.2257  34.0620   0.5010   0.1288   0.0088   0.0087   0.0000   0.0000   0.0078   0.0026   -0.645
   405   0.2954  -0.2925   0.0000  61.7612  36.1303   0.5006   0.1195   0.0087   0.0083  -0.0014   0.0000   0.0078   0.0041   -0.686
   406   0.2954   0.2925   0.0000  61.7612  36.1303   0.5006   0.1195   0.0087   0.0083  -0.0014   0.0000   0.0078   0.0041   -0.686
   407   1.1502   0.8775   0.0000  58.2257  34.0620   0.5010   0.1288   0.0088   0.0087   0.0000   0.0000   0.0078   0.0026   -0.645
   408   2.4947   1.4625   0.0000  53.5538  31.3289   0.5036   0.1633   0.0117   0.0094   0.0005   0.0000   0.0071   0.0017   -0.507
   409   4.3582   2.0475   0.0000  47.8148  27.9717   0.4145   0.1722   0.0171   0.0087   0.0005   0.0000   0.0070   0.0013   -0.555
   410   7.4692   2.6325   0.0000  39.8266  23.2985   0.2548   0.1954   0.0546   0.0067  -0.0022   0.0000   0.0066   0.0007   -0.735

  Surface # 7     fuselage_vertical                       
     # Chordwise = 10   # Spanwise = 10     First strip =411
     Surface area Ssurf =  302.292047     Ave. chord Cave =   52.236400

 Forces referred to Sref, Cref, Bref about Xref, Yref, Zref
 Standard axis orientation,  X fwd, Z down         
     CLsurf  =  -0.00000     Clsurf  =  -0.00000
     CYsurf  =   0.00000     Cmsurf  =   0.00000
     CDsurf  =   0.00000     Cnsurf  =  -0.00000
     CDisurf =   0.00000     CDvsurf =   0.00000

 Forces referred to Ssurf, Cave 
     CLsurf  =  -0.00000     CDsurf  =   0.00000

 Strip Forces referred to Strip Area, Chord
    j     Xle      Yle      Zle      Chord    Area     c_cl     ai     cl_norm    cl       cd       cdv    cm_c/4     cm_LE   C.P.x/c
   411   7.4693   0.0000  -2.6041  39.8265  23.0476  -0.0000   0.0000  -0.0000  -0.0000   0.0000   0.0000   0.0000   0.0000  999.000
   412   4.3582   0.0000  -2.0255  47.8148  27.6705  -0.0000   0.0000  -0.0000  -0.0000   0.0000   0.0000   0.0000   0.0000  999.000
   413   2.4947   0.0000  -1.4467  53.5537  30.9916  -0.0000   0.0000  -0.0000  -0.0000   0.0000   0.0000  -0.0000  -0.0000    0.184
   414   1.1502   0.0000  -0.8680  58.2257  33.6952  -0.0000   0.0000  -0.0000  -0.0000   0.0000   0.0000   0.0000   0.0000    0.347
   415   0.2954   0.0000  -0.2894  61.7612  35.7412  -0.0000  -0.0000  -0.0000  -0.0000  -0.0000   0.0000   0.0000   0.0000    0.459
   416   0.2954   0.0000   0.2894  61.7612  35.7412  -0.0000   0.0000  -0.0000  -0.0000  -0.0000   0.0000   0.0000   0.0000    0.755
   417   1.1502   0.0000   0.8680  58.2257  33.6952  -0.0000  -0.0000  -0.0000  -0.0000  -0.0000   0.0000   0.0000   0.0000    0.763
   418   2.4947   0.0000   1.4467  53.5537  30.9916  -0.0000   0.0000  -0.0000  -0.0000  -0.0000   0.0000   0.0000   0.0000    0.755
   419   4.3582   0.0000   2.0255  47.8148  27.6705  -0.0000   0.0000  -0.0000  -0.0000   0.0000   0.0000   0.0000   0.0000    0.788
   420   7.4693   0.0000   2.6041  39.8265  23.0476  -0.0000  -0.0000  -0.0000  -0.0000  -0.0000   0.0000   0.0000   0.0000    0.814
 ---------------------------------------------------------------
