 ---------------------------------------------------------------
 Surface and Strip Forces by surface

  Sref =  490.60       Cref =  8.4083       Bref =  70.000    
  Xref =  0.0000       Yref =  0.0000       Zref =  0.0000    

  Surface # 1     main_wing                               
     # Chordwise = 10   # Spanwise = 70     First strip =  1
     Surface area Ssurf =  250.220834     Ave. chord Cave =    7.118896

 Forces referred to Sref, Cref, Bref about Xref, Yref, Zref
 Standard axis orientation,  X fwd, Z down         
     CLsurf  =   0.29531     Clsurf  =  -0.05548
     CYsurf  =  -0.01872     Cmsurf  =  -1.11527
     CDsurf  =   0.00690     Cnsurf  =   0.00318
     CDisurf =   0.00690     CDvsurf =   0.00000

 Forces referred to Ssurf, Cave 
     CLsurf  =   0.58003     CDsurf  =   0.01353

 Strip Forces referred to Strip Area, Chord
    j     Xle      Yle      Zle      Chord    Area     c_cl     ai     cl_norm    cl       cd       cdv    cm_c/4     cm_LE   C.P.x/c
     1  22.4080   0.0042  -0.9570  12.4590   0.2104   6.5770   0.0350   0.5273   0.5273   0.0303   0.0000  -0.0465  -0.1785    0.338
     2  22.4080   0.0380  -0.9570  12.4590   0.6307   6.5771   0.0350   0.5273   0.5273   0.0302   0.0000  -0.0466  -0.1785    0.338
     3  22.4080   0.1054  -0.9570  12.4590   1.0498   6.5776   0.0349   0.5273   0.5273   0.0300   0.0000  -0.0466  -0.1786    0.338
     4  22.4080   0.2065  -0.9570  12.4590   1.4668   6.5796   0.0349   0.5275   0.5275   0.0298   0.0000  -0.0467  -0.1787    0.339
     5  22.4080   0.3408  -0.9570  12.4590   1.8808   6.5842   0.0347   0.5279   0.5279   0.0296   0.0000  -0.0470  -0.1791    0.339
     6  22.4080   0.5083  -0.9570  12.4590   2.2910   6.5932   0.0345   0.5286   0.5286   0.0295   0.0000  -0.0475  -0.1798    0.340
     7  22.4080   0.7085  -0.9570  12.4590   2.6966   6.6091   0.0340   0.5299   0.5299   0.0296   0.0000  -0.0485  -0.1811    0.341
     8  22.4080   0.9411  -0.9570  12.4590   3.0968   6.6351   0.0332   0.5320   0.5320   0.0298   0.0000  -0.0500  -0.1831    0.344
     9  22.4080   1.2055  -0.9570  12.4590   3.4907   6.6758   0.0318   0.5352   0.5352   0.0303   0.0000  -0.0522  -0.1862    0.348
    10  22.4080   1.5013  -0.9570  12.4590   3.8776   6.7383   0.0295   0.5402   0.5402   0.0311   0.0000  -0.0556  -0.1908    0.353
    11  22.4080   1.8278  -0.9570  12.4590   4.2567   6.8349   0.0257   0.5478   0.5478   0.0326   0.0000  -0.0606  -0.1978    0.361
    12  22.4080   2.1844  -0.9570  12.4590   4.6273   6.9916   0.0203   0.5602   0.5602   0.0354   0.0000  -0.0682  -0.2085    0.372
    13  22.4080   2.5704  -0.9570  12.4590   4.9885   7.3013   0.0132   0.5841   0.5841   0.0472   0.0000  -0.0812  -0.2278    0.389
    14  22.5966   3.0754  -0.9200  12.2979   7.5875   7.9949   0.4269   0.8049   0.6437   0.1015   0.0000  -0.1106  -0.2341    0.422
    15  22.9924   3.7075  -0.8424  11.9598   7.8494   7.9317   0.4250   0.8221   0.6575   0.0945   0.0000  -0.1098  -0.2362    0.417
    16  23.3450   4.2708  -0.7732  11.6585   5.5431   7.0483   0.0090   0.7556   0.6043   0.0295   0.0000  -0.0751  -0.1942    0.374
    17  23.6484   4.7553  -0.7137  11.3993   5.7056   6.6450   0.0122   0.7288   0.5828   0.0263   0.0000  -0.0595  -0.1765    0.352
    18  23.9670   5.2641  -0.6513  11.1271   5.8372   6.3611   0.0154   0.7150   0.5718   0.0233   0.0000  -0.0492  -0.1653    0.336
    19  24.3002   5.7964  -0.5859  10.8424   5.9373   6.1347   0.0182   0.7079   0.5661   0.0206   0.0000  -0.0417  -0.1577    0.324
    20  24.6474   6.3509  -0.5178  10.5458   6.0058   5.9417   0.0204   0.7052   0.5640   0.0182   0.0000  -0.0359  -0.1523    0.314
    21  25.0079   6.9266  -0.4471  10.2379   6.0430   5.7700   0.0217   0.7056   0.5643   0.0160   0.0000  -0.0315  -0.1486    0.306
    22  25.3809   7.5223  -0.3740   9.9192   6.0490   5.6123   0.0221   0.7086   0.5667   0.0140   0.0000  -0.0280  -0.1462    0.299
    23  25.7657   8.1368  -0.2985   9.5905   6.0244   5.4638   0.0212   0.7137   0.5708   0.0121   0.0000  -0.0254  -0.1448    0.294
    24  26.1614   8.7690  -0.2209   9.2523   5.9700   5.3215   0.0189   0.7207   0.5764   0.0104   0.0000  -0.0234  -0.1443    0.291
    25  26.5674   9.4174  -0.1413   8.9055   5.8867   5.1832   0.0145   0.7295   0.5835   0.0088   0.0000  -0.0220  -0.1446    0.288
    26  27.0024  10.1168  -0.0685   8.6379   6.4402   5.0468   0.0116   0.7709   0.5859   0.0073   0.0000  -0.0193  -0.1425    0.283
    27  27.4662  10.8669  -0.0029   8.4530   6.4244   4.9329   0.0133   0.7702   0.5853   0.0059   0.0000  -0.0174  -0.1407    0.280
    28  27.9384  11.6306   0.0640   8.2648   6.3881   4.8232   0.0142   0.7704   0.5854   0.0047   0.0000  -0.0160  -0.1396    0.277
    29  28.4181  12.4065   0.1318   8.0736   6.3319   4.7158   0.0150   0.7712   0.5860   0.0037   0.0000  -0.0151  -0.1389    0.276
    30  28.9043  13.1928   0.2006   7.8797   6.2569   4.6093   0.0159   0.7724   0.5869   0.0028   0.0000  -0.0146  -0.1386    0.275
    31  29.3961  13.9881   0.2702   7.6837   6.1641   4.5028   0.0167   0.7739   0.5881   0.0020   0.0000  -0.0142  -0.1385    0.274
    32  29.8923  14.7908   0.3404   7.4858   6.0545   4.3956   0.0174   0.7755   0.5893   0.0013   0.0000  -0.0141  -0.1387    0.274
    33  30.3921  15.5992   0.4112   7.2866   5.9293   4.2874   0.0178   0.7772   0.5906   0.0007   0.0000  -0.0140  -0.1389    0.274
    34  30.8945  16.4116   0.4822   7.0863   5.7897   4.1776   0.0181   0.7787   0.5918   0.0002   0.0000  -0.0142  -0.1392    0.274
    35  31.3984  17.2266   0.5535   6.8855   5.6369   4.0660   0.0182   0.7801   0.5928  -0.0003   0.0000  -0.0144  -0.1397    0.274
    36  31.9027  18.0423   0.6249   6.6844   5.4723   3.9523   0.0181   0.7811   0.5936  -0.0008   0.0000  -0.0148  -0.1401    0.275
    37  32.4066  18.8573   0.6962   6.4835   5.2972   3.8364   0.0177   0.7818   0.5941  -0.0011   0.0000  -0.0154  -0.1407    0.276
    38  32.9089  19.6698   0.7673   6.2832   5.1129   3.7185   0.0170   0.7819   0.5942  -0.0013   0.0000  -0.0164  -0.1416    0.278
    39  33.4087  20.4781   0.8380   6.0840   4.9207   3.5990   0.0161   0.7815   0.5939  -0.0011   0.0000  -0.0181  -0.1431    0.281
    40  33.9050  21.2808   0.9082   5.8861   4.7221   3.4791   0.0150   0.7808   0.5933   0.0002   0.0000  -0.0214  -0.1458    0.286
    41  34.3967  22.0761   0.9778   5.6901   4.5183   3.3609   0.0139   0.7796   0.5924   0.0056   0.0000  -0.0282  -0.1514    0.298
    42  34.7955  22.7211   1.0342   5.5311   2.7734   3.2606   0.0131   0.7813   0.5938  -0.0231   0.0000  -0.0496  -0.1693    0.334
    43  35.1799  23.3428   1.0886   5.3779   4.0090   3.1633   0.0126   0.7785   0.5916  -0.0135   0.0000  -0.0565  -0.1749    0.346
    44  35.6353  24.0794   1.1531   5.1963   3.8090   3.0547   0.0122   0.7777   0.5910  -0.0104   0.0000  -0.0594  -0.1772    0.351
    45  36.0826  24.8028   1.2163   5.0180   3.6083   2.9477   0.0121   0.7770   0.5905  -0.0091   0.0000  -0.0607  -0.1783    0.353
    46  36.5209  25.5117   1.2784   4.8433   3.4082   2.8431   0.0121   0.7764   0.5900  -0.0085   0.0000  -0.0614  -0.1787    0.354
    47  36.9492  26.2045   1.3390   4.6725   3.2096   2.7408   0.0124   0.7758   0.5895  -0.0083   0.0000  -0.0616  -0.1789    0.355
    48  37.3668  26.8799   1.3981   4.5060   3.0133   2.6406   0.0129   0.7750   0.5890  -0.0081   0.0000  -0.0617  -0.1788    0.355
    49  37.7728  27.5366   1.4555   4.3442   2.8202   2.5423   0.0135   0.7740   0.5882  -0.0081   0.0000  -0.0616  -0.1786    0.355
    50  38.1664  28.1731   1.5112   4.1873   2.6312   2.4456   0.0144   0.7724   0.5870  -0.0081   0.0000  -0.0614  -0.1781    0.355
    51  38.5467  28.7882   1.5650   4.0357   2.4467   2.3502   0.0156   0.7702   0.5853  -0.0081   0.0000  -0.0611  -0.1775    0.354
    52  38.9130  29.3807   1.6168   3.8896   2.2675   2.2557   0.0170   0.7670   0.5828  -0.0081   0.0000  -0.0606  -0.1766    0.354
    53  39.2646  29.9494   1.6666   3.7494   2.0939   2.1615   0.0188   0.7624   0.5794  -0.0081   0.0000  -0.0600  -0.1753    0.354
    54  39.6008  30.4931   1.7142   3.6154   1.9264   2.0669   0.0210   0.7561   0.5746  -0.0080   0.0000  -0.0592  -0.1736    0.353
    55  39.9208  31.0107   1.7595   3.4878   1.7654   1.9711   0.0235   0.7475   0.5680  -0.0080   0.0000  -0.0582  -0.1713    0.352
    56  40.2241  31.5013   1.8024   3.3669   1.6109   1.8730   0.0263   0.7358   0.5591  -0.0078   0.0000  -0.0568  -0.1683    0.352
    57  40.5101  31.9637   1.8428   3.2529   1.4631   1.7713   0.0292   0.7202   0.5473  -0.0077   0.0000  -0.0552  -0.1643    0.351
    58  40.7780  32.3972   1.8807   3.1461   1.3219   1.6647   0.0319   0.6998   0.5318  -0.0074   0.0000  -0.0533  -0.1594    0.350
    59  41.0275  32.8007   1.9161   3.0466   1.1875   1.5526   0.0340   0.6740   0.5122  -0.0069   0.0000  -0.0514  -0.1536    0.350
    60  41.2443  33.1513   1.9467   2.9602   0.9321   1.4394   0.0351   0.6431   0.4887  -0.0069   0.0000  -0.0500  -0.1474    0.352
    61  41.4296  33.4511   1.9730   2.8863   0.8279   1.3264   0.0335   0.6082   0.4622  -0.0101   0.0000  -0.0494  -0.1410    0.357
    62  41.8525  33.7408   1.9984   2.6418   0.7761   1.2046   0.0309   2.0837   0.4573   0.0050   0.0000  -0.0299  -0.0610    0.315
    63  42.4709  34.0170   2.0225   2.2558   0.5879   1.0869   0.0385   2.2103   0.4851  -0.0156   0.0000  -0.0209  -0.0602    0.293
    64  43.0147  34.2599   2.0438   1.9163   0.4349   0.9666   0.0474   2.3189   0.5089  -0.0288   0.0000  -0.0142  -0.0599    0.278
    65  43.4828  34.4691   2.0621   1.6240   0.3131   0.8411   0.0585   2.3858   0.5236  -0.0412   0.0000  -0.0059  -0.0581    0.261
    66  43.8744  34.6440   2.0774   1.3796   0.2184   0.7075   0.0701   2.3677   0.5196  -0.0539   0.0000   0.0063  -0.0526    0.238
    67  44.1886  34.7843   2.0896   1.1834   0.1461   0.5637   0.0797   2.2056   0.4840  -0.0666   0.0000   0.0220  -0.0424    0.205
    68  44.4248  34.8899   2.0989   1.0359   0.0915   0.4101   0.0861   1.8415   0.4041  -0.0762   0.0000   0.0351  -0.0284    0.163
    69  44.5826  34.9603   2.1050   0.9375   0.0498   0.2491   0.0900   1.2455   0.2733  -0.0747   0.0000   0.0352  -0.0144    0.121
    70  44.6615  34.9956   2.1081   0.8882   0.0157   0.0835   0.0922   0.4491   0.0986  -0.0465   0.0000   0.0151  -0.0040    0.097

  Surface # 2     main_wing (YDUP)                        
     # Chordwise = 10   # Spanwise = 70     First strip = 71
     Surface area Ssurf =  250.220834     Ave. chord Cave =    7.118896

 Forces referred to Sref, Cref, Bref about Xref, Yref, Zref
 Standard axis orientation,  X fwd, Z down         
     CLsurf  =   0.29531     Clsurf  =   0.05548
     CYsurf  =   0.01872     Cmsurf  =  -1.11527
     CDsurf  =   0.00690     Cnsurf  =  -0.00318
     CDisurf =   0.00690     CDvsurf =   0.00000

 Forces referred to Ssurf, Cave 
     CLsurf  =   0.58003     CDsurf  =   0.01353

 Strip Forces referred to Strip Area, Chord
    j     Xle      Yle      Zle      Chord    Area     c_cl     ai     cl_norm    cl       cd       cdv    cm_c/4     cm_LE   C.P.x/c
    71  22.4080  -0.0042  -0.9570  12.4590   0.2104   6.5770   0.0350   0.5273   0.5273   0.0303   0.0000  -0.0465   0.1785    0.338
    72  22.4080  -0.0380  -0.9570  12.4590   0.6307   6.5771   0.0350   0.5273   0.5273   0.0302   0.0000  -0.0466   0.1785    0.338
    73  22.4080  -0.1054  -0.9570  12.4590   1.0498   6.5776   0.0349   0.5273   0.5273   0.0300   0.0000  -0.0466   0.1786    0.338
    74  22.4080  -0.2065  -0.9570  12.4590   1.4668   6.5796   0.0349   0.5275   0.5275   0.0298   0.0000  -0.0467   0.1787    0.339
    75  22.4080  -0.3408  -0.9570  12.4590   1.8808   6.5842   0.0347   0.5279   0.5279   0.0296   0.0000  -0.0470   0.1791    0.339
    76  22.4080  -0.5083  -0.9570  12.4590   2.2910   6.5932   0.0345   0.5286   0.5286   0.0295   0.0000  -0.0475   0.1798    0.340
    77  22.4080  -0.7085  -0.9570  12.4590   2.6966   6.6091   0.0340   0.5299   0.5299   0.0296   0.0000  -0.0485   0.1811    0.341
    78  22.4080  -0.9411  -0.9570  12.4590   3.0968   6.6351   0.0332   0.5320   0.5320   0.0298   0.0000  -0.0500   0.1831    0.344
    79  22.4080  -1.2055  -0.9570  12.4590   3.4907   6.6758   0.0318   0.5352   0.5352   0.0303   0.0000  -0.0522   0.1862    0.348
    80  22.4080  -1.5013  -0.9570  12.4590   3.8776   6.7383   0.0295   0.5402   0.5402   0.0311   0.0000  -0.0556   0.1908    0.353
    81  22.4080  -1.8278  -0.9570  12.4590   4.2567   6.8349   0.0257   0.5478   0.5478   0.0326   0.0000  -0.0606   0.1978    0.361
    82  22.4080  -2.1844  -0.9570  12.4590   4.6273   6.9916   0.0203   0.5602   0.5602   0.0354   0.0000  -0.0682   0.2085    0.372
    83  22.4080  -2.5704  -0.9570  12.4590   4.9885   7.3013   0.0132   0.5841   0.5841   0.0472   0.0000  -0.0812   0.2278    0.389
    84  22.5966  -3.0754  -0.9200  12.2979   7.5875   7.9949   0.4269   0.8049   0.6437   0.1015   0.0000  -0.1106   0.2341    0.422
    85  22.9924  -3.7075  -0.8424  11.9598   7.8494   7.9317   0.4250   0.8221   0.6575   0.0945   0.0000  -0.1098   0.2362    0.417
    86  23.3450  -4.2708  -0.7732  11.6585   5.5431   7.0483   0.0090   0.7556   0.6043   0.0295   0.0000  -0.0751   0.1942    0.374
    87  23.6484  -4.7553  -0.7137  11.3993   5.7056   6.6450   0.0122   0.7288   0.5828   0.0263   0.0000  -0.0595   0.1765    0.352
    88  23.9670  -5.2641  -0.6513  11.1271   5.8372   6.3611   0.0154   0.7150   0.5718   0.0233   0.0000  -0.0492   0.1653    0.336
    89  24.3002  -5.7964  -0.5859  10.8424   5.9373   6.1347   0.0182   0.7079   0.5661   0.0206   0.0000  -0.0417   0.1577    0.324
    90  24.6474  -6.3509  -0.5178  10.5458   6.0058   5.9417   0.0204   0.7052   0.5640   0.0182   0.0000  -0.0359   0.1523    0.314
    91  25.0079  -6.9266  -0.4471  10.2379   6.0430   5.7700   0.0217   0.7056   0.5643   0.0160   0.0000  -0.0315   0.1486    0.306
    92  25.3809  -7.5223  -0.3740   9.9192   6.0490   5.6123   0.0221   0.7086   0.5667   0.0140   0.0000  -0.0280   0.1462    0.299
    93  25.7657  -8.1368  -0.2985   9.5905   6.0244   5.4638   0.0212   0.7137   0.5708   0.0121   0.0000  -0.0254   0.1448    0.294
    94  26.1614  -8.7690  -0.2209   9.2523   5.9700   5.3215   0.0189   0.7207   0.5764   0.0104   0.0000  -0.0234   0.1443    0.291
    95  26.5674  -9.4174  -0.1413   8.9055   5.8867   5.1832   0.0145   0.7295   0.5835   0.0088   0.0000  -0.0220   0.1446    0.288
    96  27.0024 -10.1168  -0.0685   8.6379   6.4402   5.0468   0.0116   0.7709   0.5859   0.0073   0.0000  -0.0193   0.1425    0.283
    97  27.4662 -10.8669  -0.0029   8.4530   6.4244   4.9329   0.0133   0.7702   0.5853   0.0059   0.0000  -0.0174   0.1407    0.280
    98  27.9384 -11.6306   0.0640   8.2648   6.3881   4.8232   0.0142   0.7704   0.5854   0.0047   0.0000  -0.0160   0.1396    0.277
    99  28.4181 -12.4065   0.1318   8.0736   6.3319   4.7158   0.0150   0.7712   0.5860   0.0037   0.0000  -0.0151   0.1389    0.276
   100  28.9043 -13.1928   0.2006   7.8797   6.2569   4.6093   0.0159   0.7724   0.5869   0.0028   0.0000  -0.0146   0.1386    0.275
   101  29.3961 -13.9881   0.2702   7.6837   6.1641   4.5028   0.0167   0.7739   0.5881   0.0020   0.0000  -0.0142   0.1385    0.274
   102  29.8923 -14.7908   0.3404   7.4858   6.0545   4.3956   0.0174   0.7755   0.5893   0.0013   0.0000  -0.0141   0.1387    0.274
   103  30.3921 -15.5992   0.4112   7.2866   5.9293   4.2874   0.0178   0.7772   0.5906   0.0007   0.0000  -0.0140   0.1389    0.274
   104  30.8945 -16.4116   0.4822   7.0863   5.7897   4.1776   0.0181   0.7787   0.5918   0.0002   0.0000  -0.0142   0.1392    0.274
   105  31.3984 -17.2266   0.5535   6.8855   5.6369   4.0660   0.0182   0.7801   0.5928  -0.0003   0.0000  -0.0144   0.1397    0.274
   106  31.9027 -18.0423   0.6249   6.6844   5.4723   3.9523   0.0181   0.7811   0.5936  -0.0008   0.0000  -0.0148   0.1401    0.275
   107  32.4066 -18.8573   0.6962   6.4835   5.2972   3.8364   0.0177   0.7818   0.5941  -0.0011   0.0000  -0.0154   0.1407    0.276
   108  32.9089 -19.6698   0.7673   6.2832   5.1129   3.7185   0.0170   0.7819   0.5942  -0.0013   0.0000  -0.0164   0.1416    0.278
   109  33.4087 -20.4781   0.8380   6.0840   4.9207   3.5990   0.0161   0.7815   0.5939  -0.0011   0.0000  -0.0181   0.1431    0.281
   110  33.9050 -21.2808   0.9082   5.8861   4.7221   3.4791   0.0150   0.7808   0.5933   0.0002   0.0000  -0.0214   0.1458    0.286
   111  34.3967 -22.0761   0.9778   5.6901   4.5183   3.3609   0.0139   0.7796   0.5924   0.0056   0.0000  -0.0282   0.1514    0.298
   112  34.7955 -22.7211   1.0342   5.5311   2.7734   3.2606   0.0131   0.7813   0.5938  -0.0231   0.0000  -0.0496   0.1693    0.334
   113  35.1799 -23.3428   1.0886   5.3779   4.0090   3.1633   0.0126   0.7785   0.5916  -0.0135   0.0000  -0.0565   0.1749    0.346
   114  35.6353 -24.0794   1.1531   5.1963   3.8090   3.0547   0.0122   0.7777   0.5910  -0.0104   0.0000  -0.0594   0.1772    0.351
   115  36.0826 -24.8028   1.2163   5.0180   3.6083   2.9477   0.0121   0.7770   0.5905  -0.0091   0.0000  -0.0607   0.1783    0.353
   116  36.5209 -25.5117   1.2784   4.8433   3.4082   2.8431   0.0121   0.7764   0.5900  -0.0085   0.0000  -0.0614   0.1787    0.354
   117  36.9492 -26.2045   1.3390   4.6725   3.2096   2.7408   0.0124   0.7758   0.5895  -0.0083   0.0000  -0.0616   0.1789    0.355
   118  37.3668 -26.8799   1.3981   4.5060   3.0133   2.6406   0.0129   0.7750   0.5890  -0.0081   0.0000  -0.0617   0.1788    0.355
   119  37.7728 -27.5366   1.4555   4.3442   2.8202   2.5423   0.0135   0.7740   0.5882  -0.0081   0.0000  -0.0616   0.1786    0.355
   120  38.1664 -28.1731   1.5112   4.1873   2.6312   2.4456   0.0144   0.7724   0.5870  -0.0081   0.0000  -0.0614   0.1781    0.355
   121  38.5467 -28.7882   1.5650   4.0357   2.4467   2.3502   0.0156   0.7702   0.5853  -0.0081   0.0000  -0.0611   0.1775    0.354
   122  38.9130 -29.3807   1.6168   3.8896   2.2675   2.2557   0.0170   0.7670   0.5828  -0.0081   0.0000  -0.0606   0.1766    0.354
   123  39.2646 -29.9494   1.6666   3.7494   2.0939   2.1615   0.0188   0.7624   0.5794  -0.0081   0.0000  -0.0600   0.1753    0.354
   124  39.6008 -30.4931   1.7142   3.6154   1.9264   2.0669   0.0210   0.7561   0.5746  -0.0080   0.0000  -0.0592   0.1736    0.353
   125  39.9208 -31.0107   1.7595   3.4878   1.7654   1.9711   0.0235   0.7475   0.5680  -0.0080   0.0000  -0.0582   0.1713    0.352
   126  40.2241 -31.5013   1.8024   3.3669   1.6109   1.8730   0.0263   0.7358   0.5591  -0.0078   0.0000  -0.0568   0.1683    0.352
   127  40.5101 -31.9637   1.8428   3.2529   1.4631   1.7713   0.0292   0.7202   0.5473  -0.0077   0.0000  -0.0552   0.1643    0.351
   128  40.7780 -32.3972   1.8807   3.1461   1.3219   1.6647   0.0319   0.6998   0.5318  -0.0074   0.0000  -0.0533   0.1594    0.350
   129  41.0275 -32.8007   1.9161   3.0466   1.1875   1.5526   0.0340   0.6740   0.5122  -0.0069   0.0000  -0.0514   0.1536    0.350
   130  41.2443 -33.1513   1.9467   2.9602   0.9321   1.4394   0.0351   0.6431   0.4887  -0.0069   0.0000  -0.0500   0.1474    0.352
   131  41.4296 -33.4511   1.9730   2.8863   0.8279   1.3264   0.0335   0.6082   0.4622  -0.0101   0.0000  -0.0494   0.1410    0.357
   132  41.8525 -33.7408   1.9984   2.6418   0.7761   1.2046   0.0309   2.0837   0.4573   0.0050   0.0000  -0.0299   0.0610    0.315
   133  42.4709 -34.0170   2.0225   2.2558   0.5879   1.0869   0.0385   2.2103   0.4851  -0.0156   0.0000  -0.0209   0.0602    0.293
   134  43.0147 -34.2599   2.0438   1.9163   0.4349   0.9666   0.0474   2.3189   0.5089  -0.0288   0.0000  -0.0142   0.0599    0.278
   135  43.4828 -34.4691   2.0621   1.6240   0.3131   0.8411   0.0585   2.3858   0.5236  -0.0412   0.0000  -0.0059   0.0581    0.261
   136  43.8744 -34.6440   2.0774   1.3796   0.2184   0.7075   0.0701   2.3677   0.5196  -0.0539   0.0000   0.0063   0.0526    0.238
   137  44.1886 -34.7843   2.0896   1.1834   0.1461   0.5637   0.0797   2.2056   0.4840  -0.0666   0.0000   0.0220   0.0424    0.205
   138  44.4248 -34.8899   2.0989   1.0359   0.0915   0.4101   0.0861   1.8415   0.4041  -0.0762   0.0000   0.0351   0.0284    0.163
   139  44.5826 -34.9603   2.1050   0.9375   0.0498   0.2491   0.0900   1.2455   0.2733  -0.0747   0.0000   0.0352   0.0144    0.121
   140  44.6615 -34.9956   2.1081   0.8882   0.0157   0.0835   0.0922   0.4491   0.0986  -0.0465   0.0000   0.0151   0.0040    0.097

  Surface # 3     horizontal_stabilizer                   
     # Chordwise = 10   # Spanwise = 70     First strip =141
     Surface area Ssurf =   33.045236     Ave. chord Cave =    3.385454

 Forces referred to Sref, Cref, Bref about Xref, Yref, Zref
 Standard axis orientation,  X fwd, Z down         
     CLsurf  =   0.00797     Clsurf  =  -0.00056
     CYsurf  =  -0.00089     Cmsurf  =  -0.05626
     CDsurf  =   0.00052     Cnsurf  =   0.00073
     CDisurf =   0.00052     CDvsurf =   0.00000

 Forces referred to Ssurf, Cave 
     CLsurf  =   0.11905     CDsurf  =   0.00767

 Strip Forces referred to Strip Area, Chord
    j     Xle      Yle      Zle      Chord    Area     c_cl     ai     cl_norm    cl       cd       cdv    cm_c/4     cm_LE   C.P.x/c
   141  55.3378   0.0012   2.0821   4.5667   0.0218   0.5201   0.0827   0.1431   0.1063   0.0916   0.0000  -0.0063  -0.0296    0.309
   142  55.3439   0.0107   2.0832   4.5644   0.0654   0.4324   0.0830   0.1261   0.0937   0.0156   0.0000  -0.0061  -0.0255    0.315
   143  55.3560   0.0296   2.0853   4.5598   0.1087   0.4255   0.0834   0.1249   0.0928   0.0097   0.0000  -0.0061  -0.0251    0.316
   144  55.3743   0.0580   2.0884   4.5529   0.1516   0.4237   0.0837   0.1247   0.0927   0.0082   0.0000  -0.0060  -0.0250    0.315
   145  55.3985   0.0958   2.0926   4.5437   0.1940   0.4230   0.0841   0.1249   0.0928   0.0077   0.0000  -0.0059  -0.0249    0.313
   146  55.4288   0.1429   2.0978   4.5322   0.2357   0.4229   0.0844   0.1252   0.0930   0.0075   0.0000  -0.0057  -0.0248    0.311
   147  55.4649   0.1992   2.1040   4.5185   0.2766   0.4229   0.0848   0.1256   0.0933   0.0074   0.0000  -0.0054  -0.0246    0.308
   148  55.5069   0.2646   2.1112   4.5025   0.3165   0.4231   0.0851   0.1261   0.0937   0.0073   0.0000  -0.0051  -0.0244    0.304
   149  55.5546   0.3389   2.1194   4.4844   0.3554   0.4233   0.0854   0.1266   0.0941   0.0073   0.0000  -0.0048  -0.0243    0.301
   150  55.6080   0.4221   2.1286   4.4642   0.3930   0.4235   0.0857   0.1273   0.0946   0.0072   0.0000  -0.0045  -0.0241    0.297
   151  55.6670   0.5139   2.1387   4.4418   0.4292   0.4237   0.0860   0.1280   0.0951   0.0072   0.0000  -0.0041  -0.0239    0.293
   152  55.7314   0.6141   2.1498   4.4174   0.4640   0.4239   0.0863   0.1288   0.0957   0.0072   0.0000  -0.0038  -0.0238    0.290
   153  55.8011   0.7227   2.1618   4.3910   0.4973   0.4240   0.0865   0.1296   0.0963   0.0072   0.0000  -0.0035  -0.0236    0.286
   154  55.8759   0.8392   2.1746   4.3626   0.5288   0.4240   0.0868   0.1304   0.0969   0.0071   0.0000  -0.0032  -0.0235    0.283
   155  55.9558   0.9636   2.1884   4.3323   0.5586   0.4239   0.0871   0.1313   0.0976   0.0071   0.0000  -0.0029  -0.0234    0.280
   156  56.0405   1.0955   2.2029   4.3001   0.5866   0.4237   0.0873   0.1323   0.0983   0.0071   0.0000  -0.0027  -0.0234    0.277
   157  56.1315   1.2373   2.2186   4.2656   0.6352   0.4234   0.0875   0.1332   0.0990   0.0071   0.0000  -0.0024  -0.0233    0.274
   158  56.2289   1.3889   2.2353   4.2287   0.6600   0.4230   0.0877   0.1343   0.0998   0.0072   0.0000  -0.0022  -0.0233    0.272
   159  56.3307   1.5475   2.2528   4.1900   0.6826   0.4224   0.0879   0.1353   0.1006   0.0072   0.0000  -0.0020  -0.0233    0.270
   160  56.4368   1.7127   2.2711   4.1498   0.7031   0.4218   0.0880   0.1364   0.1014   0.0072   0.0000  -0.0019  -0.0234    0.268
   161  56.5469   1.8842   2.2900   4.1080   0.7214   0.4211   0.0880   0.1376   0.1023   0.0072   0.0000  -0.0017  -0.0235    0.267
   162  56.6609   2.0617   2.3096   4.0648   0.7375   0.4203   0.0878   0.1388   0.1032   0.0073   0.0000  -0.0016  -0.0236    0.266
   163  56.7785   2.2448   2.3298   4.0202   0.7513   0.4196   0.0876   0.1401   0.1041   0.0073   0.0000  -0.0015  -0.0237    0.265
   164  56.8994   2.4331   2.3506   3.9743   0.7630   0.4190   0.0872   0.1415   0.1052   0.0073   0.0000  -0.0015  -0.0238    0.264
   165  57.0234   2.6263   2.3719   3.9273   0.7724   0.4185   0.0867   0.1431   0.1063   0.0074   0.0000  -0.0014  -0.0240    0.263
   166  57.1504   2.8240   2.3937   3.8791   0.7796   0.4183   0.0859   0.1448   0.1076   0.0075   0.0000  -0.0013  -0.0243    0.262
   167  57.2799   3.0257   2.4160   3.8300   0.7846   0.4183   0.0850   0.1466   0.1090   0.0075   0.0000  -0.0013  -0.0245    0.262
   168  57.4118   3.2311   2.4387   3.7800   0.7875   0.4185   0.0839   0.1487   0.1105   0.0076   0.0000  -0.0012  -0.0248    0.261
   169  57.5458   3.4398   2.4617   3.7292   0.7883   0.4191   0.0826   0.1509   0.1122   0.0077   0.0000  -0.0012  -0.0251    0.261
   170  57.6816   3.6513   2.4851   3.6777   0.7871   0.4201   0.0811   0.1534   0.1140   0.0077   0.0000  -0.0011  -0.0255    0.260
   171  57.8189   3.8651   2.5087   3.6256   0.7840   0.4214   0.0795   0.1561   0.1160   0.0078   0.0000  -0.0011  -0.0258    0.259
   172  57.9575   4.0810   2.5325   3.5730   0.7789   0.4230   0.0778   0.1590   0.1181   0.0079   0.0000  -0.0010  -0.0262    0.258
   173  58.0971   4.2984   2.5565   3.5200   0.7721   0.4248   0.0760   0.1621   0.1204   0.0080   0.0000  -0.0009  -0.0266    0.257
   174  58.2374   4.5169   2.5806   3.4668   0.7635   0.4269   0.0743   0.1654   0.1229   0.0081   0.0000  -0.0008  -0.0271    0.256
   175  58.3781   4.7361   2.6048   3.4134   0.7532   0.4291   0.0725   0.1688   0.1255   0.0082   0.0000  -0.0007  -0.0275    0.255
   176  58.5190   4.9555   2.6291   3.3600   0.7414   0.4313   0.0708   0.1724   0.1281   0.0083   0.0000  -0.0005  -0.0280    0.254
   177  58.6597   5.1746   2.6533   3.3066   0.7282   0.4335   0.0692   0.1761   0.1309   0.0084   0.0000  -0.0004  -0.0285    0.253
   178  58.8000   5.3931   2.6774   3.2534   0.7136   0.4355   0.0677   0.1798   0.1336   0.0085   0.0000  -0.0002  -0.0289    0.252
   179  58.9396   5.6105   2.7014   3.2005   0.6977   0.4373   0.0664   0.1836   0.1364   0.0085   0.0000  -0.0000  -0.0293    0.250
   180  59.0783   5.8264   2.7252   3.1479   0.6807   0.4387   0.0653   0.1872   0.1391   0.0086   0.0000   0.0002  -0.0298    0.249
   181  59.2156   6.0403   2.7488   3.0958   0.6626   0.4396   0.0642   0.1908   0.1418   0.0087   0.0000   0.0004  -0.0301    0.247
   182  59.3514   6.2518   2.7722   3.0443   0.6435   0.4399   0.0634   0.1942   0.1443   0.0087   0.0000   0.0006  -0.0305    0.246
   183  59.4854   6.4604   2.7952   2.9935   0.6236   0.4395   0.0627   0.1973   0.1466   0.0087   0.0000   0.0009  -0.0308    0.244
   184  59.6173   6.6658   2.8179   2.9434   0.6030   0.4384   0.0622   0.2002   0.1488   0.0087   0.0000   0.0012  -0.0310    0.242
   185  59.7468   6.8676   2.8402   2.8943   0.5816   0.4365   0.0618   0.2027   0.1506   0.0087   0.0000   0.0015  -0.0311    0.240
   186  59.8737   7.0652   2.8620   2.8462   0.5597   0.4337   0.0616   0.2048   0.1522   0.0087   0.0000   0.0019  -0.0311    0.238
   187  59.9978   7.2584   2.8833   2.7991   0.5373   0.4298   0.0615   0.2064   0.1534   0.0086   0.0000   0.0023  -0.0310    0.235
   188  60.1187   7.4468   2.9041   2.7532   0.5146   0.4249   0.0615   0.2075   0.1542   0.0086   0.0000   0.0027  -0.0308    0.232
   189  60.2363   7.6298   2.9243   2.7086   0.4914   0.4189   0.0616   0.2079   0.1545   0.0085   0.0000   0.0032  -0.0305    0.229
   190  60.3502   7.8073   2.9439   2.6654   0.4681   0.4117   0.0619   0.2077   0.1543   0.0083   0.0000   0.0037  -0.0300    0.226
   191  60.4604   7.9789   2.9629   2.6236   0.4445   0.4032   0.0622   0.2066   0.1536   0.0082   0.0000   0.0043  -0.0294    0.222
   192  60.5664   8.1441   2.9811   2.5834   0.4209   0.3934   0.0627   0.2048   0.1522   0.0080   0.0000   0.0049  -0.0286    0.218
   193  60.6683   8.3026   2.9986   2.5448   0.3972   0.3822   0.0631   0.2020   0.1501   0.0077   0.0000   0.0055  -0.0276    0.213
   194  60.7656   8.4543   3.0153   2.5078   0.3735   0.3697   0.0637   0.1982   0.1473   0.0075   0.0000   0.0062  -0.0264    0.208
   195  60.8583   8.5986   3.0313   2.4727   0.3498   0.3556   0.0643   0.1934   0.1437   0.0072   0.0000   0.0069  -0.0251    0.202
   196  60.9461   8.7354   3.0464   2.4394   0.3262   0.3401   0.0648   0.1875   0.1394   0.0068   0.0000   0.0076  -0.0236    0.196
   197  61.0289   8.8643   3.0606   2.4080   0.3027   0.3232   0.0654   0.1805   0.1342   0.0064   0.0000   0.0082  -0.0219    0.189
   198  61.1050   8.9828   3.0737   2.3791   0.2681   0.3051   0.0660   0.1725   0.1282   0.0060   0.0000   0.0088  -0.0202    0.182
   199  61.1744   9.0908   3.0856   2.3528   0.2460   0.2859   0.0665   0.1635   0.1215   0.0055   0.0000   0.0092  -0.0184    0.174
   200  61.2384   9.1906   3.0966   2.3285   0.2239   0.2656   0.0670   0.1535   0.1141   0.0051   0.0000   0.0095  -0.0165    0.167
   201  61.2971   9.2820   3.1067   2.3063   0.2021   0.2441   0.0674   0.1424   0.1059   0.0046   0.0000   0.0097  -0.0146    0.159
   202  61.3502   9.3647   3.1159   2.2861   0.1803   0.2215   0.0679   0.1304   0.0969   0.0040   0.0000   0.0096  -0.0127    0.151
   203  61.3977   9.4387   3.1240   2.2681   0.1587   0.1980   0.0682   0.1175   0.0873   0.0035   0.0000   0.0093  -0.0109    0.143
   204  61.4395   9.5038   3.1312   2.2523   0.1372   0.1735   0.0686   0.1037   0.0771   0.0029   0.0000   0.0088  -0.0091    0.136
   205  61.4755   9.5598   3.1374   2.2386   0.1159   0.1482   0.0689   0.0891   0.0662   0.0023   0.0000   0.0080  -0.0075    0.129
   206  61.5056   9.6066   3.1426   2.2272   0.0946   0.1222   0.0691   0.0739   0.0549   0.0017   0.0000   0.0070  -0.0059    0.122
   207  61.5297   9.6442   3.1467   2.2181   0.0735   0.0957   0.0693   0.0581   0.0432   0.0012   0.0000   0.0057  -0.0044    0.117
   208  61.5479   9.6725   3.1498   2.2112   0.0524   0.0686   0.0695   0.0419   0.0311   0.0005   0.0000   0.0043  -0.0031    0.113
   209  61.5600   9.6914   3.1519   2.2066   0.0314   0.0413   0.0695   0.0253   0.0188  -0.0001   0.0000   0.0026  -0.0018    0.111
   210  61.5660   9.7008   3.1530   2.2043   0.0105   0.0138   0.0696   0.0085   0.0063  -0.0006   0.0000   0.0009  -0.0006    0.110

  Surface # 4     horizontal_stabilizer (YDUP)            
     # Chordwise = 10   # Spanwise = 70     First strip =211
     Surface area Ssurf =   33.045236     Ave. chord Cave =    3.385454

 Forces referred to Sref, Cref, Bref about Xref, Yref, Zref
 Standard axis orientation,  X fwd, Z down         
     CLsurf  =   0.00797     Clsurf  =   0.00056
     CYsurf  =   0.00089     Cmsurf  =  -0.05626
     CDsurf  =   0.00052     Cnsurf  =  -0.00073
     CDisurf =   0.00052     CDvsurf =   0.00000

 Forces referred to Ssurf, Cave 
     CLsurf  =   0.11905     CDsurf  =   0.00767

 Strip Forces referred to Strip Area, Chord
    j     Xle      Yle      Zle      Chord    Area     c_cl     ai     cl_norm    cl       cd       cdv    cm_c/4     cm_LE   C.P.x/c
   211  55.3378  -0.0012   2.0821   4.5667   0.0218   0.5201   0.0827   0.1431   0.1063   0.0916   0.0000  -0.0063   0.0296    0.309
   212  55.3439  -0.0107   2.0832   4.5644   0.0654   0.4324   0.0830   0.1261   0.0937   0.0156   0.0000  -0.0061   0.0255    0.315
   213  55.3560  -0.0296   2.0853   4.5598   0.1087   0.4255   0.0834   0.1249   0.0928   0.0097   0.0000  -0.0061   0.0251    0.316
   214  55.3743  -0.0580   2.0884   4.5529   0.1516   0.4237   0.0837   0.1247   0.0927   0.0082   0.0000  -0.0060   0.0250    0.315
   215  55.3985  -0.0958   2.0926   4.5437   0.1940   0.4230   0.0841   0.1249   0.0928   0.0077   0.0000  -0.0059   0.0249    0.313
   216  55.4288  -0.1429   2.0978   4.5322   0.2357   0.4229   0.0844   0.1252   0.0930   0.0075   0.0000  -0.0057   0.0248    0.311
   217  55.4649  -0.1992   2.1040   4.5185   0.2766   0.4229   0.0848   0.1256   0.0933   0.0074   0.0000  -0.0054   0.0246    0.308
   218  55.5069  -0.2646   2.1112   4.5025   0.3165   0.4231   0.0851   0.1261   0.0937   0.0073   0.0000  -0.0051   0.0244    0.304
   219  55.5546  -0.3389   2.1194   4.4844   0.3554   0.4233   0.0854   0.1266   0.0941   0.0073   0.0000  -0.0048   0.0243    0.301
   220  55.6080  -0.4221   2.1286   4.4642   0.3930   0.4235   0.0857   0.1273   0.0946   0.0072   0.0000  -0.0045   0.0241    0.297
   221  55.6670  -0.5139   2.1387   4.4418   0.4292   0.4237   0.0860   0.1280   0.0951   0.0072   0.0000  -0.0041   0.0239    0.293
   222  55.7314  -0.6141   2.1498   4.4174   0.4640   0.4239   0.0863   0.1288   0.0957   0.0072   0.0000  -0.0038   0.0238    0.290
   223  55.8011  -0.7227   2.1618   4.3910   0.4973   0.4240   0.0865   0.1296   0.0963   0.0072   0.0000  -0.0035   0.0236    0.286
   224  55.8759  -0.8392   2.1746   4.3626   0.5288   0.4240   0.0868   0.1304   0.0969   0.0071   0.0000  -0.0032   0.0235    0.283
   225  55.9558  -0.9636   2.1884   4.3323   0.5586   0.4239   0.0871   0.1313   0.0976   0.0071   0.0000  -0.0029   0.0234    0.280
   226  56.0405  -1.0955   2.2029   4.3001   0.5866   0.4237   0.0873   0.1323   0.0983   0.0071   0.0000  -0.0027   0.0234    0.277
   227  56.1315  -1.2373   2.2186   4.2656   0.6352   0.4234   0.0875   0.1332   0.0990   0.0071   0.0000  -0.0024   0.0233    0.274
   228  56.2289  -1.3889   2.2353   4.2287   0.6600   0.4230   0.0877   0.1343   0.0998   0.0072   0.0000  -0.0022   0.0233    0.272
   229  56.3307  -1.5475   2.2528   4.1900   0.6826   0.4224   0.0879   0.1353   0.1006   0.0072   0.0000  -0.0020   0.0233    0.270
   230  56.4368  -1.7127   2.2711   4.1498   0.7031   0.4218   0.0880   0.1364   0.1014   0.0072   0.0000  -0.0019   0.0234    0.268
   231  56.5469  -1.8842   2.2900   4.1080   0.7214   0.4211   0.0880   0.1376   0.1023   0.0072   0.0000  -0.0017   0.0235    0.267
   232  56.6609  -2.0617   2.3096   4.0648   0.7375   0.4203   0.0878   0.1388   0.1032   0.0073   0.0000  -0.0016   0.0236    0.266
   233  56.7785  -2.2448   2.3298   4.0202   0.7513   0.4196   0.0876   0.1401   0.1041   0.0073   0.0000  -0.0015   0.0237    0.265
   234  56.8994  -2.4331   2.3506   3.9743   0.7630   0.4190   0.0872   0.1415   0.1052   0.0073   0.0000  -0.0015   0.0238    0.264
   235  57.0234  -2.6263   2.3719   3.9273   0.7724   0.4185   0.0867   0.1431   0.1063   0.0074   0.0000  -0.0014   0.0240    0.263
   236  57.1504  -2.8240   2.3937   3.8791   0.7796   0.4183   0.0859   0.1448   0.1076   0.0075   0.0000  -0.0013   0.0243    0.262
   237  57.2799  -3.0257   2.4160   3.8300   0.7846   0.4183   0.0850   0.1466   0.1090   0.0075   0.0000  -0.0013   0.0245    0.262
   238  57.4118  -3.2311   2.4387   3.7800   0.7875   0.4185   0.0839   0.1487   0.1105   0.0076   0.0000  -0.0012   0.0248    0.261
   239  57.5458  -3.4398   2.4617   3.7292   0.7883   0.4191   0.0826   0.1509   0.1122   0.0077   0.0000  -0.0012   0.0251    0.261
   240  57.6816  -3.6513   2.4851   3.6777   0.7871   0.4201   0.0811   0.1534   0.1140   0.0077   0.0000  -0.0011   0.0255    0.260
   241  57.8189  -3.8651   2.5087   3.6256   0.7840   0.4214   0.0795   0.1561   0.1160   0.0078   0.0000  -0.0011   0.0258    0.259
   242  57.9575  -4.0810   2.5325   3.5730   0.7789   0.4230   0.0778   0.1590   0.1181   0.0079   0.0000  -0.0010   0.0262    0.258
   243  58.0971  -4.2984   2.5565   3.5200   0.7721   0.4248   0.0760   0.1621   0.1204   0.0080   0.0000  -0.0009   0.0266    0.257
   244  58.2374  -4.5169   2.5806   3.4668   0.7635   0.4269   0.0743   0.1654   0.1229   0.0081   0.0000  -0.0008   0.0271    0.256
   245  58.3781  -4.7361   2.6048   3.4134   0.7532   0.4291   0.0725   0.1688   0.1255   0.0082   0.0000  -0.0007   0.0275    0.255
   246  58.5190  -4.9555   2.6291   3.3600   0.7414   0.4313   0.0708   0.1724   0.1281   0.0083   0.0000  -0.0005   0.0280    0.254
   247  58.6597  -5.1746   2.6533   3.3066   0.7282   0.4335   0.0692   0.1761   0.1309   0.0084   0.0000  -0.0004   0.0285    0.253
   248  58.8000  -5.3931   2.6774   3.2534   0.7136   0.4355   0.0677   0.1798   0.1336   0.0085   0.0000  -0.0002   0.0289    0.252
   249  58.9396  -5.6105   2.7014   3.2005   0.6977   0.4373   0.0664   0.1836   0.1364   0.0085   0.0000  -0.0000   0.0293    0.250
   250  59.0783  -5.8264   2.7252   3.1479   0.6807   0.4387   0.0653   0.1872   0.1391   0.0086   0.0000   0.0002   0.0298    0.249
   251  59.2156  -6.0403   2.7488   3.0958   0.6626   0.4396   0.0642   0.1908   0.1418   0.0087   0.0000   0.0004   0.0301    0.247
   252  59.3514  -6.2518   2.7722   3.0443   0.6435   0.4399   0.0634   0.1942   0.1443   0.0087   0.0000   0.0006   0.0305    0.246
   253  59.4854  -6.4604   2.7952   2.9935   0.6236   0.4395   0.0627   0.1973   0.1466   0.0087   0.0000   0.0009   0.0308    0.244
   254  59.6173  -6.6658   2.8179   2.9434   0.6030   0.4384   0.0622   0.2002   0.1488   0.0087   0.0000   0.0012   0.0310    0.242
   255  59.7468  -6.8676   2.8402   2.8943   0.5816   0.4365   0.0618   0.2027   0.1506   0.0087   0.0000   0.0015   0.0311    0.240
   256  59.8737  -7.0652   2.8620   2.8462   0.5597   0.4337   0.0616   0.2048   0.1522   0.0087   0.0000   0.0019   0.0311    0.238
   257  59.9978  -7.2584   2.8833   2.7991   0.5373   0.4298   0.0615   0.2064   0.1534   0.0086   0.0000   0.0023   0.0310    0.235
   258  60.1187  -7.4468   2.9041   2.7532   0.5146   0.4249   0.0615   0.2075   0.1542   0.0086   0.0000   0.0027   0.0308    0.232
   259  60.2363  -7.6298   2.9243   2.7086   0.4914   0.4189   0.0616   0.2079   0.1545   0.0085   0.0000   0.0032   0.0305    0.229
   260  60.3502  -7.8073   2.9439   2.6654   0.4681   0.4117   0.0619   0.2077   0.1543   0.0083   0.0000   0.0037   0.0300    0.226
   261  60.4604  -7.9789   2.9629   2.6236   0.4445   0.4032   0.0622   0.2066   0.1536   0.0082   0.0000   0.0043   0.0294    0.222
   262  60.5664  -8.1441   2.9811   2.5834   0.4209   0.3934   0.0627   0.2048   0.1522   0.0080   0.0000   0.0049   0.0286    0.218
   263  60.6683  -8.3026   2.9986   2.5448   0.3972   0.3822   0.0631   0.2020   0.1501   0.0077   0.0000   0.0055   0.0276    0.213
   264  60.7656  -8.4543   3.0153   2.5078   0.3735   0.3697   0.0637   0.1982   0.1473   0.0075   0.0000   0.0062   0.0264    0.208
   265  60.8583  -8.5986   3.0313   2.4727   0.3498   0.3556   0.0643   0.1934   0.1437   0.0072   0.0000   0.0069   0.0251    0.202
   266  60.9461  -8.7354   3.0464   2.4394   0.3262   0.3401   0.0648   0.1875   0.1394   0.0068   0.0000   0.0076   0.0236    0.196
   267  61.0289  -8.8643   3.0606   2.4080   0.3027   0.3232   0.0654   0.1805   0.1342   0.0064   0.0000   0.0082   0.0219    0.189
   268  61.1050  -8.9828   3.0737   2.3791   0.2681   0.3051   0.0660   0.1725   0.1282   0.0060   0.0000   0.0088   0.0202    0.182
   269  61.1744  -9.0908   3.0856   2.3528   0.2460   0.2859   0.0665   0.1635   0.1215   0.0055   0.0000   0.0092   0.0184    0.174
   270  61.2384  -9.1906   3.0966   2.3285   0.2239   0.2656   0.0670   0.1535   0.1141   0.0051   0.0000   0.0095   0.0165    0.167
   271  61.2971  -9.2820   3.1067   2.3063   0.2021   0.2441   0.0674   0.1424   0.1059   0.0046   0.0000   0.0097   0.0146    0.159
   272  61.3502  -9.3647   3.1159   2.2861   0.1803   0.2215   0.0679   0.1304   0.0969   0.0040   0.0000   0.0096   0.0127    0.151
   273  61.3977  -9.4387   3.1240   2.2681   0.1587   0.1980   0.0682   0.1175   0.0873   0.0035   0.0000   0.0093   0.0109    0.143
   274  61.4395  -9.5038   3.1312   2.2523   0.1372   0.1735   0.0686   0.1037   0.0771   0.0029   0.0000   0.0088   0.0091    0.136
   275  61.4755  -9.5598   3.1374   2.2386   0.1159   0.1482   0.0689   0.0891   0.0662   0.0023   0.0000   0.0080   0.0075    0.129
   276  61.5056  -9.6066   3.1426   2.2272   0.0946   0.1222   0.0691   0.0739   0.0549   0.0017   0.0000   0.0070   0.0059    0.122
   277  61.5297  -9.6442   3.1467   2.2181   0.0735   0.0957   0.0693   0.0581   0.0432   0.0012   0.0000   0.0057   0.0044    0.117
   278  61.5479  -9.6725   3.1498   2.2112   0.0524   0.0686   0.0695   0.0419   0.0311   0.0005   0.0000   0.0043   0.0031    0.113
   279  61.5600  -9.6914   3.1519   2.2066   0.0314   0.0413   0.0695   0.0253   0.0188  -0.0001   0.0000   0.0026   0.0018    0.111
   280  61.5660  -9.7008   3.1530   2.2043   0.0105   0.0138   0.0696   0.0085   0.0063  -0.0006   0.0000   0.0009   0.0006    0.110

  Surface # 5     vertical_stabilizer                     
     # Chordwise = 10   # Spanwise = 70     First strip =281
     Surface area Ssurf =   45.713867     Ave. chord Cave =    5.520998

 Forces referred to Sref, Cref, Bref about Xref, Yref, Zref
 Standard axis orientation,  X fwd, Z down         
     CLsurf  =   0.00000     Clsurf  =  -0.00000
     CYsurf  =  -0.00000     Cmsurf  =  -0.00000
     CDsurf  =  -0.00000     Cnsurf  =   0.00000
     CDisurf =  -0.00000     CDvsurf =   0.00000

 Forces referred to Ssurf, Cave 
     CLsurf  =   0.00000     CDsurf  =  -0.00000

 Strip Forces referred to Strip Area, Chord
    j     Xle      Yle      Zle      Chord    Area     c_cl     ai     cl_norm    cl       cd       cdv    cm_c/4     cm_LE   C.P.x/c
   281  52.2101   0.0000   3.6002   7.9300   0.1771   0.0000   0.0000   0.0000   0.0000  -0.0000   0.0000  -0.0000  -0.0000    0.266
   282  52.2358   0.0000   3.6263   7.9148   0.2360   0.0000   0.0000   0.0000   0.0000  -0.0000   0.0000  -0.0000  -0.0000    0.267
   283  52.2688   0.0000   3.6599   7.8953   0.2943   0.0000   0.0000   0.0000   0.0000  -0.0000   0.0000   0.0000  -0.0000   -0.061
   284  52.3092   0.0000   3.7008   7.8713   0.3517   0.0000  -0.0000   0.0000   0.0000  -0.0000   0.0000   0.0000   0.0000   -0.415
   285  52.3568   0.0000   3.7492   7.8431   0.4080   0.0000  -0.0000   0.0000   0.0000  -0.0000   0.0000   0.0000   0.0000  999.000
   286  52.4116   0.0000   3.8049   7.8107   0.4631   0.0000   0.0000   0.0000   0.0000   0.0000   0.0000   0.0000   0.0000   -0.534
   287  52.4736   0.0000   3.8678   7.7740   0.5167   0.0000  -0.0000   0.0000   0.0000   0.0000   0.0000   0.0000   0.0000  999.000
   288  52.5425   0.0000   3.9378   7.7331   0.5687   0.0000  -0.0000   0.0000   0.0000  -0.0000   0.0000   0.0000   0.0000  999.000
   289  52.6184   0.0000   4.0148   7.6882   0.6188   0.0000  -0.0000   0.0000   0.0000   0.0000   0.0000   0.0000   0.0000   -0.945
   290  52.7011   0.0000   4.0987   7.6392   0.6670   0.0000   0.0000   0.0000   0.0000   0.0000   0.0000   0.0000   0.0000   -0.455
   291  52.7904   0.0000   4.1894   7.5863   0.7129   0.0000   0.0000   0.0000   0.0000   0.0000   0.0000   0.0000   0.0000   -0.346
   292  52.8862   0.0000   4.2867   7.5296   0.7566   0.0000   0.0000   0.0000   0.0000  -0.0000   0.0000   0.0000   0.0000   -0.138
   293  52.9883   0.0000   4.3903   7.4691   0.7978   0.0000   0.0000   0.0000   0.0000   0.0000   0.0000   0.0000  -0.0000   -0.077
   294  53.0965   0.0000   4.5002   7.4050   0.8364   0.0000   0.0000   0.0000   0.0000   0.0000   0.0000   0.0000   0.0000   -0.122
   295  53.2107   0.0000   4.6162   7.3374   0.8724   0.0000   0.0000   0.0000   0.0000   0.0000   0.0000   0.0000  -0.0000   -0.056
   296  53.3307   0.0000   4.7380   7.2663   0.9056   0.0000  -0.0000   0.0000   0.0000  -0.0000   0.0000   0.0000   0.0000   -0.402
   297  53.4562   0.0000   4.8654   7.1920   0.9359   0.0000   0.0000   0.0000   0.0000  -0.0000   0.0000   0.0000   0.0000   -0.348
   298  53.5870   0.0000   4.9982   7.1146   0.9633   0.0000  -0.0000   0.0000   0.0000  -0.0000   0.0000   0.0000   0.0000   -0.166
   299  53.7228   0.0000   5.1361   7.0341   0.9877   0.0000  -0.0000   0.0000   0.0000   0.0000   0.0000   0.0000   0.0000   -0.275
   300  53.8635   0.0000   5.2790   6.9508   1.0092   0.0000  -0.0000   0.0000   0.0000   0.0000   0.0000   0.0000  -0.0000   -0.059
   301  54.0087   0.0000   5.4264   6.8647   1.0275   0.0000   0.0000   0.0000   0.0000  -0.0000   0.0000   0.0000  -0.0000   -0.065
   302  54.1583   0.0000   5.5783   6.7762   1.0429   0.0000   0.0000   0.0000   0.0000  -0.0000   0.0000   0.0000  -0.0000   -0.068
   303  54.3118   0.0000   5.7342   6.6852   1.0552   0.0000   0.0000   0.0000   0.0000  -0.0000   0.0000   0.0000  -0.0000   -0.038
   304  54.4691   0.0000   5.8939   6.5921   1.0645   0.0000  -0.0000   0.0000   0.0000  -0.0000   0.0000   0.0000  -0.0000   -0.039
   305  54.6299   0.0000   6.0571   6.4969   1.0709   0.0000   0.0000   0.0000   0.0000  -0.0000   0.0000   0.0000  -0.0000    0.025
   306  54.7937   0.0000   6.2234   6.3998   1.0743   0.0000  -0.0000   0.0000   0.0000   0.0000   0.0000   0.0000   0.0000   -0.090
   307  54.9605   0.0000   6.3927   6.3011   1.0748   0.0000   0.0000   0.0000   0.0000  -0.0000   0.0000   0.0000  -0.0000    0.063
   308  55.1297   0.0000   6.5645   6.2009   1.0726   0.0000  -0.0000   0.0000   0.0000  -0.0000   0.0000   0.0000  -0.0000    0.081
   309  55.3011   0.0000   6.7386   6.0993   1.0677   0.0000   0.0000   0.0000   0.0000  -0.0000   0.0000   0.0000  -0.0000    0.097
   310  55.4744   0.0000   6.9145   5.9967   1.0602   0.0000  -0.0000   0.0000   0.0000  -0.0000   0.0000   0.0000  -0.0000    0.107
   311  55.6493   0.0000   7.0921   5.8931   1.0502   0.0000   0.0000   0.0000   0.0000  -0.0000   0.0000   0.0000  -0.0000    0.023
   312  55.8254   0.0000   7.2709   5.7888   1.0378   0.0000  -0.0000   0.0000   0.0000  -0.0000   0.0000   0.0000  -0.0000   -0.016
   313  56.0024   0.0000   7.4506   5.6840   1.0232   0.0000  -0.0000   0.0000   0.0000  -0.0000   0.0000   0.0000  -0.0000   -0.044
   314  56.1799   0.0000   7.6308   5.5789   1.0064   0.0000  -0.0000   0.0000   0.0000  -0.0000   0.0000   0.0000  -0.0000    0.062
   315  56.3576   0.0000   7.8113   5.4736   0.9877   0.0000   0.0000   0.0000   0.0000  -0.0000   0.0000   0.0000  -0.0000    0.175
   316  56.5353   0.0000   7.9916   5.3684   0.9671   0.0000   0.0000   0.0000   0.0000  -0.0000   0.0000   0.0000  -0.0000    0.088
   317  56.7124   0.0000   8.1715   5.2635   0.9449   0.0000   0.0000   0.0000   0.0000  -0.0000   0.0000   0.0000  -0.0000    0.135
   318  56.8888   0.0000   8.3506   5.1590   0.9211   0.0000   0.0000   0.0000   0.0000  -0.0000   0.0000   0.0000  -0.0000    0.116
   319  57.0641   0.0000   8.5285   5.0552   0.8959   0.0000   0.0000   0.0000   0.0000  -0.0000   0.0000   0.0000  -0.0000    0.125
   320  57.2378   0.0000   8.7049   4.9523   0.8694   0.0000  -0.0000   0.0000   0.0000  -0.0000   0.0000   0.0000  -0.0000    0.097
   321  57.4098   0.0000   8.8795   4.8504   0.8418   0.0000   0.0000   0.0000   0.0000  -0.0000   0.0000   0.0000  -0.0000    0.128
   322  57.5796   0.0000   9.0520   4.7499   0.8133   0.0000  -0.0000   0.0000   0.0000  -0.0000   0.0000   0.0000  -0.0000    0.158
   323  57.7470   0.0000   9.2219   4.6507   0.7840   0.0000  -0.0000   0.0000   0.0000   0.0000   0.0000   0.0000  -0.0000    0.135
   324  57.9116   0.0000   9.3890   4.5532   0.7540   0.0000  -0.0000   0.0000   0.0000  -0.0000   0.0000   0.0000  -0.0000    0.141
   325  58.0731   0.0000   9.5530   4.4576   0.7235   0.0000   0.0000   0.0000   0.0000  -0.0000   0.0000   0.0000  -0.0000    0.196
   326  58.2313   0.0000   9.7136   4.3639   0.6925   0.0000  -0.0000   0.0000   0.0000  -0.0000   0.0000   0.0000  -0.0000    0.223
   327  58.3857   0.0000   9.8703   4.2725   0.6613   0.0000  -0.0000   0.0000   0.0000   0.0000   0.0000   0.0000  -0.0000    0.192
   328  58.5361   0.0000  10.0230   4.1834   0.6299   0.0000  -0.0000   0.0000   0.0000  -0.0000   0.0000   0.0000  -0.0000    0.222
   329  58.6822   0.0000  10.1714   4.0969   0.5984   0.0000  -0.0000   0.0000   0.0000  -0.0000   0.0000   0.0000  -0.0000    0.211
   330  58.8237   0.0000  10.3151   4.0130   0.5670   0.0000  -0.0000   0.0000   0.0000  -0.0000   0.0000   0.0000  -0.0000    0.183
   331  58.9604   0.0000  10.4539   3.9321   0.5357   0.0000   0.0000   0.0000   0.0000  -0.0000   0.0000   0.0000  -0.0000    0.208
   332  59.0920   0.0000  10.5875   3.8541   0.5046   0.0000  -0.0000   0.0000   0.0000  -0.0000   0.0000   0.0000  -0.0000    0.124
   333  59.2183   0.0000  10.7157   3.7794   0.4737   0.0000   0.0000   0.0000   0.0000  -0.0000   0.0000   0.0000  -0.0000    0.207
   334  59.3389   0.0000  10.8381   3.7079   0.4432   0.0000   0.0000   0.0000   0.0000  -0.0000   0.0000   0.0000  -0.0000    0.198
   335  59.4537   0.0000  10.9547   3.6399   0.4131   0.0000   0.0000   0.0000   0.0000  -0.0000   0.0000   0.0000  -0.0000    0.149
   336  59.5624   0.0000  11.0651   3.5756   0.3834   0.0000  -0.0000   0.0000   0.0000  -0.0000   0.0000   0.0000  -0.0000    0.110
   337  59.6648   0.0000  11.1691   3.5149   0.3542   0.0000   0.0000   0.0000   0.0000  -0.0000   0.0000   0.0000  -0.0000    0.165
   338  59.7608   0.0000  11.2665   3.4580   0.3254   0.0000  -0.0000   0.0000   0.0000  -0.0000   0.0000   0.0000  -0.0000    0.176
   339  59.8502   0.0000  11.3572   3.4051   0.2971   0.0000  -0.0000   0.0000   0.0000  -0.0000   0.0000   0.0000  -0.0000    0.137
   340  59.9327   0.0000  11.4410   3.3562   0.2693   0.0000   0.0000   0.0000   0.0000  -0.0000   0.0000   0.0000  -0.0000    0.153
   341  60.0082   0.0000  11.5177   3.3115   0.2420   0.0000  -0.0000   0.0000   0.0000  -0.0000   0.0000   0.0000  -0.0000    0.151
   342  60.0766   0.0000  11.5871   3.2710   0.2151   0.0000   0.0000   0.0000   0.0000  -0.0000   0.0000   0.0000  -0.0000    0.134
   343  60.1377   0.0000  11.6492   3.2348   0.1887   0.0000  -0.0000   0.0000   0.0000  -0.0000   0.0000   0.0000  -0.0000    0.126
   344  60.1915   0.0000  11.7038   3.2030   0.1627   0.0000  -0.0000   0.0000   0.0000  -0.0000   0.0000   0.0000  -0.0000    0.086
   345  60.2378   0.0000  11.7508   3.1756   0.1370   0.0000  -0.0000   0.0000   0.0000   0.0000   0.0000   0.0000  -0.0000    0.014
   346  60.2765   0.0000  11.7901   3.1526   0.1116   0.0000  -0.0000   0.0000   0.0000  -0.0000   0.0000   0.0000  -0.0000    0.031
   347  60.3075   0.0000  11.8216   3.1342   0.0866   0.0000  -0.0000   0.0000   0.0000  -0.0000   0.0000   0.0000  -0.0000    0.061
   348  60.3308   0.0000  11.8453   3.1204   0.0617   0.0000   0.0000   0.0000   0.0000  -0.0000   0.0000   0.0000  -0.0000    0.100
   349  60.3464   0.0000  11.8611   3.1112   0.0369   0.0000  -0.0000   0.0000   0.0000  -0.0000   0.0000   0.0000  -0.0000    0.015
   350  60.3542   0.0000  11.8690   3.1066   0.0123   0.0000  -0.0000   0.0000   0.0000  -0.0000   0.0000   0.0000  -0.0000    0.008

  Surface # 6     fuselage_horizontal                     
     # Chordwise = 10   # Spanwise = 10     First strip =351
     Surface area Ssurf =  305.582940     Ave. chord Cave =   52.236400

 Forces referred to Sref, Cref, Bref about Xref, Yref, Zref
 Standard axis orientation,  X fwd, Z down         
     CLsurf  =   0.00256     Clsurf  =  -0.00000
     CYsurf  =  -0.00000     Cmsurf  =   0.01901
     CDsurf  =  -0.00028     Cnsurf  =  -0.00000
     CDisurf =  -0.00028     CDvsurf =   0.00000

 Forces referred to Ssurf, Cave 
     CLsurf  =   0.00410     CDsurf  =  -0.00045

 Strip Forces referred to Strip Area, Chord
    j     Xle      Yle      Zle      Chord    Area     c_cl     ai     cl_norm    cl       cd       cdv    cm_c/4     cm_LE   C.P.x/c
   351   7.4693  -2.6325   0.0000  39.8265  23.2985   0.0990   0.1503   0.0224   0.0026  -0.0013   0.0000   0.0058   0.0007  999.000
   352   4.3582  -2.0475   0.0000  47.8148  27.9717   0.1884   0.1156   0.0078   0.0040  -0.0000   0.0000   0.0060   0.0013  999.000
   353   2.4947  -1.4625   0.0000  53.5537  31.3289   0.2459   0.0987   0.0057   0.0046   0.0001   0.0000   0.0060   0.0017  999.000
   354   1.1502  -0.8775   0.0000  58.2257  34.0620   0.2587   0.0787   0.0045   0.0045  -0.0001   0.0000   0.0061   0.0023  999.000
   355   0.2954  -0.2925   0.0000  61.7612  36.1303   0.2653   0.0726   0.0046   0.0044  -0.0009   0.0000   0.0060   0.0035  999.000
   356   0.2954   0.2925   0.0000  61.7612  36.1303   0.2653   0.0726   0.0046   0.0044  -0.0009   0.0000   0.0060   0.0035  999.000
   357   1.1502   0.8775   0.0000  58.2257  34.0620   0.2587   0.0787   0.0045   0.0045  -0.0001   0.0000   0.0061   0.0023  999.000
   358   2.4947   1.4625   0.0000  53.5538  31.3289   0.2459   0.0987   0.0057   0.0046   0.0001   0.0000   0.0060   0.0017  999.000
   359   4.3582   2.0475   0.0000  47.8148  27.9717   0.1884   0.1156   0.0078   0.0040  -0.0000   0.0000   0.0060   0.0013  999.000
   360   7.4692   2.6325   0.0000  39.8266  23.2985   0.0990   0.1503   0.0224   0.0026  -0.0013   0.0000   0.0058   0.0007  999.000

  Surface # 7     fuselage_vertical                       
     # Chordwise = 10   # Spanwise = 10     First strip =361
     Surface area Ssurf =  302.292047     Ave. chord Cave =   52.236400

 Forces referred to Sref, Cref, Bref about Xref, Yref, Zref
 Standard axis orientation,  X fwd, Z down         
     CLsurf  =  -0.00000     Clsurf  =   0.00000
     CYsurf  =  -0.00000     Cmsurf  =   0.00000
     CDsurf  =   0.00000     Cnsurf  =   0.00000
     CDisurf =   0.00000     CDvsurf =   0.00000

 Forces referred to Ssurf, Cave 
     CLsurf  =   0.00000     CDsurf  =   0.00000

 Strip Forces referred to Strip Area, Chord
    j     Xle      Yle      Zle      Chord    Area     c_cl     ai     cl_norm    cl       cd       cdv    cm_c/4     cm_LE   C.P.x/c
   361   7.4693   0.0000  -2.6041  39.8265  23.0476  -0.0000  -0.0000  -0.0000  -0.0000  -0.0000   0.0000   0.0000   0.0000    1.321
   362   4.3582   0.0000  -2.0255  47.8148  27.6705   0.0000  -0.0000   0.0000   0.0000   0.0000   0.0000  -0.0000  -0.0000    0.890
   363   2.4947   0.0000  -1.4467  53.5537  30.9916   0.0000  -0.0000   0.0000   0.0000  -0.0000   0.0000  -0.0000  -0.0000    0.421
   364   1.1502   0.0000  -0.8680  58.2257  33.6952   0.0000  -0.0000   0.0000   0.0000   0.0000   0.0000  -0.0000  -0.0000    0.268
   365   0.2954   0.0000  -0.2894  61.7612  35.7412   0.0000  -0.0000   0.0000   0.0000   0.0000   0.0000  -0.0000  -0.0000    0.527
   366   0.2954   0.0000   0.2894  61.7612  35.7412   0.0000   0.0000   0.0000   0.0000  -0.0000   0.0000  -0.0000  -0.0000    0.623
   367   1.1502   0.0000   0.8680  58.2257  33.6952   0.0000   0.0000   0.0000   0.0000   0.0000   0.0000  -0.0000  -0.0000    0.590
   368   2.4947   0.0000   1.4467  53.5537  30.9916   0.0000   0.0000   0.0000   0.0000  -0.0000   0.0000  -0.0000  -0.0000    0.518
   369   4.3582   0.0000   2.0255  47.8148  27.6705   0.0000  -0.0000   0.0000   0.0000  -0.0000   0.0000  -0.0000  -0.0000    0.710
   370   7.4693   0.0000   2.6041  39.8265  23.0476   0.0000   0.0000   0.0000   0.0000   0.0000   0.0000  -0.0000  -0.0000    0.870
 ---------------------------------------------------------------
