 ---------------------------------------------------------------
 Surface and Strip Forces by surface

  Sref =  490.60       Cref =  8.4083       Bref =  70.000    
  Xref =  29.948       Yref =  0.0000       Zref =-0.24644    

  Surface # 1     main_wing                               
     # Chordwise = 10   # Spanwise = 80     First strip =  1
     Surface area Ssurf =  250.220919     Ave. chord Cave =    7.118898

 Forces referred to Sref, Cref, Bref about Xref, Yref, Zref
 Standard axis orientation,  X fwd, Z down         
     CLsurf  =   0.41147     Clsurf  =  -0.08075
     CYsurf  =  -0.02635     Cmsurf  =  -0.11382
     CDsurf  =   0.01218     Cnsurf  =  -0.00724
     CDisurf =   0.01218     CDvsurf =   0.00000

 Forces referred to Ssurf, Cave 
     CLsurf  =   0.80821     CDsurf  =   0.02389

 Strip Forces referred to Strip Area, Chord
    j     Xle      Yle      Zle      Chord    Area     c_cl     ai     cl_norm    cl       cd       cdv    cm_c/4     cm_LE   C.P.x/c
     1  22.4080   0.0036  -0.9570  12.4590   0.1808   8.6553   0.0564   0.6925   0.6925   0.0553   0.0000  -0.0906  -0.2643    0.381
     2  22.4080   0.0327  -0.9570  12.4590   0.5422   8.6553   0.0564   0.6925   0.6925   0.0552   0.0000  -0.0906  -0.2643    0.381
     3  22.4080   0.0907  -0.9570  12.4590   0.9028   8.6557   0.0564   0.6926   0.6926   0.0550   0.0000  -0.0906  -0.2643    0.381
     4  22.4080   0.1775  -0.9570  12.4590   1.2619   8.6569   0.0564   0.6927   0.6927   0.0547   0.0000  -0.0907  -0.2644    0.381
     5  22.4080   0.2932  -0.9570  12.4590   1.6191   8.6599   0.0563   0.6930   0.6930   0.0544   0.0000  -0.0909  -0.2647    0.381
     6  22.4080   0.4374  -0.9570  12.4590   1.9739   8.6658   0.0563   0.6935   0.6935   0.0542   0.0000  -0.0913  -0.2652    0.382
     7  22.4080   0.6100  -0.9570  12.4590   2.3255   8.6761   0.0561   0.6943   0.6943   0.0540   0.0000  -0.0920  -0.2661    0.383
     8  22.4080   0.8106  -0.9570  12.4590   2.6736   8.6927   0.0559   0.6956   0.6956   0.0540   0.0000  -0.0931  -0.2675    0.384
     9  22.4080   1.0391  -0.9570  12.4590   3.0176   8.7185   0.0555   0.6977   0.6977   0.0542   0.0000  -0.0947  -0.2697    0.386
    10  22.4080   1.2949  -0.9570  12.4590   3.3569   8.7574   0.0547   0.7008   0.7008   0.0546   0.0000  -0.0971  -0.2728    0.388
    11  22.4080   1.5778  -0.9570  12.4590   3.6910   8.8158   0.0531   0.7054   0.7054   0.0556   0.0000  -0.1004  -0.2773    0.392
    12  22.4080   1.8873  -0.9570  12.4590   4.0195   8.9054   0.0503   0.7125   0.7125   0.0576   0.0000  -0.1052  -0.2839    0.398
    13  22.4080   2.2230  -0.9570  12.4590   4.3417   9.0548   0.0461   0.7240   0.7240   0.0630   0.0000  -0.1122  -0.2939    0.405
    14  22.4080   2.5842  -0.9570  12.4590   4.6573   9.4125   0.0402   0.7499   0.7499   0.0968   0.0000  -0.1248  -0.3137    0.416
    15  22.4974   2.9170  -0.9395  12.3826   3.6189   9.9995   0.4563   0.9944   0.7953   0.1757   0.0000  -0.1481  -0.2997    0.436
    16  22.6846   3.2159  -0.9028  12.2227   3.7885   9.9846   0.4542   1.0100   0.8077   0.1407   0.0000  -0.1522  -0.3053    0.438
    17  22.8826   3.5322  -0.8639  12.0536   3.9437   9.9375   0.4532   1.0204   0.8161   0.1315   0.0000  -0.1513  -0.3062    0.435
    18  23.0912   3.8653  -0.8230  11.8754   4.0839   9.7061   0.4537   1.0128   0.8100   0.1194   0.0000  -0.1425  -0.2972    0.426
    19  23.3498   4.2783  -0.7723  11.6545   5.7066   8.9833   0.0361   0.9623   0.7696   0.0467   0.0000  -0.1134  -0.2625    0.397
    20  23.6607   4.7750  -0.7113  11.3888   5.8186   8.6203   0.0377   0.9451   0.7558   0.0453   0.0000  -0.0988  -0.2472    0.381
    21  23.9847   5.2923  -0.6478  11.1120   5.9047   8.3535   0.0390   0.9388   0.7508   0.0431   0.0000  -0.0883  -0.2373    0.368
    22  24.3210   5.8296  -0.5818  10.8247   5.9646   8.1328   0.0400   0.9385   0.7506   0.0407   0.0000  -0.0800  -0.2302    0.357
    23  24.6694   6.3859  -0.5135  10.5270   5.9985   7.9388   0.0404   0.9423   0.7536   0.0383   0.0000  -0.0731  -0.2250    0.347
    24  25.0291   6.9605  -0.4430  10.2197   6.0065   7.7615   0.0402   0.9493   0.7592   0.0359   0.0000  -0.0674  -0.2213    0.339
    25  25.3998   7.5524  -0.3703   9.9031   5.9889   7.5948   0.0392   0.9589   0.7669   0.0335   0.0000  -0.0625  -0.2188    0.331
    26  25.7806   8.1608  -0.2956   9.5777   5.9462   7.4350   0.0371   0.9709   0.7765   0.0311   0.0000  -0.0583  -0.2173    0.325
    27  26.1712   8.7846  -0.2190   9.2440   5.8788   7.2799   0.0337   0.9853   0.7880   0.0286   0.0000  -0.0548  -0.2168    0.320
    28  26.5709   9.4230  -0.1406   8.9025   5.7875   7.1270   0.0277   1.0019   0.8013   0.0264   0.0000  -0.0519  -0.2171    0.315
    29  26.9647  10.0557  -0.0738   8.6530   5.3824   6.9793   0.0226   1.0627   0.8076   0.0237   0.0000  -0.0467  -0.2137    0.308
    30  27.3514  10.6811  -0.0191   8.4988   5.3831   6.8680   0.0250   1.0650   0.8093   0.0214   0.0000  -0.0425  -0.2104    0.303
    31  27.7448  11.3174   0.0366   8.3420   5.3704   6.7610   0.0263   1.0684   0.8119   0.0191   0.0000  -0.0389  -0.2079    0.298
    32  28.1443  11.9635   0.0931   8.1827   5.3448   6.6567   0.0273   1.0727   0.8151   0.0167   0.0000  -0.0360  -0.2061    0.294
    33  28.5492  12.6185   0.1504   8.0213   5.3066   6.5530   0.0283   1.0775   0.8188   0.0145   0.0000  -0.0336  -0.2048    0.291
    34  28.9591  13.2814   0.2084   7.8579   5.2564   6.4490   0.0291   1.0827   0.8227   0.0124   0.0000  -0.0316  -0.2039    0.288
    35  29.3731  13.9510   0.2670   7.6928   5.1948   6.3441   0.0298   1.0882   0.8269   0.0105   0.0000  -0.0300  -0.2034    0.286
    36  29.7907  14.6265   0.3261   7.5263   5.1222   6.2377   0.0304   1.0938   0.8312   0.0086   0.0000  -0.0287  -0.2032    0.285
    37  30.2113  15.3067   0.3856   7.3587   5.0393   6.1296   0.0308   1.0995   0.8356   0.0068   0.0000  -0.0277  -0.2033    0.283
    38  30.6342  15.9907   0.4454   7.1901   4.9468   6.0196   0.0310   1.1053   0.8399   0.0052   0.0000  -0.0271  -0.2036    0.282
    39  31.0587  16.6772   0.5055   7.0209   4.8453   5.9074   0.0310   1.1111   0.8443   0.0036   0.0000  -0.0267  -0.2042    0.282
    40  31.4842  17.3654   0.5657   6.8512   4.7356   5.7933   0.0309   1.1167   0.8486   0.0022   0.0000  -0.0267  -0.2051    0.281
    41  31.9100  18.0541   0.6259   6.6815   4.6182   5.6773   0.0306   1.1223   0.8529   0.0009   0.0000  -0.0270  -0.2063    0.282
    42  32.3355  18.7423   0.6861   6.5119   4.4941   5.5597   0.0303   1.1278   0.8571  -0.0003   0.0000  -0.0279  -0.2079    0.283
    43  32.7600  19.4289   0.7462   6.3426   4.3638   5.4407   0.0298   1.1333   0.8612  -0.0012   0.0000  -0.0294  -0.2101    0.284
    44  33.1829  20.1128   0.8060   6.1740   4.2281   5.3208   0.0294   1.1386   0.8652  -0.0016   0.0000  -0.0318  -0.2130    0.287
    45  33.6034  20.7930   0.8655   6.0064   4.0877   5.2004   0.0290   1.1439   0.8692  -0.0013   0.0000  -0.0355  -0.2170    0.291
    46  34.0211  21.4685   0.9246   5.8399   3.9435   5.0798   0.0286   1.1489   0.8731   0.0009   0.0000  -0.0411  -0.2226    0.297
    47  34.4351  22.1382   0.9832   5.6748   3.7961   4.9600   0.0283   1.1534   0.8765   0.0098   0.0000  -0.0506  -0.2315    0.308
    48  34.7955  22.7210   1.0342   5.5312   2.7734   4.8512   0.0281   1.1627   0.8836  -0.0364   0.0000  -0.0744  -0.2524    0.334
    49  35.1476  23.2905   1.0840   5.3908   3.4568   4.7440   0.0282   1.1653   0.8855  -0.0248   0.0000  -0.0829  -0.2602    0.344
    50  35.5398  23.9248   1.1395   5.2344   3.3083   4.6277   0.0284   1.1702   0.8893  -0.0207   0.0000  -0.0867  -0.2643    0.347
    51  35.9260  24.5495   1.1942   5.0805   3.1592   4.5111   0.0287   1.1751   0.8930  -0.0192   0.0000  -0.0885  -0.2667    0.349
    52  36.3056  25.1635   1.2479   4.9291   3.0101   4.3947   0.0292   1.1799   0.8966  -0.0186   0.0000  -0.0894  -0.2682    0.350
    53  36.6781  25.7659   1.3006   4.7806   2.8615   4.2784   0.0298   1.1843   0.9000  -0.0186   0.0000  -0.0897  -0.2692    0.350
    54  37.0428  26.3559   1.3522   4.6352   2.7141   4.1623   0.0306   1.1883   0.9030  -0.0188   0.0000  -0.0897  -0.2699    0.349
    55  37.3992  26.9323   1.4027   4.4931   2.5684   4.0461   0.0316   1.1918   0.9056  -0.0192   0.0000  -0.0894  -0.2702    0.349
    56  37.7468  27.4945   1.4518   4.3545   2.4247   3.9297   0.0328   1.1944   0.9076  -0.0198   0.0000  -0.0888  -0.2701    0.348
    57  38.0850  28.0415   1.4997   4.2197   2.2835   3.8127   0.0342   1.1959   0.9088  -0.0205   0.0000  -0.0880  -0.2696    0.347
    58  38.4133  28.5725   1.5461   4.0888   2.1452   3.6947   0.0359   1.1961   0.9089  -0.0212   0.0000  -0.0868  -0.2686    0.346
    59  38.7312  29.0866   1.5911   3.9621   2.0101   3.5754   0.0378   1.1946   0.9078  -0.0220   0.0000  -0.0854  -0.2671    0.344
    60  39.0382  29.5831   1.6346   3.8397   1.8786   3.4540   0.0399   1.1909   0.9050  -0.0228   0.0000  -0.0835  -0.2650    0.342
    61  39.3338  30.0612   1.6764   3.7219   1.7508   3.3300   0.0422   1.1846   0.9002  -0.0237   0.0000  -0.0813  -0.2620    0.340
    62  39.6175  30.5202   1.7165   3.6087   1.6269   3.2026   0.0445   1.1751   0.8930  -0.0247   0.0000  -0.0786  -0.2582    0.338
    63  39.8890  30.9593   1.7550   3.5005   1.5072   3.0710   0.0468   1.1618   0.8829  -0.0256   0.0000  -0.0755  -0.2534    0.336
    64  40.1478  31.3779   1.7916   3.3973   1.3917   2.9347   0.0489   1.1441   0.8694  -0.0265   0.0000  -0.0720  -0.2475    0.333
    65  40.3935  31.7753   1.8263   3.2994   1.2804   2.7931   0.0507   1.1214   0.8522  -0.0274   0.0000  -0.0683  -0.2406    0.330
    66  40.6258  32.1509   1.8592   3.2068   1.1734   2.6461   0.0520   1.0933   0.8308  -0.0281   0.0000  -0.0648  -0.2330    0.328
    67  40.8442  32.5042   1.8901   3.1197   1.0707   2.4938   0.0528   1.0592   0.8049  -0.0285   0.0000  -0.0618  -0.2249    0.327
    68  41.0485  32.8346   1.9190   3.0383   0.9721   2.3360   0.0528   1.0189   0.7743  -0.0285   0.0000  -0.0600  -0.2168    0.328
    69  41.2438  33.1504   1.9467   2.9604   0.9286   2.1705   0.0519   0.9718   0.7385  -0.0285   0.0000  -0.0603  -0.2094    0.332
    70  41.4291  33.4502   1.9729   2.8866   0.8314   1.9967   0.0482   0.9181   0.6976  -0.0376   0.0000  -0.0640  -0.2036    0.342
    71  41.8199  33.7262   1.9971   2.6622   0.7082   1.8164   0.0424   3.1249   0.6858  -0.0094   0.0000  -0.0435  -0.0908    0.313
    72  42.3833  33.9779   2.0191   2.3104   0.5525   1.6514   0.0534   3.2913   0.7223  -0.0537   0.0000  -0.0315  -0.0895    0.294
    73  42.8863  34.2026   2.0388   1.9964   0.4230   1.4853   0.0657   3.4355   0.7539  -0.0795   0.0000  -0.0212  -0.0885    0.278
    74  43.3282  34.4000   2.0560   1.7205   0.3171   1.3130   0.0779   3.5329   0.7753  -0.1043   0.0000  -0.0077  -0.0851    0.260
    75  43.7082  34.5698   2.0709   1.4833   0.2320   1.1311   0.0875   3.5407   0.7770  -0.1304   0.0000   0.0114  -0.0774    0.235
    76  44.0258  34.7116   2.0833   1.2850   0.1649   0.9392   0.0939   3.4070   0.7477  -0.1577   0.0000   0.0351  -0.0645    0.203
    77  44.2804  34.8254   2.0932   1.1261   0.1126   0.7389   0.0977   3.0758   0.6750  -0.1838   0.0000   0.0579  -0.0473    0.164
    78  44.4718  34.9108   2.1007   1.0066   0.0720   0.5322   0.0999   2.4998   0.5486  -0.2017   0.0000   0.0695  -0.0289    0.123
    79  44.5995  34.9679   2.1057   0.9269   0.0398   0.3211   0.1015   1.6635   0.3651  -0.1957   0.0000   0.0589  -0.0136    0.089
    80  44.6634  34.9964   2.1082   0.8870   0.0127   0.1073   0.1024   0.6048   0.1327  -0.1271   0.0000   0.0233  -0.0037    0.075

  Surface # 2     main_wing (YDUP)                        
     # Chordwise = 10   # Spanwise = 80     First strip = 81
     Surface area Ssurf =  250.220919     Ave. chord Cave =    7.118898

 Forces referred to Sref, Cref, Bref about Xref, Yref, Zref
 Standard axis orientation,  X fwd, Z down         
     CLsurf  =   0.41147     Clsurf  =   0.08075
     CYsurf  =   0.02635     Cmsurf  =  -0.11382
     CDsurf  =   0.01218     Cnsurf  =   0.00724
     CDisurf =   0.01218     CDvsurf =   0.00000

 Forces referred to Ssurf, Cave 
     CLsurf  =   0.80821     CDsurf  =   0.02389

 Strip Forces referred to Strip Area, Chord
    j     Xle      Yle      Zle      Chord    Area     c_cl     ai     cl_norm    cl       cd       cdv    cm_c/4     cm_LE   C.P.x/c
    81  22.4080  -0.0036  -0.9570  12.4590   0.1808   8.6553   0.0564   0.6925   0.6925   0.0553   0.0000  -0.0906   0.2643    0.381
    82  22.4080  -0.0327  -0.9570  12.4590   0.5422   8.6553   0.0564   0.6925   0.6925   0.0552   0.0000  -0.0906   0.2643    0.381
    83  22.4080  -0.0907  -0.9570  12.4590   0.9028   8.6557   0.0564   0.6926   0.6926   0.0550   0.0000  -0.0906   0.2643    0.381
    84  22.4080  -0.1775  -0.9570  12.4590   1.2619   8.6569   0.0564   0.6927   0.6927   0.0547   0.0000  -0.0907   0.2644    0.381
    85  22.4080  -0.2932  -0.9570  12.4590   1.6191   8.6599   0.0563   0.6930   0.6930   0.0544   0.0000  -0.0909   0.2647    0.381
    86  22.4080  -0.4374  -0.9570  12.4590   1.9739   8.6658   0.0563   0.6935   0.6935   0.0542   0.0000  -0.0913   0.2652    0.382
    87  22.4080  -0.6100  -0.9570  12.4590   2.3255   8.6761   0.0561   0.6943   0.6943   0.0540   0.0000  -0.0920   0.2661    0.383
    88  22.4080  -0.8106  -0.9570  12.4590   2.6736   8.6927   0.0559   0.6956   0.6956   0.0540   0.0000  -0.0931   0.2675    0.384
    89  22.4080  -1.0391  -0.9570  12.4590   3.0176   8.7185   0.0555   0.6977   0.6977   0.0542   0.0000  -0.0947   0.2697    0.386
    90  22.4080  -1.2949  -0.9570  12.4590   3.3569   8.7574   0.0547   0.7008   0.7008   0.0546   0.0000  -0.0971   0.2728    0.388
    91  22.4080  -1.5778  -0.9570  12.4590   3.6910   8.8158   0.0531   0.7054   0.7054   0.0556   0.0000  -0.1004   0.2773    0.392
    92  22.4080  -1.8873  -0.9570  12.4590   4.0195   8.9054   0.0503   0.7125   0.7125   0.0576   0.0000  -0.1052   0.2839    0.398
    93  22.4080  -2.2230  -0.9570  12.4590   4.3417   9.0548   0.0461   0.7240   0.7240   0.0630   0.0000  -0.1122   0.2939    0.405
    94  22.4080  -2.5842  -0.9570  12.4590   4.6573   9.4125   0.0402   0.7499   0.7499   0.0968   0.0000  -0.1248   0.3137    0.416
    95  22.4974  -2.9170  -0.9395  12.3826   3.6189   9.9995   0.4563   0.9944   0.7953   0.1757   0.0000  -0.1481   0.2997    0.436
    96  22.6846  -3.2159  -0.9028  12.2227   3.7885   9.9846   0.4542   1.0100   0.8077   0.1407   0.0000  -0.1522   0.3053    0.438
    97  22.8826  -3.5322  -0.8639  12.0536   3.9437   9.9375   0.4532   1.0204   0.8161   0.1315   0.0000  -0.1513   0.3062    0.435
    98  23.0912  -3.8653  -0.8230  11.8754   4.0839   9.7061   0.4537   1.0128   0.8100   0.1194   0.0000  -0.1425   0.2972    0.426
    99  23.3498  -4.2783  -0.7723  11.6545   5.7066   8.9833   0.0361   0.9623   0.7696   0.0467   0.0000  -0.1134   0.2625    0.397
   100  23.6607  -4.7750  -0.7113  11.3888   5.8186   8.6203   0.0377   0.9451   0.7558   0.0453   0.0000  -0.0988   0.2472    0.381
   101  23.9847  -5.2923  -0.6478  11.1120   5.9047   8.3535   0.0390   0.9388   0.7508   0.0431   0.0000  -0.0883   0.2373    0.368
   102  24.3210  -5.8296  -0.5818  10.8247   5.9646   8.1328   0.0400   0.9385   0.7506   0.0407   0.0000  -0.0800   0.2302    0.357
   103  24.6694  -6.3859  -0.5135  10.5270   5.9985   7.9388   0.0404   0.9423   0.7536   0.0383   0.0000  -0.0731   0.2250    0.347
   104  25.0291  -6.9605  -0.4430  10.2197   6.0065   7.7615   0.0402   0.9493   0.7592   0.0359   0.0000  -0.0674   0.2213    0.339
   105  25.3998  -7.5524  -0.3703   9.9031   5.9889   7.5948   0.0392   0.9589   0.7669   0.0335   0.0000  -0.0625   0.2188    0.331
   106  25.7806  -8.1608  -0.2956   9.5777   5.9462   7.4350   0.0371   0.9709   0.7765   0.0311   0.0000  -0.0583   0.2173    0.325
   107  26.1712  -8.7846  -0.2190   9.2440   5.8788   7.2799   0.0337   0.9853   0.7880   0.0286   0.0000  -0.0548   0.2168    0.320
   108  26.5709  -9.4230  -0.1406   8.9025   5.7875   7.1270   0.0277   1.0019   0.8013   0.0264   0.0000  -0.0519   0.2171    0.315
   109  26.9647 -10.0557  -0.0738   8.6530   5.3824   6.9793   0.0226   1.0627   0.8076   0.0237   0.0000  -0.0467   0.2137    0.308
   110  27.3514 -10.6811  -0.0191   8.4988   5.3831   6.8680   0.0250   1.0650   0.8093   0.0214   0.0000  -0.0425   0.2104    0.303
   111  27.7448 -11.3174   0.0366   8.3420   5.3704   6.7610   0.0263   1.0684   0.8119   0.0191   0.0000  -0.0389   0.2079    0.298
   112  28.1443 -11.9635   0.0931   8.1827   5.3448   6.6567   0.0273   1.0727   0.8151   0.0167   0.0000  -0.0360   0.2061    0.294
   113  28.5492 -12.6185   0.1504   8.0213   5.3066   6.5530   0.0283   1.0775   0.8188   0.0145   0.0000  -0.0336   0.2048    0.291
   114  28.9591 -13.2814   0.2084   7.8579   5.2564   6.4490   0.0291   1.0827   0.8227   0.0124   0.0000  -0.0316   0.2039    0.288
   115  29.3731 -13.9510   0.2670   7.6928   5.1948   6.3441   0.0298   1.0882   0.8269   0.0105   0.0000  -0.0300   0.2034    0.286
   116  29.7907 -14.6265   0.3261   7.5263   5.1222   6.2377   0.0304   1.0938   0.8312   0.0086   0.0000  -0.0287   0.2032    0.285
   117  30.2113 -15.3067   0.3856   7.3587   5.0393   6.1296   0.0308   1.0995   0.8356   0.0068   0.0000  -0.0277   0.2033    0.283
   118  30.6342 -15.9907   0.4454   7.1901   4.9468   6.0196   0.0310   1.1053   0.8399   0.0052   0.0000  -0.0271   0.2036    0.282
   119  31.0587 -16.6772   0.5055   7.0209   4.8453   5.9074   0.0310   1.1111   0.8443   0.0036   0.0000  -0.0267   0.2042    0.282
   120  31.4842 -17.3654   0.5657   6.8512   4.7356   5.7933   0.0309   1.1167   0.8486   0.0022   0.0000  -0.0267   0.2051    0.281
   121  31.9100 -18.0541   0.6259   6.6815   4.6182   5.6773   0.0306   1.1223   0.8529   0.0009   0.0000  -0.0270   0.2063    0.282
   122  32.3355 -18.7423   0.6861   6.5119   4.4941   5.5597   0.0303   1.1278   0.8571  -0.0003   0.0000  -0.0279   0.2079    0.283
   123  32.7600 -19.4289   0.7462   6.3426   4.3638   5.4407   0.0298   1.1333   0.8612  -0.0012   0.0000  -0.0294   0.2101    0.284
   124  33.1829 -20.1128   0.8060   6.1740   4.2281   5.3208   0.0294   1.1386   0.8652  -0.0016   0.0000  -0.0318   0.2130    0.287
   125  33.6034 -20.7930   0.8655   6.0064   4.0877   5.2004   0.0290   1.1439   0.8692  -0.0013   0.0000  -0.0355   0.2170    0.291
   126  34.0211 -21.4685   0.9246   5.8399   3.9435   5.0798   0.0286   1.1489   0.8731   0.0009   0.0000  -0.0411   0.2226    0.297
   127  34.4351 -22.1382   0.9832   5.6748   3.7961   4.9600   0.0283   1.1534   0.8765   0.0098   0.0000  -0.0506   0.2315    0.308
   128  34.7955 -22.7210   1.0342   5.5312   2.7734   4.8512   0.0281   1.1627   0.8836  -0.0364   0.0000  -0.0744   0.2524    0.334
   129  35.1476 -23.2905   1.0840   5.3908   3.4568   4.7440   0.0282   1.1653   0.8855  -0.0248   0.0000  -0.0829   0.2602    0.344
   130  35.5398 -23.9248   1.1395   5.2344   3.3083   4.6277   0.0284   1.1702   0.8893  -0.0207   0.0000  -0.0867   0.2643    0.347
   131  35.9260 -24.5495   1.1942   5.0805   3.1592   4.5111   0.0287   1.1751   0.8930  -0.0192   0.0000  -0.0885   0.2667    0.349
   132  36.3056 -25.1635   1.2479   4.9291   3.0101   4.3947   0.0292   1.1799   0.8966  -0.0186   0.0000  -0.0894   0.2682    0.350
   133  36.6781 -25.7659   1.3006   4.7806   2.8615   4.2784   0.0298   1.1843   0.9000  -0.0186   0.0000  -0.0897   0.2692    0.350
   134  37.0428 -26.3559   1.3522   4.6352   2.7141   4.1623   0.0306   1.1883   0.9030  -0.0188   0.0000  -0.0897   0.2699    0.349
   135  37.3992 -26.9323   1.4027   4.4931   2.5684   4.0461   0.0316   1.1918   0.9056  -0.0192   0.0000  -0.0894   0.2702    0.349
   136  37.7468 -27.4945   1.4518   4.3545   2.4247   3.9297   0.0328   1.1944   0.9076  -0.0198   0.0000  -0.0888   0.2701    0.348
   137  38.0850 -28.0415   1.4997   4.2197   2.2835   3.8127   0.0342   1.1959   0.9088  -0.0205   0.0000  -0.0880   0.2696    0.347
   138  38.4133 -28.5725   1.5461   4.0888   2.1452   3.6947   0.0359   1.1961   0.9089  -0.0212   0.0000  -0.0868   0.2686    0.346
   139  38.7312 -29.0866   1.5911   3.9621   2.0101   3.5754   0.0378   1.1946   0.9078  -0.0220   0.0000  -0.0854   0.2671    0.344
   140  39.0382 -29.5831   1.6346   3.8397   1.8786   3.4540   0.0399   1.1909   0.9050  -0.0228   0.0000  -0.0835   0.2650    0.342
   141  39.3338 -30.0612   1.6764   3.7219   1.7508   3.3300   0.0422   1.1846   0.9002  -0.0237   0.0000  -0.0813   0.2620    0.340
   142  39.6175 -30.5202   1.7165   3.6087   1.6269   3.2026   0.0445   1.1751   0.8930  -0.0247   0.0000  -0.0786   0.2582    0.338
   143  39.8890 -30.9593   1.7550   3.5005   1.5072   3.0710   0.0468   1.1618   0.8829  -0.0256   0.0000  -0.0755   0.2534    0.336
   144  40.1478 -31.3779   1.7916   3.3973   1.3917   2.9347   0.0489   1.1441   0.8694  -0.0265   0.0000  -0.0720   0.2475    0.333
   145  40.3935 -31.7753   1.8263   3.2994   1.2804   2.7931   0.0507   1.1214   0.8522  -0.0274   0.0000  -0.0683   0.2406    0.330
   146  40.6258 -32.1509   1.8592   3.2068   1.1734   2.6461   0.0520   1.0933   0.8308  -0.0281   0.0000  -0.0648   0.2330    0.328
   147  40.8442 -32.5042   1.8901   3.1197   1.0707   2.4938   0.0528   1.0592   0.8049  -0.0285   0.0000  -0.0618   0.2249    0.327
   148  41.0485 -32.8346   1.9190   3.0383   0.9721   2.3360   0.0528   1.0189   0.7743  -0.0285   0.0000  -0.0600   0.2168    0.328
   149  41.2438 -33.1504   1.9467   2.9604   0.9286   2.1705   0.0519   0.9718   0.7385  -0.0285   0.0000  -0.0603   0.2094    0.332
   150  41.4291 -33.4502   1.9729   2.8866   0.8314   1.9967   0.0482   0.9181   0.6976  -0.0376   0.0000  -0.0640   0.2036    0.342
   151  41.8199 -33.7262   1.9971   2.6622   0.7082   1.8164   0.0424   3.1249   0.6858  -0.0094   0.0000  -0.0435   0.0908    0.313
   152  42.3833 -33.9779   2.0191   2.3104   0.5525   1.6514   0.0534   3.2913   0.7223  -0.0537   0.0000  -0.0315   0.0895    0.294
   153  42.8863 -34.2026   2.0388   1.9964   0.4230   1.4853   0.0657   3.4355   0.7539  -0.0795   0.0000  -0.0212   0.0885    0.278
   154  43.3282 -34.4000   2.0560   1.7205   0.3171   1.3130   0.0779   3.5329   0.7753  -0.1043   0.0000  -0.0077   0.0851    0.260
   155  43.7082 -34.5698   2.0709   1.4833   0.2320   1.1311   0.0875   3.5407   0.7770  -0.1304   0.0000   0.0114   0.0774    0.235
   156  44.0258 -34.7116   2.0833   1.2850   0.1649   0.9392   0.0939   3.4070   0.7477  -0.1577   0.0000   0.0351   0.0645    0.203
   157  44.2804 -34.8254   2.0932   1.1261   0.1126   0.7389   0.0977   3.0758   0.6750  -0.1838   0.0000   0.0579   0.0473    0.164
   158  44.4718 -34.9108   2.1007   1.0066   0.0720   0.5322   0.0999   2.4998   0.5486  -0.2017   0.0000   0.0695   0.0289    0.123
   159  44.5995 -34.9679   2.1057   0.9269   0.0398   0.3211   0.1015   1.6635   0.3651  -0.1957   0.0000   0.0589   0.0136    0.089
   160  44.6634 -34.9964   2.1082   0.8870   0.0127   0.1073   0.1024   0.6048   0.1327  -0.1271   0.0000   0.0233   0.0037    0.075

  Surface # 3     horizontal_stabilizer                   
     # Chordwise = 10   # Spanwise = 80     First strip =161
     Surface area Ssurf =   33.045257     Ave. chord Cave =    3.385457

 Forces referred to Sref, Cref, Bref about Xref, Yref, Zref
 Standard axis orientation,  X fwd, Z down         
     CLsurf  =   0.00785     Clsurf  =  -0.00055
     CYsurf  =  -0.00092     Cmsurf  =  -0.02743
     CDsurf  =   0.00057     Cnsurf  =   0.00036
     CDisurf =   0.00057     CDvsurf =   0.00000

 Forces referred to Ssurf, Cave 
     CLsurf  =   0.11738     CDsurf  =   0.00844

 Strip Forces referred to Strip Area, Chord
    j     Xle      Yle      Zle      Chord    Area     c_cl     ai     cl_norm    cl       cd       cdv    cm_c/4     cm_LE   C.P.x/c
   161  55.3376   0.0009   2.0821   4.5668   0.0172   0.5991   0.0950   0.1586   0.1178   0.1584   0.0000  -0.0120  -0.0381    0.352
   162  55.3424   0.0084   2.0829   4.5649   0.0516   0.4413   0.0952   0.1278   0.0950   0.0234   0.0000  -0.0098  -0.0289    0.353
   163  55.3520   0.0234   2.0846   4.5613   0.0858   0.4287   0.0955   0.1255   0.0932   0.0127   0.0000  -0.0096  -0.0282    0.353
   164  55.3664   0.0458   2.0871   4.5558   0.1198   0.4253   0.0958   0.1250   0.0929   0.0098   0.0000  -0.0095  -0.0280    0.352
   165  55.3856   0.0757   2.0904   4.5486   0.1535   0.4240   0.0962   0.1249   0.0928   0.0087   0.0000  -0.0094  -0.0279    0.351
   166  55.4095   0.1129   2.0945   4.5395   0.1868   0.4235   0.0965   0.1251   0.0929   0.0082   0.0000  -0.0093  -0.0278    0.350
   167  55.4381   0.1574   2.0994   4.5286   0.2195   0.4233   0.0968   0.1253   0.0931   0.0080   0.0000  -0.0091  -0.0277    0.348
   168  55.4714   0.2092   2.1051   4.5160   0.2516   0.4233   0.0971   0.1257   0.0934   0.0078   0.0000  -0.0089  -0.0276    0.346
   169  55.5092   0.2682   2.1116   4.5017   0.2831   0.4234   0.0974   0.1261   0.0937   0.0078   0.0000  -0.0087  -0.0275    0.343
   170  55.5516   0.3342   2.1189   4.4856   0.3138   0.4236   0.0976   0.1266   0.0941   0.0078   0.0000  -0.0084  -0.0273    0.339
   171  55.5985   0.4072   2.1270   4.4678   0.3437   0.4238   0.0979   0.1272   0.0945   0.0078   0.0000  -0.0081  -0.0271    0.336
   172  55.6498   0.4871   2.1358   4.4483   0.3727   0.4240   0.0981   0.1278   0.0950   0.0078   0.0000  -0.0078  -0.0270    0.332
   173  55.7054   0.5738   2.1453   4.4272   0.4006   0.4242   0.0984   0.1285   0.0955   0.0078   0.0000  -0.0074  -0.0268    0.328
   174  55.7653   0.6670   2.1556   4.4045   0.4275   0.4244   0.0986   0.1293   0.0961   0.0078   0.0000  -0.0071  -0.0266    0.324
   175  55.8293   0.7667   2.1666   4.3802   0.4533   0.4246   0.0988   0.1300   0.0966   0.0078   0.0000  -0.0067  -0.0264    0.320
   176  55.8974   0.8727   2.1783   4.3544   0.4779   0.4247   0.0991   0.1308   0.0972   0.0078   0.0000  -0.0064  -0.0263    0.316
   177  55.9694   0.9848   2.1907   4.3271   0.5013   0.4247   0.0993   0.1317   0.0978   0.0078   0.0000  -0.0061  -0.0261    0.312
   178  56.0453   1.1030   2.2037   4.2983   0.5234   0.4247   0.0995   0.1325   0.0985   0.0078   0.0000  -0.0057  -0.0260    0.308
   179  56.1250   1.2271   2.2174   4.2681   0.5461   0.4246   0.0997   0.1334   0.0992   0.0078   0.0000  -0.0054  -0.0259    0.305
   180  56.2084   1.3570   2.2318   4.2364   0.5656   0.4244   0.0998   0.1344   0.0999   0.0079   0.0000  -0.0051  -0.0258    0.301
   181  56.2954   1.4924   2.2467   4.2035   0.5837   0.4241   0.1000   0.1354   0.1006   0.0079   0.0000  -0.0049  -0.0257    0.298
   182  56.3856   1.6330   2.2623   4.1692   0.6003   0.4238   0.1001   0.1364   0.1013   0.0079   0.0000  -0.0046  -0.0257    0.295
   183  56.4791   1.7786   2.2783   4.1338   0.6155   0.4234   0.1001   0.1374   0.1021   0.0079   0.0000  -0.0044  -0.0256    0.293
   184  56.5757   1.9290   2.2949   4.0971   0.6292   0.4229   0.1000   0.1385   0.1029   0.0080   0.0000  -0.0041  -0.0256    0.290
   185  56.6751   2.0839   2.3120   4.0594   0.6415   0.4225   0.0999   0.1396   0.1038   0.0080   0.0000  -0.0039  -0.0256    0.288
   186  56.7773   2.2430   2.3296   4.0206   0.6523   0.4220   0.0997   0.1408   0.1047   0.0080   0.0000  -0.0038  -0.0257    0.286
   187  56.8822   2.4063   2.3476   3.9809   0.6615   0.4216   0.0994   0.1421   0.1056   0.0081   0.0000  -0.0036  -0.0257    0.284
   188  56.9894   2.5733   2.3661   3.9402   0.6693   0.4213   0.0989   0.1435   0.1066   0.0081   0.0000  -0.0034  -0.0258    0.282
   189  57.0990   2.7439   2.3849   3.8986   0.6757   0.4211   0.0983   0.1449   0.1077   0.0082   0.0000  -0.0033  -0.0259    0.280
   190  57.2106   2.9178   2.4041   3.8563   0.6805   0.4209   0.0976   0.1465   0.1088   0.0083   0.0000  -0.0031  -0.0260    0.279
   191  57.3242   3.0947   2.4236   3.8132   0.6840   0.4210   0.0968   0.1481   0.1101   0.0083   0.0000  -0.0030  -0.0262    0.277
   192  57.4395   3.2743   2.4435   3.7695   0.6860   0.4212   0.0958   0.1499   0.1114   0.0084   0.0000  -0.0029  -0.0264    0.276
   193  57.5564   3.4564   2.4636   3.7251   0.6866   0.4216   0.0947   0.1519   0.1129   0.0085   0.0000  -0.0027  -0.0266    0.274
   194  57.6748   3.6407   2.4839   3.6802   0.6859   0.4222   0.0934   0.1539   0.1144   0.0086   0.0000  -0.0026  -0.0268    0.273
   195  57.7943   3.8268   2.5045   3.6349   0.6839   0.4229   0.0921   0.1562   0.1160   0.0086   0.0000  -0.0025  -0.0270    0.271
   196  57.9149   4.0146   2.5252   3.5892   0.6806   0.4239   0.0907   0.1585   0.1178   0.0087   0.0000  -0.0023  -0.0273    0.270
   197  58.0363   4.2037   2.5461   3.5431   0.6760   0.4250   0.0892   0.1610   0.1196   0.0088   0.0000  -0.0022  -0.0275    0.268
   198  58.1584   4.3938   2.5671   3.4968   0.6703   0.4263   0.0878   0.1636   0.1216   0.0089   0.0000  -0.0020  -0.0278    0.266
   199  58.2809   4.5847   2.5881   3.4503   0.6635   0.4276   0.0863   0.1663   0.1236   0.0090   0.0000  -0.0018  -0.0281    0.264
   200  58.4038   4.7760   2.6093   3.4037   0.6555   0.4289   0.0848   0.1692   0.1257   0.0091   0.0000  -0.0016  -0.0284    0.263
   201  58.5267   4.9675   2.6304   3.3571   0.6465   0.4303   0.0835   0.1720   0.1278   0.0092   0.0000  -0.0014  -0.0286    0.261
   202  58.6496   5.1588   2.6515   3.3105   0.6366   0.4315   0.0822   0.1750   0.1300   0.0093   0.0000  -0.0011  -0.0289    0.258
   203  58.7721   5.3497   2.6726   3.2640   0.6257   0.4326   0.0809   0.1779   0.1322   0.0094   0.0000  -0.0008  -0.0291    0.256
   204  58.8942   5.5398   2.6936   3.2177   0.6140   0.4334   0.0798   0.1808   0.1344   0.0095   0.0000  -0.0005  -0.0293    0.254
   205  59.0156   5.7289   2.7145   3.1716   0.6014   0.4340   0.0788   0.1837   0.1365   0.0096   0.0000  -0.0002  -0.0295    0.251
   206  59.1362   5.9167   2.7352   3.1259   0.5881   0.4342   0.0779   0.1865   0.1386   0.0096   0.0000   0.0002  -0.0297    0.249
   207  59.2558   6.1028   2.7557   3.0806   0.5742   0.4339   0.0771   0.1891   0.1405   0.0097   0.0000   0.0006  -0.0298    0.246
   208  59.3741   6.2871   2.7761   3.0357   0.5596   0.4332   0.0763   0.1916   0.1424   0.0097   0.0000   0.0010  -0.0298    0.243
   209  59.4910   6.4692   2.7962   2.9913   0.5444   0.4318   0.0757   0.1939   0.1441   0.0097   0.0000   0.0014  -0.0298    0.240
   210  59.6063   6.6488   2.8160   2.9476   0.5287   0.4299   0.0752   0.1959   0.1455   0.0097   0.0000   0.0019  -0.0297    0.237
   211  59.7199   6.8257   2.8355   2.9045   0.5126   0.4273   0.0747   0.1976   0.1468   0.0097   0.0000   0.0025  -0.0295    0.233
   212  59.8316   6.9996   2.8547   2.8621   0.4960   0.4239   0.0744   0.1989   0.1478   0.0097   0.0000   0.0031  -0.0292    0.229
   213  59.9411   7.1702   2.8736   2.8206   0.4792   0.4197   0.0741   0.1999   0.1485   0.0096   0.0000   0.0037  -0.0288    0.225
   214  60.0484   7.3372   2.8920   2.7799   0.4620   0.4147   0.0738   0.2004   0.1489   0.0095   0.0000   0.0044  -0.0284    0.221
   215  60.1532   7.5005   2.9100   2.7402   0.4445   0.4089   0.0736   0.2005   0.1490   0.0094   0.0000   0.0051  -0.0278    0.216
   216  60.2554   7.6597   2.9276   2.7014   0.4269   0.4022   0.0735   0.2000   0.1486   0.0093   0.0000   0.0058  -0.0271    0.211
   217  60.3549   7.8145   2.9447   2.6637   0.4091   0.3945   0.0734   0.1990   0.1479   0.0091   0.0000   0.0066  -0.0263    0.206
   218  60.4514   7.9649   2.9613   2.6270   0.3912   0.3859   0.0733   0.1974   0.1467   0.0089   0.0000   0.0073  -0.0254    0.200
   219  60.5449   8.1105   2.9774   2.5916   0.3732   0.3763   0.0732   0.1951   0.1450   0.0087   0.0000   0.0081  -0.0244    0.194
   220  60.6352   8.2511   2.9929   2.5573   0.3551   0.3658   0.0732   0.1922   0.1429   0.0084   0.0000   0.0089  -0.0232    0.188
   221  60.7221   8.3865   3.0079   2.5244   0.3370   0.3543   0.0732   0.1887   0.1402   0.0081   0.0000   0.0097  -0.0220    0.181
   222  60.8055   8.5164   3.0222   2.4927   0.3189   0.3419   0.0732   0.1844   0.1370   0.0078   0.0000   0.0104  -0.0207    0.174
   223  60.8854   8.6408   3.0359   2.4624   0.3009   0.3285   0.0732   0.1794   0.1333   0.0074   0.0000   0.0110  -0.0194    0.167
   224  60.9615   8.7593   3.0490   2.4336   0.2829   0.3142   0.0733   0.1736   0.1290   0.0070   0.0000   0.0116  -0.0180    0.160
   225  61.0337   8.8718   3.0614   2.4061   0.2650   0.2991   0.0733   0.1671   0.1242   0.0066   0.0000   0.0121  -0.0165    0.153
   226  61.1002   8.9753   3.0729   2.3809   0.2336   0.2833   0.0734   0.1600   0.1189   0.0061   0.0000   0.0125  -0.0151    0.145
   227  61.1609   9.0698   3.0833   2.3579   0.2169   0.2672   0.0734   0.1524   0.1133   0.0056   0.0000   0.0127  -0.0137    0.138
   228  61.2176   9.1582   3.0931   2.3364   0.2004   0.2504   0.0735   0.1442   0.1071   0.0051   0.0000   0.0128  -0.0123    0.131
   229  61.2703   9.2403   3.1021   2.3164   0.1839   0.2329   0.0735   0.1353   0.1005   0.0046   0.0000   0.0127  -0.0110    0.124
   230  61.3189   9.3160   3.1105   2.2980   0.1676   0.2149   0.0736   0.1258   0.0935   0.0041   0.0000   0.0124  -0.0097    0.117
   231  61.3634   9.3852   3.1181   2.2811   0.1513   0.1962   0.0736   0.1158   0.0860   0.0035   0.0000   0.0120  -0.0084    0.110
   232  61.4036   9.4478   3.1250   2.2659   0.1351   0.1770   0.0737   0.1052   0.0782   0.0030   0.0000   0.0114  -0.0072    0.104
   233  61.4395   9.5037   3.1312   2.2523   0.1190   0.1574   0.0737   0.0941   0.0699   0.0024   0.0000   0.0106  -0.0061    0.098
   234  61.4710   9.5528   3.1366   2.2403   0.1029   0.1373   0.0738   0.0826   0.0614   0.0018   0.0000   0.0096  -0.0051    0.093
   235  61.4981   9.5950   3.1413   2.2301   0.0870   0.1168   0.0738   0.0706   0.0525   0.0013   0.0000   0.0085  -0.0041    0.088
   236  61.5207   9.6303   3.1452   2.2215   0.0711   0.0960   0.0739   0.0583   0.0433   0.0008   0.0000   0.0072  -0.0032    0.084
   237  61.5389   9.6586   3.1483   2.2146   0.0552   0.0750   0.0739   0.0457   0.0340   0.0001   0.0000   0.0057  -0.0024    0.081
   238  61.5526   9.6798   3.1507   2.2094   0.0394   0.0537   0.0739   0.0329   0.0244  -0.0006   0.0000   0.0042  -0.0017    0.079
   239  61.5617   9.6940   3.1522   2.2059   0.0236   0.0323   0.0739   0.0199   0.0148  -0.0011   0.0000   0.0025  -0.0010    0.078
   240  61.5662   9.7011   3.1530   2.2042   0.0079   0.0108   0.0739   0.0067   0.0050  -0.0011   0.0000   0.0009  -0.0003    0.080

  Surface # 4     horizontal_stabilizer (YDUP)            
     # Chordwise = 10   # Spanwise = 80     First strip =241
     Surface area Ssurf =   33.045257     Ave. chord Cave =    3.385457

 Forces referred to Sref, Cref, Bref about Xref, Yref, Zref
 Standard axis orientation,  X fwd, Z down         
     CLsurf  =   0.00785     Clsurf  =   0.00055
     CYsurf  =   0.00092     Cmsurf  =  -0.02743
     CDsurf  =   0.00057     Cnsurf  =  -0.00036
     CDisurf =   0.00057     CDvsurf =   0.00000

 Forces referred to Ssurf, Cave 
     CLsurf  =   0.11738     CDsurf  =   0.00844

 Strip Forces referred to Strip Area, Chord
    j     Xle      Yle      Zle      Chord    Area     c_cl     ai     cl_norm    cl       cd       cdv    cm_c/4     cm_LE   C.P.x/c
   241  55.3376  -0.0009   2.0821   4.5668   0.0172   0.5991   0.0950   0.1586   0.1178   0.1584   0.0000  -0.0120   0.0381    0.352
   242  55.3424  -0.0084   2.0829   4.5649   0.0516   0.4413   0.0952   0.1278   0.0950   0.0234   0.0000  -0.0098   0.0289    0.353
   243  55.3520  -0.0234   2.0846   4.5613   0.0858   0.4287   0.0955   0.1255   0.0932   0.0127   0.0000  -0.0096   0.0282    0.353
   244  55.3664  -0.0458   2.0871   4.5558   0.1198   0.4253   0.0958   0.1250   0.0929   0.0098   0.0000  -0.0095   0.0280    0.352
   245  55.3856  -0.0757   2.0904   4.5486   0.1535   0.4240   0.0962   0.1249   0.0928   0.0087   0.0000  -0.0094   0.0279    0.351
   246  55.4095  -0.1129   2.0945   4.5395   0.1868   0.4235   0.0965   0.1251   0.0929   0.0082   0.0000  -0.0093   0.0278    0.350
   247  55.4381  -0.1574   2.0994   4.5286   0.2195   0.4233   0.0968   0.1253   0.0931   0.0080   0.0000  -0.0091   0.0277    0.348
   248  55.4714  -0.2092   2.1051   4.5160   0.2516   0.4233   0.0971   0.1257   0.0934   0.0078   0.0000  -0.0089   0.0276    0.346
   249  55.5092  -0.2682   2.1116   4.5017   0.2831   0.4234   0.0974   0.1261   0.0937   0.0078   0.0000  -0.0087   0.0275    0.343
   250  55.5516  -0.3342   2.1189   4.4856   0.3138   0.4236   0.0976   0.1266   0.0941   0.0078   0.0000  -0.0084   0.0273    0.339
   251  55.5985  -0.4072   2.1270   4.4678   0.3437   0.4238   0.0979   0.1272   0.0945   0.0078   0.0000  -0.0081   0.0271    0.336
   252  55.6498  -0.4871   2.1358   4.4483   0.3727   0.4240   0.0981   0.1278   0.0950   0.0078   0.0000  -0.0078   0.0270    0.332
   253  55.7054  -0.5738   2.1453   4.4272   0.4006   0.4242   0.0984   0.1285   0.0955   0.0078   0.0000  -0.0074   0.0268    0.328
   254  55.7653  -0.6670   2.1556   4.4045   0.4275   0.4244   0.0986   0.1293   0.0961   0.0078   0.0000  -0.0071   0.0266    0.324
   255  55.8293  -0.7667   2.1666   4.3802   0.4533   0.4246   0.0988   0.1300   0.0966   0.0078   0.0000  -0.0067   0.0264    0.320
   256  55.8974  -0.8727   2.1783   4.3544   0.4779   0.4247   0.0991   0.1308   0.0972   0.0078   0.0000  -0.0064   0.0263    0.316
   257  55.9694  -0.9848   2.1907   4.3271   0.5013   0.4247   0.0993   0.1317   0.0978   0.0078   0.0000  -0.0061   0.0261    0.312
   258  56.0453  -1.1030   2.2037   4.2983   0.5234   0.4247   0.0995   0.1325   0.0985   0.0078   0.0000  -0.0057   0.0260    0.308
   259  56.1250  -1.2271   2.2174   4.2681   0.5461   0.4246   0.0997   0.1334   0.0992   0.0078   0.0000  -0.0054   0.0259    0.305
   260  56.2084  -1.3570   2.2318   4.2364   0.5656   0.4244   0.0998   0.1344   0.0999   0.0079   0.0000  -0.0051   0.0258    0.301
   261  56.2954  -1.4924   2.2467   4.2035   0.5837   0.4241   0.1000   0.1354   0.1006   0.0079   0.0000  -0.0049   0.0257    0.298
   262  56.3856  -1.6330   2.2623   4.1692   0.6003   0.4238   0.1001   0.1364   0.1013   0.0079   0.0000  -0.0046   0.0257    0.295
   263  56.4791  -1.7786   2.2783   4.1338   0.6155   0.4234   0.1001   0.1374   0.1021   0.0079   0.0000  -0.0044   0.0256    0.293
   264  56.5757  -1.9290   2.2949   4.0971   0.6292   0.4229   0.1000   0.1385   0.1029   0.0080   0.0000  -0.0041   0.0256    0.290
   265  56.6751  -2.0839   2.3120   4.0594   0.6415   0.4225   0.0999   0.1396   0.1038   0.0080   0.0000  -0.0039   0.0256    0.288
   266  56.7773  -2.2430   2.3296   4.0206   0.6523   0.4220   0.0997   0.1408   0.1047   0.0080   0.0000  -0.0038   0.0257    0.286
   267  56.8822  -2.4063   2.3476   3.9809   0.6615   0.4216   0.0994   0.1421   0.1056   0.0081   0.0000  -0.0036   0.0257    0.284
   268  56.9894  -2.5733   2.3661   3.9402   0.6693   0.4213   0.0989   0.1435   0.1066   0.0081   0.0000  -0.0034   0.0258    0.282
   269  57.0990  -2.7439   2.3849   3.8986   0.6757   0.4211   0.0983   0.1449   0.1077   0.0082   0.0000  -0.0033   0.0259    0.280
   270  57.2106  -2.9178   2.4041   3.8563   0.6805   0.4209   0.0976   0.1465   0.1088   0.0083   0.0000  -0.0031   0.0260    0.279
   271  57.3242  -3.0947   2.4236   3.8132   0.6840   0.4210   0.0968   0.1481   0.1101   0.0083   0.0000  -0.0030   0.0262    0.277
   272  57.4395  -3.2743   2.4435   3.7695   0.6860   0.4212   0.0958   0.1499   0.1114   0.0084   0.0000  -0.0029   0.0264    0.276
   273  57.5564  -3.4564   2.4636   3.7251   0.6866   0.4216   0.0947   0.1519   0.1129   0.0085   0.0000  -0.0027   0.0266    0.274
   274  57.6748  -3.6407   2.4839   3.6802   0.6859   0.4222   0.0934   0.1539   0.1144   0.0086   0.0000  -0.0026   0.0268    0.273
   275  57.7943  -3.8268   2.5045   3.6349   0.6839   0.4229   0.0921   0.1562   0.1160   0.0086   0.0000  -0.0025   0.0270    0.271
   276  57.9149  -4.0146   2.5252   3.5892   0.6806   0.4239   0.0907   0.1585   0.1178   0.0087   0.0000  -0.0023   0.0273    0.270
   277  58.0363  -4.2037   2.5461   3.5431   0.6760   0.4250   0.0892   0.1610   0.1196   0.0088   0.0000  -0.0022   0.0275    0.268
   278  58.1584  -4.3938   2.5671   3.4968   0.6703   0.4263   0.0878   0.1636   0.1216   0.0089   0.0000  -0.0020   0.0278    0.266
   279  58.2809  -4.5847   2.5881   3.4503   0.6635   0.4276   0.0863   0.1663   0.1236   0.0090   0.0000  -0.0018   0.0281    0.264
   280  58.4038  -4.7760   2.6093   3.4037   0.6555   0.4289   0.0848   0.1692   0.1257   0.0091   0.0000  -0.0016   0.0284    0.263
   281  58.5267  -4.9675   2.6304   3.3571   0.6465   0.4303   0.0835   0.1720   0.1278   0.0092   0.0000  -0.0014   0.0286    0.261
   282  58.6496  -5.1588   2.6515   3.3105   0.6366   0.4315   0.0822   0.1750   0.1300   0.0093   0.0000  -0.0011   0.0289    0.258
   283  58.7721  -5.3497   2.6726   3.2640   0.6257   0.4326   0.0809   0.1779   0.1322   0.0094   0.0000  -0.0008   0.0291    0.256
   284  58.8942  -5.5398   2.6936   3.2177   0.6140   0.4334   0.0798   0.1808   0.1344   0.0095   0.0000  -0.0005   0.0293    0.254
   285  59.0156  -5.7289   2.7145   3.1716   0.6014   0.4340   0.0788   0.1837   0.1365   0.0096   0.0000  -0.0002   0.0295    0.251
   286  59.1362  -5.9167   2.7352   3.1259   0.5881   0.4342   0.0779   0.1865   0.1386   0.0096   0.0000   0.0002   0.0297    0.249
   287  59.2558  -6.1028   2.7557   3.0806   0.5742   0.4339   0.0771   0.1891   0.1405   0.0097   0.0000   0.0006   0.0298    0.246
   288  59.3741  -6.2871   2.7761   3.0357   0.5596   0.4332   0.0763   0.1916   0.1424   0.0097   0.0000   0.0010   0.0298    0.243
   289  59.4910  -6.4692   2.7962   2.9913   0.5444   0.4318   0.0757   0.1939   0.1441   0.0097   0.0000   0.0014   0.0298    0.240
   290  59.6063  -6.6488   2.8160   2.9476   0.5287   0.4299   0.0752   0.1959   0.1455   0.0097   0.0000   0.0019   0.0297    0.237
   291  59.7199  -6.8257   2.8355   2.9045   0.5126   0.4273   0.0747   0.1976   0.1468   0.0097   0.0000   0.0025   0.0295    0.233
   292  59.8316  -6.9996   2.8547   2.8621   0.4960   0.4239   0.0744   0.1989   0.1478   0.0097   0.0000   0.0031   0.0292    0.229
   293  59.9411  -7.1702   2.8736   2.8206   0.4792   0.4197   0.0741   0.1999   0.1485   0.0096   0.0000   0.0037   0.0288    0.225
   294  60.0484  -7.3372   2.8920   2.7799   0.4620   0.4147   0.0738   0.2004   0.1489   0.0095   0.0000   0.0044   0.0284    0.221
   295  60.1532  -7.5005   2.9100   2.7402   0.4445   0.4089   0.0736   0.2005   0.1490   0.0094   0.0000   0.0051   0.0278    0.216
   296  60.2554  -7.6597   2.9276   2.7014   0.4269   0.4022   0.0735   0.2000   0.1486   0.0093   0.0000   0.0058   0.0271    0.211
   297  60.3549  -7.8145   2.9447   2.6637   0.4091   0.3945   0.0734   0.1990   0.1479   0.0091   0.0000   0.0066   0.0263    0.206
   298  60.4514  -7.9649   2.9613   2.6270   0.3912   0.3859   0.0733   0.1974   0.1467   0.0089   0.0000   0.0073   0.0254    0.200
   299  60.5449  -8.1105   2.9774   2.5916   0.3732   0.3763   0.0732   0.1951   0.1450   0.0087   0.0000   0.0081   0.0244    0.194
   300  60.6352  -8.2511   2.9929   2.5573   0.3551   0.3658   0.0732   0.1922   0.1429   0.0084   0.0000   0.0089   0.0232    0.188
   301  60.7221  -8.3865   3.0079   2.5244   0.3370   0.3543   0.0732   0.1887   0.1402   0.0081   0.0000   0.0097   0.0220    0.181
   302  60.8055  -8.5164   3.0222   2.4927   0.3189   0.3419   0.0732   0.1844   0.1370   0.0078   0.0000   0.0104   0.0207    0.174
   303  60.8854  -8.6408   3.0359   2.4624   0.3009   0.3285   0.0732   0.1794   0.1333   0.0074   0.0000   0.0110   0.0194    0.167
   304  60.9615  -8.7593   3.0490   2.4336   0.2829   0.3142   0.0733   0.1736   0.1290   0.0070   0.0000   0.0116   0.0180    0.160
   305  61.0337  -8.8718   3.0614   2.4061   0.2650   0.2991   0.0733   0.1671   0.1242   0.0066   0.0000   0.0121   0.0165    0.153
   306  61.1002  -8.9753   3.0729   2.3809   0.2336   0.2833   0.0734   0.1600   0.1189   0.0061   0.0000   0.0125   0.0151    0.145
   307  61.1609  -9.0698   3.0833   2.3579   0.2169   0.2672   0.0734   0.1524   0.1133   0.0056   0.0000   0.0127   0.0137    0.138
   308  61.2176  -9.1582   3.0931   2.3364   0.2004   0.2504   0.0735   0.1442   0.1071   0.0051   0.0000   0.0128   0.0123    0.131
   309  61.2703  -9.2403   3.1021   2.3164   0.1839   0.2329   0.0735   0.1353   0.1005   0.0046   0.0000   0.0127   0.0110    0.124
   310  61.3189  -9.3160   3.1105   2.2980   0.1676   0.2149   0.0736   0.1258   0.0935   0.0041   0.0000   0.0124   0.0097    0.117
   311  61.3634  -9.3852   3.1181   2.2811   0.1513   0.1962   0.0736   0.1158   0.0860   0.0035   0.0000   0.0120   0.0084    0.110
   312  61.4036  -9.4478   3.1250   2.2659   0.1351   0.1770   0.0737   0.1052   0.0782   0.0030   0.0000   0.0114   0.0072    0.104
   313  61.4395  -9.5037   3.1312   2.2523   0.1190   0.1574   0.0737   0.0941   0.0699   0.0024   0.0000   0.0106   0.0061    0.098
   314  61.4710  -9.5528   3.1366   2.2403   0.1029   0.1373   0.0738   0.0826   0.0614   0.0018   0.0000   0.0096   0.0051    0.093
   315  61.4981  -9.5950   3.1413   2.2301   0.0870   0.1168   0.0738   0.0706   0.0525   0.0013   0.0000   0.0085   0.0041    0.088
   316  61.5207  -9.6303   3.1452   2.2215   0.0711   0.0960   0.0739   0.0583   0.0433   0.0008   0.0000   0.0072   0.0032    0.084
   317  61.5389  -9.6586   3.1483   2.2146   0.0552   0.0750   0.0739   0.0457   0.0340   0.0001   0.0000   0.0057   0.0024    0.081
   318  61.5526  -9.6798   3.1507   2.2094   0.0394   0.0537   0.0739   0.0329   0.0244  -0.0006   0.0000   0.0042   0.0017    0.079
   319  61.5617  -9.6940   3.1522   2.2059   0.0236   0.0323   0.0739   0.0199   0.0148  -0.0011   0.0000   0.0025   0.0010    0.078
   320  61.5662  -9.7011   3.1530   2.2042   0.0079   0.0108   0.0739   0.0067   0.0050  -0.0011   0.0000   0.0009   0.0003    0.080

  Surface # 5     vertical_stabilizer                     
     # Chordwise = 10   # Spanwise = 80     First strip =321
     Surface area Ssurf =   45.713870     Ave. chord Cave =    5.520999

 Forces referred to Sref, Cref, Bref about Xref, Yref, Zref
 Standard axis orientation,  X fwd, Z down         
     CLsurf  =   0.00000     Clsurf  =   0.00000
     CYsurf  =   0.00000     Cmsurf  =  -0.00000
     CDsurf  =  -0.00000     Cnsurf  =  -0.00000
     CDisurf =  -0.00000     CDvsurf =   0.00000

 Forces referred to Ssurf, Cave 
     CLsurf  =  -0.00000     CDsurf  =  -0.00000

 Strip Forces referred to Strip Area, Chord
    j     Xle      Yle      Zle      Chord    Area     c_cl     ai     cl_norm    cl       cd       cdv    cm_c/4     cm_LE   C.P.x/c
   321  52.2087   0.0000   3.5988   7.9308   0.1517  -0.0000   0.0000  -0.0000  -0.0000   0.0000   0.0000  -0.0000  -0.0000   -0.317
   322  52.2304   0.0000   3.6208   7.9180   0.1969  -0.0000  -0.0000  -0.0000  -0.0000   0.0000   0.0000  -0.0000  -0.0000   -0.258
   323  52.2577   0.0000   3.6486   7.9018   0.2416  -0.0000   0.0000  -0.0000  -0.0000   0.0000   0.0000  -0.0000  -0.0000   -0.289
   324  52.2906   0.0000   3.6820   7.8823   0.2859  -0.0000   0.0000  -0.0000  -0.0000   0.0000   0.0000  -0.0000  -0.0000   -0.399
   325  52.3291   0.0000   3.7211   7.8595   0.3294  -0.0000   0.0000  -0.0000  -0.0000  -0.0000   0.0000  -0.0000  -0.0000   -0.354
   326  52.3732   0.0000   3.7658   7.8334   0.3722  -0.0000   0.0000  -0.0000  -0.0000   0.0000   0.0000  -0.0000  -0.0000   -0.347
   327  52.4227   0.0000   3.8161   7.8041   0.4141  -0.0000   0.0000  -0.0000  -0.0000   0.0000   0.0000  -0.0000  -0.0000   -0.310
   328  52.4777   0.0000   3.8719   7.7715   0.4550  -0.0000   0.0000  -0.0000  -0.0000   0.0000   0.0000  -0.0000  -0.0000   -0.204
   329  52.5380   0.0000   3.9332   7.7358   0.4948  -0.0000   0.0000  -0.0000  -0.0000   0.0000   0.0000  -0.0000  -0.0000   -0.248
   330  52.6037   0.0000   3.9998   7.6969   0.5334  -0.0000   0.0000  -0.0000  -0.0000   0.0000   0.0000  -0.0000  -0.0000   -0.221
   331  52.6745   0.0000   4.0718   7.6550   0.5707  -0.0000   0.0000  -0.0000  -0.0000   0.0000   0.0000  -0.0000  -0.0000   -0.145
   332  52.7505   0.0000   4.1489   7.6100   0.6065  -0.0000   0.0000  -0.0000  -0.0000  -0.0000   0.0000  -0.0000  -0.0000   -0.101
   333  52.8315   0.0000   4.2311   7.5620   0.6408  -0.0000   0.0000  -0.0000  -0.0000  -0.0000   0.0000  -0.0000  -0.0000   -0.119
   334  52.9174   0.0000   4.3184   7.5111   0.6735  -0.0000   0.0000  -0.0000  -0.0000  -0.0000   0.0000  -0.0000   0.0000   -0.071
   335  53.0081   0.0000   4.4105   7.4574   0.7046  -0.0000   0.0000  -0.0000  -0.0000  -0.0000   0.0000  -0.0000  -0.0000   -0.097
   336  53.1035   0.0000   4.5073   7.4009   0.7339  -0.0000   0.0000  -0.0000  -0.0000  -0.0000   0.0000  -0.0000   0.0000   -0.071
   337  53.2034   0.0000   4.6088   7.3417   0.7615  -0.0000   0.0000  -0.0000  -0.0000  -0.0000   0.0000  -0.0000   0.0000   -0.042
   338  53.3078   0.0000   4.7147   7.2799   0.7871  -0.0000   0.0000  -0.0000  -0.0000  -0.0000   0.0000  -0.0000   0.0000   -0.067
   339  53.4164   0.0000   4.8250   7.2156   0.8109  -0.0000   0.0000  -0.0000  -0.0000  -0.0000   0.0000  -0.0000   0.0000   -0.038
   340  53.5291   0.0000   4.9394   7.1488   0.8327  -0.0000   0.0000  -0.0000  -0.0000  -0.0000   0.0000  -0.0000   0.0000   -0.031
   341  53.6458   0.0000   5.0579   7.0797   0.8526  -0.0000   0.0000  -0.0000  -0.0000   0.0000   0.0000  -0.0000   0.0000   -0.010
   342  53.7663   0.0000   5.1802   7.0084   0.8704  -0.0000   0.0000  -0.0000  -0.0000   0.0000   0.0000  -0.0000   0.0000   -0.003
   343  53.8904   0.0000   5.3063   6.9348   0.8862  -0.0000  -0.0000  -0.0000  -0.0000  -0.0000   0.0000  -0.0000   0.0000    0.016
   344  54.0180   0.0000   5.4358   6.8593   0.9000  -0.0000   0.0000  -0.0000  -0.0000  -0.0000   0.0000  -0.0000   0.0000    0.007
   345  54.1488   0.0000   5.5686   6.7818   0.9118  -0.0000   0.0000  -0.0000  -0.0000  -0.0000   0.0000  -0.0000   0.0000   -0.014
   346  54.2828   0.0000   5.7046   6.7025   0.9215  -0.0000   0.0000  -0.0000  -0.0000  -0.0000   0.0000  -0.0000   0.0000   -0.018
   347  54.4196   0.0000   5.8436   6.6214   0.9292  -0.0000   0.0000  -0.0000  -0.0000  -0.0000   0.0000  -0.0000   0.0000    0.008
   348  54.5592   0.0000   5.9853   6.5388   0.9349  -0.0000   0.0000  -0.0000  -0.0000  -0.0000   0.0000  -0.0000   0.0000    0.018
   349  54.7012   0.0000   6.1295   6.4546   0.9386  -0.0000   0.0000  -0.0000  -0.0000  -0.0000   0.0000  -0.0000   0.0000    0.015
   350  54.8456   0.0000   6.2760   6.3691   0.9404  -0.0000  -0.0000  -0.0000  -0.0000  -0.0000   0.0000  -0.0000   0.0000    0.050
   351  54.9920   0.0000   6.4247   6.2824   0.9403  -0.0000   0.0000  -0.0000  -0.0000  -0.0000   0.0000  -0.0000   0.0000    0.039
   352  55.1403   0.0000   6.5753   6.1946   0.9384  -0.0000  -0.0000  -0.0000  -0.0000  -0.0000   0.0000  -0.0000   0.0000    0.067
   353  55.2903   0.0000   6.7276   6.1057   0.9346  -0.0000   0.0000  -0.0000  -0.0000  -0.0000   0.0000  -0.0000   0.0000    0.080
   354  55.4418   0.0000   6.8814   6.0160   0.9291  -0.0000   0.0000  -0.0000  -0.0000  -0.0000   0.0000  -0.0000   0.0000    0.084
   355  55.5945   0.0000   7.0365   5.9256   0.9219  -0.0000   0.0000  -0.0000  -0.0000  -0.0000   0.0000  -0.0000   0.0000    0.106
   356  55.7482   0.0000   7.1925   5.8345   0.9131  -0.0000   0.0000  -0.0000  -0.0000  -0.0000   0.0000  -0.0000   0.0000    0.093
   357  55.9027   0.0000   7.3494   5.7430   0.9027  -0.0000   0.0000  -0.0000  -0.0000  -0.0000   0.0000  -0.0000   0.0000    0.072
   358  56.0578   0.0000   7.5068   5.6512   0.8909  -0.0000  -0.0000  -0.0000  -0.0000  -0.0000   0.0000  -0.0000   0.0000    0.099
   359  56.2132   0.0000   7.6646   5.5591   0.8777  -0.0000   0.0000  -0.0000  -0.0000  -0.0000   0.0000  -0.0000   0.0000    0.070
   360  56.3688   0.0000   7.8226   5.4670   0.8632  -0.0000   0.0000  -0.0000  -0.0000  -0.0000   0.0000  -0.0000   0.0000    0.101
   361  56.5242   0.0000   7.9804   5.3750   0.8474  -0.0000   0.0000  -0.0000  -0.0000  -0.0000   0.0000  -0.0000   0.0000    0.109
   362  56.6793   0.0000   8.1378   5.2831   0.8306  -0.0000   0.0000  -0.0000  -0.0000  -0.0000   0.0000  -0.0000   0.0000    0.104
   363  56.8338   0.0000   8.2947   5.1916   0.8126  -0.0000   0.0000  -0.0000  -0.0000  -0.0000   0.0000  -0.0000   0.0000    0.118
   364  56.9876   0.0000   8.4508   5.1005   0.7937  -0.0000   0.0000  -0.0000  -0.0000  -0.0000   0.0000  -0.0000   0.0000    0.135
   365  57.1403   0.0000   8.6059   5.0101   0.7739  -0.0000  -0.0000  -0.0000  -0.0000  -0.0000   0.0000  -0.0000   0.0000    0.132
   366  57.2918   0.0000   8.7597   4.9203   0.7533  -0.0000   0.0000  -0.0000  -0.0000  -0.0000   0.0000  -0.0000   0.0000    0.111
   367  57.4418   0.0000   8.9120   4.8315   0.7320  -0.0000   0.0000  -0.0000  -0.0000  -0.0000   0.0000  -0.0000   0.0000    0.104
   368  57.5902   0.0000   9.0627   4.7436   0.7101  -0.0000  -0.0000  -0.0000  -0.0000  -0.0000   0.0000  -0.0000   0.0000    0.128
   369  57.7366   0.0000   9.2114   4.6569   0.6876  -0.0000   0.0000  -0.0000  -0.0000  -0.0000   0.0000  -0.0000   0.0000    0.117
   370  57.8810   0.0000   9.3579   4.5714   0.6647  -0.0000   0.0000  -0.0000  -0.0000  -0.0000   0.0000  -0.0000   0.0000    0.096
   371  58.0230   0.0000   9.5021   4.4873   0.6414  -0.0000  -0.0000  -0.0000  -0.0000  -0.0000   0.0000  -0.0000   0.0000    0.108
   372  58.1625   0.0000   9.6438   4.4046   0.6178  -0.0000   0.0000  -0.0000  -0.0000  -0.0000   0.0000  -0.0000   0.0000    0.088
   373  58.2993   0.0000   9.7826   4.3236   0.5940  -0.0000   0.0000  -0.0000  -0.0000  -0.0000   0.0000  -0.0000   0.0000    0.109
   374  58.4331   0.0000   9.9185   4.2444   0.5701  -0.0000   0.0000  -0.0000  -0.0000  -0.0000   0.0000  -0.0000   0.0000    0.093
   375  58.5638   0.0000  10.0512   4.1670   0.5460  -0.0000   0.0000  -0.0000  -0.0000  -0.0000   0.0000  -0.0000   0.0000    0.073
   376  58.6912   0.0000  10.1805   4.0915   0.5219  -0.0000  -0.0000  -0.0000  -0.0000  -0.0000   0.0000  -0.0000   0.0000    0.082
   377  58.8150   0.0000  10.3063   4.0182   0.4978  -0.0000   0.0000  -0.0000  -0.0000  -0.0000   0.0000  -0.0000   0.0000    0.079
   378  58.9352   0.0000  10.4283   3.9470   0.4738  -0.0000   0.0000  -0.0000  -0.0000  -0.0000   0.0000  -0.0000   0.0000    0.072
   379  59.0515   0.0000  10.5463   3.8782   0.4500  -0.0000   0.0000  -0.0000  -0.0000  -0.0000   0.0000  -0.0000   0.0000    0.057
   380  59.1637   0.0000  10.6603   3.8117   0.4263  -0.0000   0.0000  -0.0000  -0.0000  -0.0000   0.0000  -0.0000   0.0000    0.081
   381  59.2717   0.0000  10.7699   3.7477   0.4028  -0.0000   0.0000  -0.0000  -0.0000  -0.0000   0.0000  -0.0000   0.0000    0.077
   382  59.3754   0.0000  10.8752   3.6863   0.3796  -0.0000   0.0000  -0.0000  -0.0000  -0.0000   0.0000  -0.0000   0.0000    0.064
   383  59.4745   0.0000  10.9758   3.6276   0.3566  -0.0000   0.0000  -0.0000  -0.0000  -0.0000   0.0000  -0.0000   0.0000    0.083
   384  59.5690   0.0000  11.0717   3.5717   0.3339  -0.0000  -0.0000  -0.0000  -0.0000  -0.0000   0.0000  -0.0000   0.0000    0.085
   385  59.6586   0.0000  11.1628   3.5186   0.3115  -0.0000   0.0000  -0.0000  -0.0000  -0.0000   0.0000  -0.0000   0.0000    0.070
   386  59.7433   0.0000  11.2488   3.4684   0.2894  -0.0000   0.0000  -0.0000  -0.0000  -0.0000   0.0000  -0.0000   0.0000    0.043
   387  59.8230   0.0000  11.3296   3.4212   0.2677  -0.0000  -0.0000  -0.0000  -0.0000  -0.0000   0.0000  -0.0000   0.0000    0.034
   388  59.8974   0.0000  11.4052   3.3771   0.2463  -0.0000   0.0000  -0.0000  -0.0000  -0.0000   0.0000  -0.0000   0.0000    0.035
   389  59.9666   0.0000  11.4754   3.3362   0.2252  -0.0000   0.0000  -0.0000  -0.0000  -0.0000   0.0000  -0.0000   0.0000    0.014
   390  60.0304   0.0000  11.5402   3.2984   0.2044  -0.0000  -0.0000  -0.0000  -0.0000  -0.0000   0.0000  -0.0000   0.0000    0.016
   391  60.0886   0.0000  11.5993   3.2639   0.1839  -0.0000   0.0000  -0.0000  -0.0000  -0.0000   0.0000  -0.0000   0.0000    0.007
   392  60.1413   0.0000  11.6528   3.2327   0.1637  -0.0000   0.0000  -0.0000  -0.0000  -0.0000   0.0000  -0.0000   0.0000    0.011
   393  60.1884   0.0000  11.7006   3.2048   0.1438  -0.0000   0.0000  -0.0000  -0.0000  -0.0000   0.0000  -0.0000   0.0000    0.007
   394  60.2297   0.0000  11.7425   3.1804   0.1241  -0.0000   0.0000  -0.0000  -0.0000  -0.0000   0.0000  -0.0000   0.0000   -0.017
   395  60.2652   0.0000  11.7786   3.1593   0.1046  -0.0000  -0.0000  -0.0000  -0.0000  -0.0000   0.0000  -0.0000   0.0000    0.009
   396  60.2949   0.0000  11.8087   3.1417   0.0853  -0.0000   0.0000  -0.0000  -0.0000  -0.0000   0.0000  -0.0000   0.0000   -0.004
   397  60.3187   0.0000  11.8329   3.1276   0.0662  -0.0000  -0.0000  -0.0000  -0.0000  -0.0000   0.0000  -0.0000   0.0000    0.008
   398  60.3365   0.0000  11.8511   3.1170   0.0472  -0.0000   0.0000  -0.0000  -0.0000  -0.0000   0.0000  -0.0000   0.0000   -0.006
   399  60.3485   0.0000  11.8632   3.1100   0.0283  -0.0000  -0.0000  -0.0000  -0.0000  -0.0000   0.0000  -0.0000   0.0000    0.002
   400  60.3545   0.0000  11.8692   3.1064   0.0094  -0.0000   0.0000  -0.0000  -0.0000  -0.0000   0.0000  -0.0000   0.0000   -0.017

  Surface # 6     fuselage_horizontal                     
     # Chordwise = 10   # Spanwise = 10     First strip =401
     Surface area Ssurf =  305.582940     Ave. chord Cave =   52.236400

 Forces referred to Sref, Cref, Bref about Xref, Yref, Zref
 Standard axis orientation,  X fwd, Z down         
     CLsurf  =   0.00210     Clsurf  =  -0.00000
     CYsurf  =  -0.00000     Cmsurf  =   0.02503
     CDsurf  =  -0.00026     Cnsurf  =   0.00000
     CDisurf =  -0.00026     CDvsurf =   0.00000

 Forces referred to Ssurf, Cave 
     CLsurf  =   0.00337     CDsurf  =  -0.00041

 Strip Forces referred to Strip Area, Chord
    j     Xle      Yle      Zle      Chord    Area     c_cl     ai     cl_norm    cl       cd       cdv    cm_c/4     cm_LE   C.P.x/c
   401   7.4693  -2.6325   0.0000  39.8265  23.2985   0.0868   0.1602   0.0196   0.0023  -0.0011   0.0000   0.0049   0.0006  999.000
   402   4.3582  -2.0475   0.0000  47.8148  27.9717   0.1610   0.1287   0.0066   0.0033   0.0006   0.0000   0.0053   0.0012  999.000
   403   2.4947  -1.4625   0.0000  53.5537  31.3289   0.2036   0.1141   0.0047   0.0038   0.0002   0.0000   0.0054   0.0015  999.000
   404   1.1502  -0.8775   0.0000  58.2257  34.0620   0.2057   0.0932   0.0036   0.0036  -0.0003   0.0000   0.0057   0.0022  999.000
   405   0.2954  -0.2925   0.0000  61.7612  36.1303   0.2099   0.0881   0.0037   0.0035  -0.0014   0.0000   0.0057   0.0034  999.000
   406   0.2954   0.2925   0.0000  61.7612  36.1303   0.2099   0.0881   0.0037   0.0035  -0.0014   0.0000   0.0057   0.0034  999.000
   407   1.1502   0.8775   0.0000  58.2257  34.0620   0.2057   0.0932   0.0036   0.0036  -0.0003   0.0000   0.0057   0.0022  999.000
   408   2.4947   1.4625   0.0000  53.5538  31.3289   0.2036   0.1141   0.0047   0.0038   0.0002   0.0000   0.0054   0.0015  999.000
   409   4.3582   2.0475   0.0000  47.8148  27.9717   0.1610   0.1287   0.0066   0.0033   0.0006   0.0000   0.0053   0.0012  999.000
   410   7.4692   2.6325   0.0000  39.8266  23.2985   0.0868   0.1602   0.0196   0.0023  -0.0011   0.0000   0.0049   0.0006  999.000

  Surface # 7     fuselage_vertical                       
     # Chordwise = 10   # Spanwise = 10     First strip =411
     Surface area Ssurf =  302.292047     Ave. chord Cave =   52.236400

 Forces referred to Sref, Cref, Bref about Xref, Yref, Zref
 Standard axis orientation,  X fwd, Z down         
     CLsurf  =   0.00000     Clsurf  =  -0.00000
     CYsurf  =   0.00000     Cmsurf  =  -0.00000
     CDsurf  =   0.00000     Cnsurf  =  -0.00000
     CDisurf =   0.00000     CDvsurf =   0.00000

 Forces referred to Ssurf, Cave 
     CLsurf  =  -0.00000     CDsurf  =   0.00000

 Strip Forces referred to Strip Area, Chord
    j     Xle      Yle      Zle      Chord    Area     c_cl     ai     cl_norm    cl       cd       cdv    cm_c/4     cm_LE   C.P.x/c
   411   7.4693   0.0000  -2.6041  39.8265  23.0476  -0.0000  -0.0000  -0.0000  -0.0000   0.0000   0.0000   0.0000   0.0000    1.681
   412   4.3582   0.0000  -2.0255  47.8148  27.6705   0.0000  -0.0000   0.0000   0.0000  -0.0000   0.0000  -0.0000  -0.0000    0.703
   413   2.4947   0.0000  -1.4467  53.5537  30.9916  -0.0000  -0.0000  -0.0000  -0.0000   0.0000   0.0000  -0.0000  -0.0000    0.065
   414   1.1502   0.0000  -0.8680  58.2257  33.6952  -0.0000   0.0000  -0.0000  -0.0000   0.0000   0.0000   0.0000   0.0000    0.417
   415   0.2954   0.0000  -0.2894  61.7612  35.7412  -0.0000  -0.0000  -0.0000  -0.0000  -0.0000   0.0000   0.0000   0.0000    0.445
   416   0.2954   0.0000   0.2894  61.7612  35.7412  -0.0000   0.0000  -0.0000  -0.0000   0.0000   0.0000   0.0000   0.0000    0.669
   417   1.1502   0.0000   0.8680  58.2257  33.6952  -0.0000   0.0000  -0.0000  -0.0000   0.0000   0.0000   0.0000   0.0000    0.677
   418   2.4947   0.0000   1.4467  53.5537  30.9916  -0.0000   0.0000  -0.0000  -0.0000   0.0000   0.0000   0.0000   0.0000    0.671
   419   4.3582   0.0000   2.0255  47.8148  27.6705  -0.0000   0.0000  -0.0000  -0.0000   0.0000   0.0000   0.0000   0.0000    0.713
   420   7.4693   0.0000   2.6041  39.8265  23.0476  -0.0000   0.0000  -0.0000  -0.0000   0.0000   0.0000   0.0000   0.0000    0.737
 ---------------------------------------------------------------
