 ---------------------------------------------------------------
 Surface and Strip Forces by surface

  Sref =  490.60       Cref =  8.4083       Bref =  70.000    
  Xref =  0.0000       Yref =  0.0000       Zref =  0.0000    

  Surface # 1     main_wing                               
     # Chordwise = 10   # Spanwise = 70     First strip =  1
     Surface area Ssurf =  250.220834     Ave. chord Cave =    7.118896

 Forces referred to Sref, Cref, Bref about Xref, Yref, Zref
 Standard axis orientation,  X fwd, Z down         
     CLsurf  =   0.28911     Clsurf  =  -0.05420
     CYsurf  =  -0.01832     Cmsurf  =  -1.09107
     CDsurf  =   0.00667     Cnsurf  =   0.00313
     CDisurf =   0.00667     CDvsurf =   0.00000

 Forces referred to Ssurf, Cave 
     CLsurf  =   0.56785     CDsurf  =   0.01307

 Strip Forces referred to Strip Area, Chord
    j     Xle      Yle      Zle      Chord    Area     c_cl     ai     cl_norm    cl       cd       cdv    cm_c/4     cm_LE   C.P.x/c
     1  22.4080   0.0042  -0.9570  12.4590   0.2104   6.4560   0.0343   0.5176   0.5176   0.0291   0.0000  -0.0446  -0.1741    0.336
     2  22.4080   0.0380  -0.9570  12.4590   0.6307   6.4560   0.0343   0.5176   0.5176   0.0290   0.0000  -0.0446  -0.1741    0.336
     3  22.4080   0.1054  -0.9570  12.4590   1.0498   6.4566   0.0343   0.5177   0.5177   0.0288   0.0000  -0.0446  -0.1742    0.336
     4  22.4080   0.2065  -0.9570  12.4590   1.4668   6.4585   0.0342   0.5179   0.5179   0.0286   0.0000  -0.0447  -0.1743    0.336
     5  22.4080   0.3408  -0.9570  12.4590   1.8808   6.4631   0.0341   0.5182   0.5182   0.0284   0.0000  -0.0450  -0.1747    0.337
     6  22.4080   0.5083  -0.9570  12.4590   2.2910   6.4721   0.0338   0.5190   0.5190   0.0283   0.0000  -0.0456  -0.1754    0.338
     7  22.4080   0.7085  -0.9570  12.4590   2.6966   6.4879   0.0333   0.5203   0.5203   0.0284   0.0000  -0.0465  -0.1767    0.339
     8  22.4080   0.9411  -0.9570  12.4590   3.0968   6.5138   0.0325   0.5223   0.5223   0.0286   0.0000  -0.0479  -0.1786    0.342
     9  22.4080   1.2055  -0.9570  12.4590   3.4907   6.5543   0.0311   0.5255   0.5255   0.0291   0.0000  -0.0502  -0.1817    0.345
    10  22.4080   1.5013  -0.9570  12.4590   3.8776   6.6166   0.0287   0.5305   0.5305   0.0299   0.0000  -0.0535  -0.1863    0.351
    11  22.4080   1.8278  -0.9570  12.4590   4.2567   6.7129   0.0248   0.5381   0.5381   0.0314   0.0000  -0.0585  -0.1932    0.359
    12  22.4080   2.1844  -0.9570  12.4590   4.6273   6.8690   0.0192   0.5504   0.5504   0.0341   0.0000  -0.0661  -0.2039    0.370
    13  22.4080   2.5704  -0.9570  12.4590   4.9885   7.1757   0.0119   0.5742   0.5742   0.0453   0.0000  -0.0790  -0.2230    0.388
    14  22.5966   3.0754  -0.9200  12.2979   7.5875   7.8708   0.4255   0.7925   0.6338   0.0991   0.0000  -0.1084  -0.2300    0.421
    15  22.9924   3.7075  -0.8424  11.9598   7.8494   7.8100   0.4235   0.8095   0.6474   0.0925   0.0000  -0.1076  -0.2322    0.416
    16  23.3450   4.2708  -0.7732  11.6585   5.5431   6.9281   0.0076   0.7427   0.5940   0.0286   0.0000  -0.0730  -0.1903    0.373
    17  23.6484   4.7553  -0.7137  11.3993   5.7056   6.5262   0.0110   0.7158   0.5725   0.0253   0.0000  -0.0576  -0.1726    0.351
    18  23.9670   5.2641  -0.6513  11.1271   5.8372   6.2438   0.0143   0.7018   0.5613   0.0223   0.0000  -0.0474  -0.1615    0.335
    19  24.3002   5.7964  -0.5859  10.8424   5.9373   6.0191   0.0172   0.6946   0.5555   0.0197   0.0000  -0.0400  -0.1540    0.322
    20  24.6474   6.3509  -0.5178  10.5458   6.0058   5.8278   0.0195   0.6917   0.5532   0.0173   0.0000  -0.0344  -0.1487    0.312
    21  25.0079   6.9266  -0.4471  10.2379   6.0430   5.6578   0.0209   0.6920   0.5534   0.0152   0.0000  -0.0301  -0.1450    0.304
    22  25.3809   7.5223  -0.3740   9.9192   6.0490   5.5017   0.0213   0.6947   0.5556   0.0132   0.0000  -0.0267  -0.1426    0.298
    23  25.7657   8.1368  -0.2985   9.5905   6.0244   5.3549   0.0205   0.6995   0.5595   0.0114   0.0000  -0.0242  -0.1413    0.293
    24  26.1614   8.7690  -0.2209   9.2523   5.9700   5.2143   0.0183   0.7063   0.5648   0.0097   0.0000  -0.0223  -0.1408    0.289
    25  26.5674   9.4174  -0.1413   8.9055   5.8867   5.0776   0.0139   0.7147   0.5716   0.0082   0.0000  -0.0210  -0.1412    0.287
    26  27.0024  10.1168  -0.0685   8.6379   6.4402   4.9430   0.0111   0.7551   0.5738   0.0067   0.0000  -0.0184  -0.1391    0.282
    27  27.4662  10.8669  -0.0029   8.4530   6.4244   4.8304   0.0127   0.7542   0.5732   0.0054   0.0000  -0.0166  -0.1374    0.279
    28  27.9384  11.6306   0.0640   8.2648   6.3881   4.7221   0.0136   0.7542   0.5732   0.0043   0.0000  -0.0153  -0.1363    0.277
    29  28.4181  12.4065   0.1318   8.0736   6.3319   4.6159   0.0144   0.7549   0.5736   0.0033   0.0000  -0.0145  -0.1357    0.275
    30  28.9043  13.1928   0.2006   7.8797   6.2569   4.5107   0.0153   0.7559   0.5744   0.0025   0.0000  -0.0140  -0.1354    0.274
    31  29.3961  13.9881   0.2702   7.6837   6.1641   4.4056   0.0161   0.7572   0.5754   0.0018   0.0000  -0.0137  -0.1354    0.274
    32  29.8923  14.7908   0.3404   7.4858   6.0545   4.2999   0.0167   0.7586   0.5765   0.0012   0.0000  -0.0136  -0.1355    0.274
    33  30.3921  15.5992   0.4112   7.2866   5.9293   4.1932   0.0172   0.7601   0.5776   0.0006   0.0000  -0.0136  -0.1357    0.274
    34  30.8945  16.4116   0.4822   7.0863   5.7897   4.0850   0.0175   0.7615   0.5787   0.0001   0.0000  -0.0137  -0.1361    0.274
    35  31.3984  17.2266   0.5535   6.8855   5.6369   3.9751   0.0176   0.7627   0.5795  -0.0004   0.0000  -0.0140  -0.1364    0.274
    36  31.9027  18.0423   0.6249   6.6844   5.4723   3.8631   0.0175   0.7635   0.5802  -0.0008   0.0000  -0.0143  -0.1369    0.275
    37  32.4066  18.8573   0.6962   6.4835   5.2972   3.7489   0.0171   0.7639   0.5805  -0.0011   0.0000  -0.0149  -0.1374    0.276
    38  32.9089  19.6698   0.7673   6.2832   5.1129   3.6327   0.0164   0.7639   0.5805  -0.0012   0.0000  -0.0159  -0.1382    0.277
    39  33.4087  20.4781   0.8380   6.0840   4.9207   3.5150   0.0155   0.7633   0.5800  -0.0010   0.0000  -0.0176  -0.1396    0.280
    40  33.9050  21.2808   0.9082   5.8861   4.7221   3.3968   0.0144   0.7623   0.5793   0.0002   0.0000  -0.0208  -0.1422    0.286
    41  34.3967  22.0761   0.9778   5.6901   4.5183   3.2801   0.0132   0.7608   0.5782   0.0055   0.0000  -0.0273  -0.1476    0.297
    42  34.7955  22.7211   1.0342   5.5311   2.7734   3.1812   0.0125   0.7623   0.5793  -0.0223   0.0000  -0.0485  -0.1652    0.334
    43  35.1799  23.3428   1.0886   5.3779   4.0090   3.0853   0.0119   0.7593   0.5770  -0.0129   0.0000  -0.0553  -0.1707    0.346
    44  35.6353  24.0794   1.1531   5.1963   3.8090   2.9784   0.0115   0.7583   0.5762  -0.0099   0.0000  -0.0581  -0.1730    0.351
    45  36.0826  24.8028   1.2163   5.0180   3.6083   2.8733   0.0114   0.7574   0.5755  -0.0087   0.0000  -0.0594  -0.1739    0.353
    46  36.5209  25.5117   1.2784   4.8433   3.4082   2.7705   0.0114   0.7566   0.5749  -0.0081   0.0000  -0.0600  -0.1743    0.354
    47  36.9492  26.2045   1.3390   4.6725   3.2096   2.6702   0.0117   0.7558   0.5743  -0.0078   0.0000  -0.0603  -0.1744    0.355
    48  37.3668  26.8799   1.3981   4.5060   3.0133   2.5721   0.0121   0.7549   0.5737  -0.0077   0.0000  -0.0603  -0.1743    0.355
    49  37.7728  27.5366   1.4555   4.3442   2.8202   2.4759   0.0128   0.7537   0.5728  -0.0076   0.0000  -0.0603  -0.1741    0.355
    50  38.1664  28.1731   1.5112   4.1873   2.6312   2.3814   0.0136   0.7521   0.5716  -0.0076   0.0000  -0.0601  -0.1737    0.355
    51  38.5467  28.7882   1.5650   4.0357   2.4467   2.2883   0.0147   0.7499   0.5698  -0.0076   0.0000  -0.0598  -0.1731    0.355
    52  38.9130  29.3807   1.6168   3.8896   2.2675   2.1961   0.0162   0.7467   0.5674  -0.0076   0.0000  -0.0594  -0.1722    0.355
    53  39.2646  29.9494   1.6666   3.7494   2.0939   2.1044   0.0179   0.7423   0.5641  -0.0076   0.0000  -0.0588  -0.1710    0.354
    54  39.6008  30.4931   1.7142   3.6154   1.9264   2.0124   0.0200   0.7361   0.5594  -0.0075   0.0000  -0.0580  -0.1693    0.354
    55  39.9208  31.0107   1.7595   3.4878   1.7654   1.9194   0.0225   0.7278   0.5531  -0.0074   0.0000  -0.0571  -0.1672    0.353
    56  40.2241  31.5013   1.8024   3.3669   1.6109   1.8242   0.0253   0.7165   0.5445  -0.0073   0.0000  -0.0558  -0.1643    0.353
    57  40.5101  31.9637   1.8428   3.2529   1.4631   1.7257   0.0282   0.7016   0.5331  -0.0071   0.0000  -0.0543  -0.1605    0.352
    58  40.7780  32.3972   1.8807   3.1461   1.3219   1.6225   0.0310   0.6820   0.5183  -0.0068   0.0000  -0.0525  -0.1558    0.351
    59  41.0275  32.8007   1.9161   3.0466   1.1875   1.5138   0.0332   0.6571   0.4993  -0.0063   0.0000  -0.0507  -0.1502    0.351
    60  41.2443  33.1513   1.9467   2.9602   0.9321   1.4040   0.0344   0.6273   0.4767  -0.0063   0.0000  -0.0493  -0.1441    0.353
    61  41.4296  33.4511   1.9730   2.8863   0.8279   1.2944   0.0329   0.5935   0.4510  -0.0093   0.0000  -0.0485  -0.1379    0.358
    62  41.8525  33.7408   1.9984   2.6418   0.7761   1.1758   0.0304   2.0338   0.4463   0.0054   0.0000  -0.0292  -0.0596    0.315
    63  42.4709  34.0170   2.0225   2.2558   0.5879   1.0612   0.0379   2.1577   0.4735  -0.0143   0.0000  -0.0204  -0.0588    0.293
    64  43.0147  34.2599   2.0438   1.9163   0.4349   0.9440   0.0465   2.2642   0.4969  -0.0269   0.0000  -0.0139  -0.0586    0.278
    65  43.4828  34.4691   2.0621   1.6240   0.3131   0.8218   0.0573   2.3302   0.5114  -0.0387   0.0000  -0.0060  -0.0568    0.262
    66  43.8744  34.6440   2.0774   1.3796   0.2184   0.6915   0.0690   2.3135   0.5077  -0.0507   0.0000   0.0057  -0.0516    0.239
    67  44.1886  34.7843   2.0896   1.1834   0.1461   0.5513   0.0787   2.1562   0.4732  -0.0628   0.0000   0.0208  -0.0417    0.206
    68  44.4248  34.8899   2.0989   1.0359   0.0915   0.4013   0.0854   1.8010   0.3952  -0.0719   0.0000   0.0337  -0.0281    0.165
    69  44.5826  34.9603   2.1050   0.9375   0.0498   0.2438   0.0894   1.2183   0.2674  -0.0704   0.0000   0.0339  -0.0143    0.123
    70  44.6615  34.9956   2.1081   0.8882   0.0157   0.0818   0.0917   0.4390   0.0963  -0.0437   0.0000   0.0146  -0.0040    0.098

  Surface # 2     main_wing (YDUP)                        
     # Chordwise = 10   # Spanwise = 70     First strip = 71
     Surface area Ssurf =  250.220834     Ave. chord Cave =    7.118896

 Forces referred to Sref, Cref, Bref about Xref, Yref, Zref
 Standard axis orientation,  X fwd, Z down         
     CLsurf  =   0.28911     Clsurf  =   0.05420
     CYsurf  =   0.01832     Cmsurf  =  -1.09107
     CDsurf  =   0.00667     Cnsurf  =  -0.00313
     CDisurf =   0.00667     CDvsurf =   0.00000

 Forces referred to Ssurf, Cave 
     CLsurf  =   0.56785     CDsurf  =   0.01307

 Strip Forces referred to Strip Area, Chord
    j     Xle      Yle      Zle      Chord    Area     c_cl     ai     cl_norm    cl       cd       cdv    cm_c/4     cm_LE   C.P.x/c
    71  22.4080  -0.0042  -0.9570  12.4590   0.2104   6.4560   0.0343   0.5176   0.5176   0.0291   0.0000  -0.0446   0.1741    0.336
    72  22.4080  -0.0380  -0.9570  12.4590   0.6307   6.4560   0.0343   0.5176   0.5176   0.0290   0.0000  -0.0446   0.1741    0.336
    73  22.4080  -0.1054  -0.9570  12.4590   1.0498   6.4566   0.0343   0.5177   0.5177   0.0288   0.0000  -0.0446   0.1742    0.336
    74  22.4080  -0.2065  -0.9570  12.4590   1.4668   6.4585   0.0342   0.5179   0.5179   0.0286   0.0000  -0.0447   0.1743    0.336
    75  22.4080  -0.3408  -0.9570  12.4590   1.8808   6.4631   0.0341   0.5182   0.5182   0.0284   0.0000  -0.0450   0.1747    0.337
    76  22.4080  -0.5083  -0.9570  12.4590   2.2910   6.4721   0.0338   0.5190   0.5190   0.0283   0.0000  -0.0456   0.1754    0.338
    77  22.4080  -0.7085  -0.9570  12.4590   2.6966   6.4879   0.0333   0.5203   0.5203   0.0284   0.0000  -0.0465   0.1767    0.339
    78  22.4080  -0.9411  -0.9570  12.4590   3.0968   6.5138   0.0325   0.5223   0.5223   0.0286   0.0000  -0.0479   0.1786    0.342
    79  22.4080  -1.2055  -0.9570  12.4590   3.4907   6.5543   0.0311   0.5255   0.5255   0.0291   0.0000  -0.0502   0.1817    0.345
    80  22.4080  -1.5013  -0.9570  12.4590   3.8776   6.6166   0.0287   0.5305   0.5305   0.0299   0.0000  -0.0535   0.1863    0.351
    81  22.4080  -1.8278  -0.9570  12.4590   4.2567   6.7129   0.0248   0.5381   0.5381   0.0314   0.0000  -0.0585   0.1932    0.359
    82  22.4080  -2.1844  -0.9570  12.4590   4.6273   6.8690   0.0192   0.5504   0.5504   0.0341   0.0000  -0.0661   0.2039    0.370
    83  22.4080  -2.5704  -0.9570  12.4590   4.9885   7.1757   0.0119   0.5742   0.5742   0.0453   0.0000  -0.0790   0.2230    0.388
    84  22.5966  -3.0754  -0.9200  12.2979   7.5875   7.8708   0.4255   0.7925   0.6338   0.0991   0.0000  -0.1084   0.2300    0.421
    85  22.9924  -3.7075  -0.8424  11.9598   7.8494   7.8100   0.4235   0.8095   0.6474   0.0925   0.0000  -0.1076   0.2322    0.416
    86  23.3450  -4.2708  -0.7732  11.6585   5.5431   6.9281   0.0076   0.7427   0.5940   0.0286   0.0000  -0.0730   0.1903    0.373
    87  23.6484  -4.7553  -0.7137  11.3993   5.7056   6.5262   0.0110   0.7158   0.5725   0.0253   0.0000  -0.0576   0.1726    0.351
    88  23.9670  -5.2641  -0.6513  11.1271   5.8372   6.2438   0.0143   0.7018   0.5613   0.0223   0.0000  -0.0474   0.1615    0.335
    89  24.3002  -5.7964  -0.5859  10.8424   5.9373   6.0191   0.0172   0.6946   0.5555   0.0197   0.0000  -0.0400   0.1540    0.322
    90  24.6474  -6.3509  -0.5178  10.5458   6.0058   5.8278   0.0195   0.6917   0.5532   0.0173   0.0000  -0.0344   0.1487    0.312
    91  25.0079  -6.9266  -0.4471  10.2379   6.0430   5.6578   0.0209   0.6920   0.5534   0.0152   0.0000  -0.0301   0.1450    0.304
    92  25.3809  -7.5223  -0.3740   9.9192   6.0490   5.5017   0.0213   0.6947   0.5556   0.0132   0.0000  -0.0267   0.1426    0.298
    93  25.7657  -8.1368  -0.2985   9.5905   6.0244   5.3549   0.0205   0.6995   0.5595   0.0114   0.0000  -0.0242   0.1413    0.293
    94  26.1614  -8.7690  -0.2209   9.2523   5.9700   5.2143   0.0183   0.7063   0.5648   0.0097   0.0000  -0.0223   0.1408    0.289
    95  26.5674  -9.4174  -0.1413   8.9055   5.8867   5.0776   0.0139   0.7147   0.5716   0.0082   0.0000  -0.0210   0.1412    0.287
    96  27.0024 -10.1168  -0.0685   8.6379   6.4402   4.9430   0.0111   0.7551   0.5738   0.0067   0.0000  -0.0184   0.1391    0.282
    97  27.4662 -10.8669  -0.0029   8.4530   6.4244   4.8304   0.0127   0.7542   0.5732   0.0054   0.0000  -0.0166   0.1374    0.279
    98  27.9384 -11.6306   0.0640   8.2648   6.3881   4.7221   0.0136   0.7542   0.5732   0.0043   0.0000  -0.0153   0.1363    0.277
    99  28.4181 -12.4065   0.1318   8.0736   6.3319   4.6159   0.0144   0.7549   0.5736   0.0033   0.0000  -0.0145   0.1357    0.275
   100  28.9043 -13.1928   0.2006   7.8797   6.2569   4.5107   0.0153   0.7559   0.5744   0.0025   0.0000  -0.0140   0.1354    0.274
   101  29.3961 -13.9881   0.2702   7.6837   6.1641   4.4056   0.0161   0.7572   0.5754   0.0018   0.0000  -0.0137   0.1354    0.274
   102  29.8923 -14.7908   0.3404   7.4858   6.0545   4.2999   0.0167   0.7586   0.5765   0.0012   0.0000  -0.0136   0.1355    0.274
   103  30.3921 -15.5992   0.4112   7.2866   5.9293   4.1932   0.0172   0.7601   0.5776   0.0006   0.0000  -0.0136   0.1357    0.274
   104  30.8945 -16.4116   0.4822   7.0863   5.7897   4.0850   0.0175   0.7615   0.5787   0.0001   0.0000  -0.0137   0.1361    0.274
   105  31.3984 -17.2266   0.5535   6.8855   5.6369   3.9751   0.0176   0.7627   0.5795  -0.0004   0.0000  -0.0140   0.1364    0.274
   106  31.9027 -18.0423   0.6249   6.6844   5.4723   3.8631   0.0175   0.7635   0.5802  -0.0008   0.0000  -0.0143   0.1369    0.275
   107  32.4066 -18.8573   0.6962   6.4835   5.2972   3.7489   0.0171   0.7639   0.5805  -0.0011   0.0000  -0.0149   0.1374    0.276
   108  32.9089 -19.6698   0.7673   6.2832   5.1129   3.6327   0.0164   0.7639   0.5805  -0.0012   0.0000  -0.0159   0.1382    0.277
   109  33.4087 -20.4781   0.8380   6.0840   4.9207   3.5150   0.0155   0.7633   0.5800  -0.0010   0.0000  -0.0176   0.1396    0.280
   110  33.9050 -21.2808   0.9082   5.8861   4.7221   3.3968   0.0144   0.7623   0.5793   0.0002   0.0000  -0.0208   0.1422    0.286
   111  34.3967 -22.0761   0.9778   5.6901   4.5183   3.2801   0.0132   0.7608   0.5782   0.0055   0.0000  -0.0273   0.1476    0.297
   112  34.7955 -22.7211   1.0342   5.5311   2.7734   3.1812   0.0125   0.7623   0.5793  -0.0223   0.0000  -0.0485   0.1652    0.334
   113  35.1799 -23.3428   1.0886   5.3779   4.0090   3.0853   0.0119   0.7593   0.5770  -0.0129   0.0000  -0.0553   0.1707    0.346
   114  35.6353 -24.0794   1.1531   5.1963   3.8090   2.9784   0.0115   0.7583   0.5762  -0.0099   0.0000  -0.0581   0.1730    0.351
   115  36.0826 -24.8028   1.2163   5.0180   3.6083   2.8733   0.0114   0.7574   0.5755  -0.0087   0.0000  -0.0594   0.1739    0.353
   116  36.5209 -25.5117   1.2784   4.8433   3.4082   2.7705   0.0114   0.7566   0.5749  -0.0081   0.0000  -0.0600   0.1743    0.354
   117  36.9492 -26.2045   1.3390   4.6725   3.2096   2.6702   0.0117   0.7558   0.5743  -0.0078   0.0000  -0.0603   0.1744    0.355
   118  37.3668 -26.8799   1.3981   4.5060   3.0133   2.5721   0.0121   0.7549   0.5737  -0.0077   0.0000  -0.0603   0.1743    0.355
   119  37.7728 -27.5366   1.4555   4.3442   2.8202   2.4759   0.0128   0.7537   0.5728  -0.0076   0.0000  -0.0603   0.1741    0.355
   120  38.1664 -28.1731   1.5112   4.1873   2.6312   2.3814   0.0136   0.7521   0.5716  -0.0076   0.0000  -0.0601   0.1737    0.355
   121  38.5467 -28.7882   1.5650   4.0357   2.4467   2.2883   0.0147   0.7499   0.5698  -0.0076   0.0000  -0.0598   0.1731    0.355
   122  38.9130 -29.3807   1.6168   3.8896   2.2675   2.1961   0.0162   0.7467   0.5674  -0.0076   0.0000  -0.0594   0.1722    0.355
   123  39.2646 -29.9494   1.6666   3.7494   2.0939   2.1044   0.0179   0.7423   0.5641  -0.0076   0.0000  -0.0588   0.1710    0.354
   124  39.6008 -30.4931   1.7142   3.6154   1.9264   2.0124   0.0200   0.7361   0.5594  -0.0075   0.0000  -0.0580   0.1693    0.354
   125  39.9208 -31.0107   1.7595   3.4878   1.7654   1.9194   0.0225   0.7278   0.5531  -0.0074   0.0000  -0.0571   0.1672    0.353
   126  40.2241 -31.5013   1.8024   3.3669   1.6109   1.8242   0.0253   0.7165   0.5445  -0.0073   0.0000  -0.0558   0.1643    0.353
   127  40.5101 -31.9637   1.8428   3.2529   1.4631   1.7257   0.0282   0.7016   0.5331  -0.0071   0.0000  -0.0543   0.1605    0.352
   128  40.7780 -32.3972   1.8807   3.1461   1.3219   1.6225   0.0310   0.6820   0.5183  -0.0068   0.0000  -0.0525   0.1558    0.351
   129  41.0275 -32.8007   1.9161   3.0466   1.1875   1.5138   0.0332   0.6571   0.4993  -0.0063   0.0000  -0.0507   0.1502    0.351
   130  41.2443 -33.1513   1.9467   2.9602   0.9321   1.4040   0.0344   0.6273   0.4767  -0.0063   0.0000  -0.0493   0.1441    0.353
   131  41.4296 -33.4511   1.9730   2.8863   0.8279   1.2944   0.0329   0.5935   0.4510  -0.0093   0.0000  -0.0485   0.1379    0.358
   132  41.8525 -33.7408   1.9984   2.6418   0.7761   1.1758   0.0304   2.0338   0.4463   0.0054   0.0000  -0.0292   0.0596    0.315
   133  42.4709 -34.0170   2.0225   2.2558   0.5879   1.0612   0.0379   2.1577   0.4735  -0.0143   0.0000  -0.0204   0.0588    0.293
   134  43.0147 -34.2599   2.0438   1.9163   0.4349   0.9440   0.0465   2.2642   0.4969  -0.0269   0.0000  -0.0139   0.0586    0.278
   135  43.4828 -34.4691   2.0621   1.6240   0.3131   0.8218   0.0573   2.3302   0.5114  -0.0387   0.0000  -0.0060   0.0568    0.262
   136  43.8744 -34.6440   2.0774   1.3796   0.2184   0.6915   0.0690   2.3135   0.5077  -0.0507   0.0000   0.0057   0.0516    0.239
   137  44.1886 -34.7843   2.0896   1.1834   0.1461   0.5513   0.0787   2.1562   0.4732  -0.0628   0.0000   0.0208   0.0417    0.206
   138  44.4248 -34.8899   2.0989   1.0359   0.0915   0.4013   0.0854   1.8010   0.3952  -0.0719   0.0000   0.0337   0.0281    0.165
   139  44.5826 -34.9603   2.1050   0.9375   0.0498   0.2438   0.0894   1.2183   0.2674  -0.0704   0.0000   0.0339   0.0143    0.123
   140  44.6615 -34.9956   2.1081   0.8882   0.0157   0.0818   0.0917   0.4390   0.0963  -0.0437   0.0000   0.0146   0.0040    0.098

  Surface # 3     horizontal_stabilizer                   
     # Chordwise = 10   # Spanwise = 70     First strip =141
     Surface area Ssurf =   33.045236     Ave. chord Cave =    3.385454

 Forces referred to Sref, Cref, Bref about Xref, Yref, Zref
 Standard axis orientation,  X fwd, Z down         
     CLsurf  =   0.00799     Clsurf  =  -0.00056
     CYsurf  =  -0.00089     Cmsurf  =  -0.05638
     CDsurf  =   0.00051     Cnsurf  =   0.00073
     CDisurf =   0.00051     CDvsurf =   0.00000

 Forces referred to Ssurf, Cave 
     CLsurf  =   0.11930     CDsurf  =   0.00762

 Strip Forces referred to Strip Area, Chord
    j     Xle      Yle      Zle      Chord    Area     c_cl     ai     cl_norm    cl       cd       cdv    cm_c/4     cm_LE   C.P.x/c
   141  55.3378   0.0012   2.0821   4.5667   0.0218   0.5204   0.0820   0.1433   0.1065   0.0904   0.0000  -0.0061  -0.0295    0.307
   142  55.3439   0.0107   2.0832   4.5644   0.0654   0.4338   0.0822   0.1266   0.0940   0.0155   0.0000  -0.0060  -0.0254    0.314
   143  55.3560   0.0296   2.0853   4.5598   0.1087   0.4270   0.0826   0.1254   0.0932   0.0097   0.0000  -0.0059  -0.0251    0.314
   144  55.3743   0.0580   2.0884   4.5529   0.1516   0.4252   0.0830   0.1252   0.0930   0.0082   0.0000  -0.0059  -0.0249    0.313
   145  55.3985   0.0958   2.0926   4.5437   0.1940   0.4246   0.0834   0.1253   0.0931   0.0077   0.0000  -0.0057  -0.0248    0.311
   146  55.4288   0.1429   2.0978   4.5322   0.2357   0.4245   0.0837   0.1256   0.0934   0.0074   0.0000  -0.0055  -0.0247    0.309
   147  55.4649   0.1992   2.1040   4.5185   0.2766   0.4245   0.0840   0.1260   0.0937   0.0073   0.0000  -0.0052  -0.0246    0.306
   148  55.5069   0.2646   2.1112   4.5025   0.3165   0.4246   0.0843   0.1265   0.0940   0.0073   0.0000  -0.0050  -0.0244    0.303
   149  55.5546   0.3389   2.1194   4.4844   0.3554   0.4248   0.0846   0.1271   0.0945   0.0072   0.0000  -0.0046  -0.0242    0.299
   150  55.6080   0.4221   2.1286   4.4642   0.3930   0.4251   0.0849   0.1278   0.0950   0.0072   0.0000  -0.0043  -0.0240    0.295
   151  55.6670   0.5139   2.1387   4.4418   0.4292   0.4253   0.0852   0.1285   0.0955   0.0072   0.0000  -0.0040  -0.0239    0.292
   152  55.7314   0.6141   2.1498   4.4174   0.4640   0.4254   0.0855   0.1293   0.0961   0.0071   0.0000  -0.0037  -0.0237    0.288
   153  55.8011   0.7227   2.1618   4.3910   0.4973   0.4255   0.0858   0.1301   0.0967   0.0071   0.0000  -0.0033  -0.0236    0.285
   154  55.8759   0.8392   2.1746   4.3626   0.5288   0.4256   0.0861   0.1309   0.0973   0.0071   0.0000  -0.0031  -0.0235    0.281
   155  55.9558   0.9636   2.1884   4.3323   0.5586   0.4255   0.0863   0.1318   0.0980   0.0071   0.0000  -0.0028  -0.0234    0.278
   156  56.0405   1.0955   2.2029   4.3001   0.5866   0.4253   0.0866   0.1328   0.0987   0.0071   0.0000  -0.0025  -0.0233    0.276
   157  56.1315   1.2373   2.2186   4.2656   0.6352   0.4250   0.0868   0.1337   0.0994   0.0071   0.0000  -0.0023  -0.0233    0.273
   158  56.2289   1.3889   2.2353   4.2287   0.6600   0.4245   0.0870   0.1348   0.1001   0.0071   0.0000  -0.0021  -0.0233    0.271
   159  56.3307   1.5475   2.2528   4.1900   0.6826   0.4239   0.0871   0.1358   0.1009   0.0071   0.0000  -0.0019  -0.0233    0.269
   160  56.4368   1.7127   2.2711   4.1498   0.7031   0.4233   0.0872   0.1369   0.1018   0.0072   0.0000  -0.0018  -0.0234    0.267
   161  56.5469   1.8842   2.2900   4.1080   0.7214   0.4225   0.0872   0.1381   0.1026   0.0072   0.0000  -0.0016  -0.0234    0.266
   162  56.6609   2.0617   2.3096   4.0648   0.7375   0.4218   0.0870   0.1393   0.1035   0.0072   0.0000  -0.0015  -0.0235    0.265
   163  56.7785   2.2448   2.3298   4.0202   0.7513   0.4210   0.0868   0.1406   0.1045   0.0073   0.0000  -0.0014  -0.0237    0.264
   164  56.8994   2.4331   2.3506   3.9743   0.7630   0.4204   0.0864   0.1420   0.1055   0.0073   0.0000  -0.0014  -0.0238    0.263
   165  57.0234   2.6263   2.3719   3.9273   0.7724   0.4199   0.0858   0.1436   0.1067   0.0074   0.0000  -0.0013  -0.0240    0.262
   166  57.1504   2.8240   2.3937   3.8791   0.7796   0.4196   0.0851   0.1452   0.1079   0.0074   0.0000  -0.0013  -0.0243    0.262
   167  57.2799   3.0257   2.4160   3.8300   0.7846   0.4195   0.0841   0.1471   0.1093   0.0075   0.0000  -0.0012  -0.0245    0.261
   168  57.4118   3.2311   2.4387   3.7800   0.7875   0.4197   0.0830   0.1491   0.1108   0.0075   0.0000  -0.0012  -0.0248    0.260
   169  57.5458   3.4398   2.4617   3.7292   0.7883   0.4203   0.0817   0.1513   0.1125   0.0076   0.0000  -0.0011  -0.0251    0.260
   170  57.6816   3.6513   2.4851   3.6777   0.7871   0.4212   0.0802   0.1538   0.1143   0.0077   0.0000  -0.0011  -0.0255    0.259
   171  57.8189   3.8651   2.5087   3.6256   0.7840   0.4224   0.0786   0.1565   0.1163   0.0078   0.0000  -0.0010  -0.0258    0.259
   172  57.9575   4.0810   2.5325   3.5730   0.7789   0.4239   0.0769   0.1593   0.1184   0.0079   0.0000  -0.0009  -0.0262    0.258
   173  58.0971   4.2984   2.5565   3.5200   0.7721   0.4257   0.0751   0.1624   0.1207   0.0080   0.0000  -0.0008  -0.0267    0.257
   174  58.2374   4.5169   2.5806   3.4668   0.7635   0.4277   0.0733   0.1657   0.1231   0.0081   0.0000  -0.0007  -0.0271    0.256
   175  58.3781   4.7361   2.6048   3.4134   0.7532   0.4299   0.0716   0.1692   0.1257   0.0081   0.0000  -0.0006  -0.0275    0.255
   176  58.5190   4.9555   2.6291   3.3600   0.7414   0.4320   0.0699   0.1727   0.1284   0.0082   0.0000  -0.0005  -0.0280    0.254
   177  58.6597   5.1746   2.6533   3.3066   0.7282   0.4341   0.0683   0.1764   0.1311   0.0083   0.0000  -0.0004  -0.0285    0.253
   178  58.8000   5.3931   2.6774   3.2534   0.7136   0.4361   0.0669   0.1801   0.1338   0.0084   0.0000  -0.0002  -0.0289    0.251
   179  58.9396   5.6105   2.7014   3.2005   0.6977   0.4378   0.0655   0.1838   0.1366   0.0085   0.0000  -0.0000  -0.0294    0.250
   180  59.0783   5.8264   2.7252   3.1479   0.6807   0.4391   0.0644   0.1874   0.1393   0.0085   0.0000   0.0002  -0.0298    0.249
   181  59.2156   6.0403   2.7488   3.0958   0.6626   0.4399   0.0634   0.1909   0.1419   0.0086   0.0000   0.0004  -0.0302    0.247
   182  59.3514   6.2518   2.7722   3.0443   0.6435   0.4402   0.0625   0.1943   0.1444   0.0086   0.0000   0.0006  -0.0305    0.246
   183  59.4854   6.4604   2.7952   2.9935   0.6236   0.4398   0.0618   0.1974   0.1467   0.0086   0.0000   0.0009  -0.0308    0.244
   184  59.6173   6.6658   2.8179   2.9434   0.6030   0.4386   0.0613   0.2003   0.1488   0.0086   0.0000   0.0012  -0.0310    0.242
   185  59.7468   6.8676   2.8402   2.8943   0.5816   0.4367   0.0609   0.2028   0.1507   0.0086   0.0000   0.0015  -0.0311    0.240
   186  59.8737   7.0652   2.8620   2.8462   0.5597   0.4338   0.0607   0.2049   0.1522   0.0086   0.0000   0.0018  -0.0312    0.238
   187  59.9978   7.2584   2.8833   2.7991   0.5373   0.4299   0.0606   0.2065   0.1534   0.0085   0.0000   0.0022  -0.0311    0.236
   188  60.1187   7.4468   2.9041   2.7532   0.5146   0.4250   0.0606   0.2075   0.1542   0.0085   0.0000   0.0026  -0.0309    0.233
   189  60.2363   7.6298   2.9243   2.7086   0.4914   0.4190   0.0608   0.2080   0.1546   0.0084   0.0000   0.0031  -0.0306    0.230
   190  60.3502   7.8073   2.9439   2.6654   0.4681   0.4118   0.0611   0.2077   0.1544   0.0082   0.0000   0.0036  -0.0302    0.227
   191  60.4604   7.9789   2.9629   2.6236   0.4445   0.4034   0.0614   0.2067   0.1536   0.0081   0.0000   0.0041  -0.0295    0.223
   192  60.5664   8.1441   2.9811   2.5834   0.4209   0.3937   0.0619   0.2049   0.1523   0.0079   0.0000   0.0047  -0.0287    0.219
   193  60.6683   8.3026   2.9986   2.5448   0.3972   0.3825   0.0624   0.2022   0.1502   0.0077   0.0000   0.0054  -0.0278    0.214
   194  60.7656   8.4543   3.0153   2.5078   0.3735   0.3700   0.0630   0.1984   0.1475   0.0074   0.0000   0.0060  -0.0266    0.209
   195  60.8583   8.5986   3.0313   2.4727   0.3498   0.3560   0.0636   0.1937   0.1439   0.0071   0.0000   0.0067  -0.0253    0.204
   196  60.9461   8.7354   3.0464   2.4394   0.3262   0.3406   0.0642   0.1878   0.1396   0.0068   0.0000   0.0074  -0.0238    0.197
   197  61.0289   8.8643   3.0606   2.4080   0.3027   0.3237   0.0648   0.1808   0.1344   0.0064   0.0000   0.0080  -0.0222    0.191
   198  61.1050   8.9828   3.0737   2.3791   0.2681   0.3056   0.0654   0.1728   0.1284   0.0060   0.0000   0.0085  -0.0204    0.184
   199  61.1744   9.0908   3.0856   2.3528   0.2460   0.2865   0.0660   0.1639   0.1218   0.0055   0.0000   0.0090  -0.0186    0.176
   200  61.2384   9.1906   3.0966   2.3285   0.2239   0.2662   0.0665   0.1538   0.1143   0.0050   0.0000   0.0093  -0.0167    0.169
   201  61.2971   9.2820   3.1067   2.3063   0.2021   0.2447   0.0670   0.1428   0.1061   0.0045   0.0000   0.0095  -0.0148    0.161
   202  61.3502   9.3647   3.1159   2.2861   0.1803   0.2221   0.0675   0.1308   0.0972   0.0040   0.0000   0.0094  -0.0129    0.153
   203  61.3977   9.4387   3.1240   2.2681   0.1587   0.1985   0.0679   0.1178   0.0876   0.0035   0.0000   0.0092  -0.0111    0.145
   204  61.4395   9.5038   3.1312   2.2523   0.1372   0.1740   0.0682   0.1040   0.0773   0.0029   0.0000   0.0087  -0.0093    0.138
   205  61.4755   9.5598   3.1374   2.2386   0.1159   0.1487   0.0685   0.0894   0.0665   0.0023   0.0000   0.0079  -0.0076    0.131
   206  61.5056   9.6066   3.1426   2.2272   0.0946   0.1226   0.0688   0.0742   0.0551   0.0018   0.0000   0.0069  -0.0060    0.124
   207  61.5297   9.6442   3.1467   2.2181   0.0735   0.0960   0.0690   0.0583   0.0433   0.0012   0.0000   0.0057  -0.0045    0.119
   208  61.5479   9.6725   3.1498   2.2112   0.0524   0.0689   0.0692   0.0420   0.0312   0.0006   0.0000   0.0042  -0.0031    0.115
   209  61.5600   9.6914   3.1519   2.2066   0.0314   0.0415   0.0693   0.0254   0.0189  -0.0001   0.0000   0.0026  -0.0019    0.112
   210  61.5660   9.7008   3.1530   2.2043   0.0105   0.0138   0.0693   0.0085   0.0064  -0.0005   0.0000   0.0009  -0.0006    0.112

  Surface # 4     horizontal_stabilizer (YDUP)            
     # Chordwise = 10   # Spanwise = 70     First strip =211
     Surface area Ssurf =   33.045236     Ave. chord Cave =    3.385454

 Forces referred to Sref, Cref, Bref about Xref, Yref, Zref
 Standard axis orientation,  X fwd, Z down         
     CLsurf  =   0.00799     Clsurf  =   0.00056
     CYsurf  =   0.00089     Cmsurf  =  -0.05638
     CDsurf  =   0.00051     Cnsurf  =  -0.00073
     CDisurf =   0.00051     CDvsurf =   0.00000

 Forces referred to Ssurf, Cave 
     CLsurf  =   0.11930     CDsurf  =   0.00762

 Strip Forces referred to Strip Area, Chord
    j     Xle      Yle      Zle      Chord    Area     c_cl     ai     cl_norm    cl       cd       cdv    cm_c/4     cm_LE   C.P.x/c
   211  55.3378  -0.0012   2.0821   4.5667   0.0218   0.5204   0.0820   0.1433   0.1065   0.0904   0.0000  -0.0061   0.0295    0.307
   212  55.3439  -0.0107   2.0832   4.5644   0.0654   0.4338   0.0822   0.1266   0.0940   0.0155   0.0000  -0.0060   0.0254    0.314
   213  55.3560  -0.0296   2.0853   4.5598   0.1087   0.4270   0.0826   0.1254   0.0932   0.0097   0.0000  -0.0059   0.0251    0.314
   214  55.3743  -0.0580   2.0884   4.5529   0.1516   0.4252   0.0830   0.1252   0.0930   0.0082   0.0000  -0.0059   0.0249    0.313
   215  55.3985  -0.0958   2.0926   4.5437   0.1940   0.4246   0.0834   0.1253   0.0931   0.0077   0.0000  -0.0057   0.0248    0.311
   216  55.4288  -0.1429   2.0978   4.5322   0.2357   0.4245   0.0837   0.1256   0.0934   0.0074   0.0000  -0.0055   0.0247    0.309
   217  55.4649  -0.1992   2.1040   4.5185   0.2766   0.4245   0.0840   0.1260   0.0937   0.0073   0.0000  -0.0052   0.0246    0.306
   218  55.5069  -0.2646   2.1112   4.5025   0.3165   0.4246   0.0843   0.1265   0.0940   0.0073   0.0000  -0.0050   0.0244    0.303
   219  55.5546  -0.3389   2.1194   4.4844   0.3554   0.4248   0.0846   0.1271   0.0945   0.0072   0.0000  -0.0046   0.0242    0.299
   220  55.6080  -0.4221   2.1286   4.4642   0.3930   0.4251   0.0849   0.1278   0.0950   0.0072   0.0000  -0.0043   0.0240    0.295
   221  55.6670  -0.5139   2.1387   4.4418   0.4292   0.4253   0.0852   0.1285   0.0955   0.0072   0.0000  -0.0040   0.0239    0.292
   222  55.7314  -0.6141   2.1498   4.4174   0.4640   0.4254   0.0855   0.1293   0.0961   0.0071   0.0000  -0.0037   0.0237    0.288
   223  55.8011  -0.7227   2.1618   4.3910   0.4973   0.4255   0.0858   0.1301   0.0967   0.0071   0.0000  -0.0033   0.0236    0.285
   224  55.8759  -0.8392   2.1746   4.3626   0.5288   0.4256   0.0861   0.1309   0.0973   0.0071   0.0000  -0.0031   0.0235    0.281
   225  55.9558  -0.9636   2.1884   4.3323   0.5586   0.4255   0.0863   0.1318   0.0980   0.0071   0.0000  -0.0028   0.0234    0.278
   226  56.0405  -1.0955   2.2029   4.3001   0.5866   0.4253   0.0866   0.1328   0.0987   0.0071   0.0000  -0.0025   0.0233    0.276
   227  56.1315  -1.2373   2.2186   4.2656   0.6352   0.4250   0.0868   0.1337   0.0994   0.0071   0.0000  -0.0023   0.0233    0.273
   228  56.2289  -1.3889   2.2353   4.2287   0.6600   0.4245   0.0870   0.1348   0.1001   0.0071   0.0000  -0.0021   0.0233    0.271
   229  56.3307  -1.5475   2.2528   4.1900   0.6826   0.4239   0.0871   0.1358   0.1009   0.0071   0.0000  -0.0019   0.0233    0.269
   230  56.4368  -1.7127   2.2711   4.1498   0.7031   0.4233   0.0872   0.1369   0.1018   0.0072   0.0000  -0.0018   0.0234    0.267
   231  56.5469  -1.8842   2.2900   4.1080   0.7214   0.4225   0.0872   0.1381   0.1026   0.0072   0.0000  -0.0016   0.0234    0.266
   232  56.6609  -2.0617   2.3096   4.0648   0.7375   0.4218   0.0870   0.1393   0.1035   0.0072   0.0000  -0.0015   0.0235    0.265
   233  56.7785  -2.2448   2.3298   4.0202   0.7513   0.4210   0.0868   0.1406   0.1045   0.0073   0.0000  -0.0014   0.0237    0.264
   234  56.8994  -2.4331   2.3506   3.9743   0.7630   0.4204   0.0864   0.1420   0.1055   0.0073   0.0000  -0.0014   0.0238    0.263
   235  57.0234  -2.6263   2.3719   3.9273   0.7724   0.4199   0.0858   0.1436   0.1067   0.0074   0.0000  -0.0013   0.0240    0.262
   236  57.1504  -2.8240   2.3937   3.8791   0.7796   0.4196   0.0851   0.1452   0.1079   0.0074   0.0000  -0.0013   0.0243    0.262
   237  57.2799  -3.0257   2.4160   3.8300   0.7846   0.4195   0.0841   0.1471   0.1093   0.0075   0.0000  -0.0012   0.0245    0.261
   238  57.4118  -3.2311   2.4387   3.7800   0.7875   0.4197   0.0830   0.1491   0.1108   0.0075   0.0000  -0.0012   0.0248    0.260
   239  57.5458  -3.4398   2.4617   3.7292   0.7883   0.4203   0.0817   0.1513   0.1125   0.0076   0.0000  -0.0011   0.0251    0.260
   240  57.6816  -3.6513   2.4851   3.6777   0.7871   0.4212   0.0802   0.1538   0.1143   0.0077   0.0000  -0.0011   0.0255    0.259
   241  57.8189  -3.8651   2.5087   3.6256   0.7840   0.4224   0.0786   0.1565   0.1163   0.0078   0.0000  -0.0010   0.0258    0.259
   242  57.9575  -4.0810   2.5325   3.5730   0.7789   0.4239   0.0769   0.1593   0.1184   0.0079   0.0000  -0.0009   0.0262    0.258
   243  58.0971  -4.2984   2.5565   3.5200   0.7721   0.4257   0.0751   0.1624   0.1207   0.0080   0.0000  -0.0008   0.0267    0.257
   244  58.2374  -4.5169   2.5806   3.4668   0.7635   0.4277   0.0733   0.1657   0.1231   0.0081   0.0000  -0.0007   0.0271    0.256
   245  58.3781  -4.7361   2.6048   3.4134   0.7532   0.4299   0.0716   0.1692   0.1257   0.0081   0.0000  -0.0006   0.0275    0.255
   246  58.5190  -4.9555   2.6291   3.3600   0.7414   0.4320   0.0699   0.1727   0.1284   0.0082   0.0000  -0.0005   0.0280    0.254
   247  58.6597  -5.1746   2.6533   3.3066   0.7282   0.4341   0.0683   0.1764   0.1311   0.0083   0.0000  -0.0004   0.0285    0.253
   248  58.8000  -5.3931   2.6774   3.2534   0.7136   0.4361   0.0669   0.1801   0.1338   0.0084   0.0000  -0.0002   0.0289    0.251
   249  58.9396  -5.6105   2.7014   3.2005   0.6977   0.4378   0.0655   0.1838   0.1366   0.0085   0.0000  -0.0000   0.0294    0.250
   250  59.0783  -5.8264   2.7252   3.1479   0.6807   0.4391   0.0644   0.1874   0.1393   0.0085   0.0000   0.0002   0.0298    0.249
   251  59.2156  -6.0403   2.7488   3.0958   0.6626   0.4399   0.0634   0.1909   0.1419   0.0086   0.0000   0.0004   0.0302    0.247
   252  59.3514  -6.2518   2.7722   3.0443   0.6435   0.4402   0.0625   0.1943   0.1444   0.0086   0.0000   0.0006   0.0305    0.246
   253  59.4854  -6.4604   2.7952   2.9935   0.6236   0.4398   0.0618   0.1974   0.1467   0.0086   0.0000   0.0009   0.0308    0.244
   254  59.6173  -6.6658   2.8179   2.9434   0.6030   0.4386   0.0613   0.2003   0.1488   0.0086   0.0000   0.0012   0.0310    0.242
   255  59.7468  -6.8676   2.8402   2.8943   0.5816   0.4367   0.0609   0.2028   0.1507   0.0086   0.0000   0.0015   0.0311    0.240
   256  59.8737  -7.0652   2.8620   2.8462   0.5597   0.4338   0.0607   0.2049   0.1522   0.0086   0.0000   0.0018   0.0312    0.238
   257  59.9978  -7.2584   2.8833   2.7991   0.5373   0.4299   0.0606   0.2065   0.1534   0.0085   0.0000   0.0022   0.0311    0.236
   258  60.1187  -7.4468   2.9041   2.7532   0.5146   0.4250   0.0606   0.2075   0.1542   0.0085   0.0000   0.0026   0.0309    0.233
   259  60.2363  -7.6298   2.9243   2.7086   0.4914   0.4190   0.0608   0.2080   0.1546   0.0084   0.0000   0.0031   0.0306    0.230
   260  60.3502  -7.8073   2.9439   2.6654   0.4681   0.4118   0.0611   0.2077   0.1544   0.0082   0.0000   0.0036   0.0302    0.227
   261  60.4604  -7.9789   2.9629   2.6236   0.4445   0.4034   0.0614   0.2067   0.1536   0.0081   0.0000   0.0041   0.0295    0.223
   262  60.5664  -8.1441   2.9811   2.5834   0.4209   0.3937   0.0619   0.2049   0.1523   0.0079   0.0000   0.0047   0.0287    0.219
   263  60.6683  -8.3026   2.9986   2.5448   0.3972   0.3825   0.0624   0.2022   0.1502   0.0077   0.0000   0.0054   0.0278    0.214
   264  60.7656  -8.4543   3.0153   2.5078   0.3735   0.3700   0.0630   0.1984   0.1475   0.0074   0.0000   0.0060   0.0266    0.209
   265  60.8583  -8.5986   3.0313   2.4727   0.3498   0.3560   0.0636   0.1937   0.1439   0.0071   0.0000   0.0067   0.0253    0.204
   266  60.9461  -8.7354   3.0464   2.4394   0.3262   0.3406   0.0642   0.1878   0.1396   0.0068   0.0000   0.0074   0.0238    0.197
   267  61.0289  -8.8643   3.0606   2.4080   0.3027   0.3237   0.0648   0.1808   0.1344   0.0064   0.0000   0.0080   0.0222    0.191
   268  61.1050  -8.9828   3.0737   2.3791   0.2681   0.3056   0.0654   0.1728   0.1284   0.0060   0.0000   0.0085   0.0204    0.184
   269  61.1744  -9.0908   3.0856   2.3528   0.2460   0.2865   0.0660   0.1639   0.1218   0.0055   0.0000   0.0090   0.0186    0.176
   270  61.2384  -9.1906   3.0966   2.3285   0.2239   0.2662   0.0665   0.1538   0.1143   0.0050   0.0000   0.0093   0.0167    0.169
   271  61.2971  -9.2820   3.1067   2.3063   0.2021   0.2447   0.0670   0.1428   0.1061   0.0045   0.0000   0.0095   0.0148    0.161
   272  61.3502  -9.3647   3.1159   2.2861   0.1803   0.2221   0.0675   0.1308   0.0972   0.0040   0.0000   0.0094   0.0129    0.153
   273  61.3977  -9.4387   3.1240   2.2681   0.1587   0.1985   0.0679   0.1178   0.0876   0.0035   0.0000   0.0092   0.0111    0.145
   274  61.4395  -9.5038   3.1312   2.2523   0.1372   0.1740   0.0682   0.1040   0.0773   0.0029   0.0000   0.0087   0.0093    0.138
   275  61.4755  -9.5598   3.1374   2.2386   0.1159   0.1487   0.0685   0.0894   0.0665   0.0023   0.0000   0.0079   0.0076    0.131
   276  61.5056  -9.6066   3.1426   2.2272   0.0946   0.1226   0.0688   0.0742   0.0551   0.0018   0.0000   0.0069   0.0060    0.124
   277  61.5297  -9.6442   3.1467   2.2181   0.0735   0.0960   0.0690   0.0583   0.0433   0.0012   0.0000   0.0057   0.0045    0.119
   278  61.5479  -9.6725   3.1498   2.2112   0.0524   0.0689   0.0692   0.0420   0.0312   0.0006   0.0000   0.0042   0.0031    0.115
   279  61.5600  -9.6914   3.1519   2.2066   0.0314   0.0415   0.0693   0.0254   0.0189  -0.0001   0.0000   0.0026   0.0019    0.112
   280  61.5660  -9.7008   3.1530   2.2043   0.0105   0.0138   0.0693   0.0085   0.0064  -0.0005   0.0000   0.0009   0.0006    0.112

  Surface # 5     vertical_stabilizer                     
     # Chordwise = 10   # Spanwise = 70     First strip =281
     Surface area Ssurf =   45.713867     Ave. chord Cave =    5.520998

 Forces referred to Sref, Cref, Bref about Xref, Yref, Zref
 Standard axis orientation,  X fwd, Z down         
     CLsurf  =   0.00000     Clsurf  =  -0.00000
     CYsurf  =  -0.00000     Cmsurf  =  -0.00000
     CDsurf  =  -0.00000     Cnsurf  =   0.00000
     CDisurf =  -0.00000     CDvsurf =   0.00000

 Forces referred to Ssurf, Cave 
     CLsurf  =   0.00000     CDsurf  =  -0.00000

 Strip Forces referred to Strip Area, Chord
    j     Xle      Yle      Zle      Chord    Area     c_cl     ai     cl_norm    cl       cd       cdv    cm_c/4     cm_LE   C.P.x/c
   281  52.2101   0.0000   3.6002   7.9300   0.1771   0.0000   0.0000   0.0000   0.0000   0.0000   0.0000   0.0000  -0.0000   -0.007
   282  52.2358   0.0000   3.6263   7.9148   0.2360   0.0000  -0.0000   0.0000   0.0000   0.0000   0.0000   0.0000  -0.0000    0.012
   283  52.2688   0.0000   3.6599   7.8953   0.2943   0.0000   0.0000   0.0000   0.0000  -0.0000   0.0000   0.0000  -0.0000   -0.005
   284  52.3092   0.0000   3.7008   7.8713   0.3517   0.0000  -0.0000   0.0000   0.0000  -0.0000   0.0000   0.0000   0.0000   -0.226
   285  52.3568   0.0000   3.7492   7.8431   0.4080   0.0000  -0.0000   0.0000   0.0000  -0.0000   0.0000   0.0000   0.0000   -0.575
   286  52.4116   0.0000   3.8049   7.8107   0.4631   0.0000  -0.0000   0.0000   0.0000   0.0000   0.0000   0.0000   0.0000   -0.309
   287  52.4736   0.0000   3.8678   7.7740   0.5167   0.0000   0.0000   0.0000   0.0000  -0.0000   0.0000   0.0000  -0.0000   -0.055
   288  52.5425   0.0000   3.9378   7.7331   0.5687   0.0000  -0.0000   0.0000   0.0000   0.0000   0.0000   0.0000  -0.0000   -0.019
   289  52.6184   0.0000   4.0148   7.6882   0.6188   0.0000   0.0000   0.0000   0.0000  -0.0000   0.0000   0.0000  -0.0000    0.106
   290  52.7011   0.0000   4.0987   7.6392   0.6670   0.0000  -0.0000   0.0000   0.0000  -0.0000   0.0000   0.0000  -0.0000   -0.073
   291  52.7904   0.0000   4.1894   7.5863   0.7129   0.0000  -0.0000   0.0000   0.0000   0.0000   0.0000   0.0000  -0.0000   -0.001
   292  52.8862   0.0000   4.2867   7.5296   0.7566   0.0000  -0.0000   0.0000   0.0000  -0.0000   0.0000   0.0000   0.0000   -0.096
   293  52.9883   0.0000   4.3903   7.4691   0.7978   0.0000   0.0000   0.0000   0.0000  -0.0000   0.0000   0.0000  -0.0000    0.016
   294  53.0965   0.0000   4.5002   7.4050   0.8364   0.0000   0.0000   0.0000   0.0000   0.0000   0.0000   0.0000  -0.0000   -0.009
   295  53.2107   0.0000   4.6162   7.3374   0.8724   0.0000  -0.0000   0.0000   0.0000  -0.0000   0.0000   0.0000   0.0000   -0.159
   296  53.3307   0.0000   4.7380   7.2663   0.9056   0.0000   0.0000   0.0000   0.0000   0.0000   0.0000   0.0000   0.0000   -0.143
   297  53.4562   0.0000   4.8654   7.1920   0.9359   0.0000  -0.0000   0.0000   0.0000  -0.0000   0.0000   0.0000   0.0000   -0.792
   298  53.5870   0.0000   4.9982   7.1146   0.9633   0.0000  -0.0000   0.0000   0.0000   0.0000   0.0000   0.0000   0.0000   -0.644
   299  53.7228   0.0000   5.1361   7.0341   0.9877   0.0000  -0.0000   0.0000   0.0000  -0.0000   0.0000   0.0000   0.0000   -0.449
   300  53.8635   0.0000   5.2790   6.9508   1.0092   0.0000   0.0000   0.0000   0.0000  -0.0000   0.0000   0.0000   0.0000   -0.317
   301  54.0087   0.0000   5.4264   6.8647   1.0275   0.0000  -0.0000   0.0000   0.0000  -0.0000   0.0000   0.0000   0.0000   -0.303
   302  54.1583   0.0000   5.5783   6.7762   1.0429   0.0000  -0.0000   0.0000   0.0000   0.0000   0.0000   0.0000   0.0000   -0.161
   303  54.3118   0.0000   5.7342   6.6852   1.0552   0.0000   0.0000   0.0000   0.0000  -0.0000   0.0000   0.0000  -0.0000   -0.057
   304  54.4691   0.0000   5.8939   6.5921   1.0645   0.0000  -0.0000   0.0000   0.0000   0.0000   0.0000   0.0000  -0.0000   -0.013
   305  54.6299   0.0000   6.0571   6.4969   1.0709   0.0000   0.0000   0.0000   0.0000  -0.0000   0.0000   0.0000  -0.0000    0.137
   306  54.7937   0.0000   6.2234   6.3998   1.0743   0.0000  -0.0000   0.0000   0.0000   0.0000   0.0000   0.0000  -0.0000    0.067
   307  54.9605   0.0000   6.3927   6.3011   1.0748   0.0000   0.0000   0.0000   0.0000  -0.0000   0.0000   0.0000  -0.0000    0.163
   308  55.1297   0.0000   6.5645   6.2009   1.0726   0.0000  -0.0000   0.0000   0.0000  -0.0000   0.0000   0.0000  -0.0000    0.221
   309  55.3011   0.0000   6.7386   6.0993   1.0677   0.0000  -0.0000   0.0000   0.0000  -0.0000   0.0000   0.0000  -0.0000    0.198
   310  55.4744   0.0000   6.9145   5.9967   1.0602   0.0000  -0.0000   0.0000   0.0000  -0.0000   0.0000   0.0000  -0.0000    0.123
   311  55.6493   0.0000   7.0921   5.8931   1.0502   0.0000   0.0000   0.0000   0.0000   0.0000   0.0000   0.0000  -0.0000    0.221
   312  55.8254   0.0000   7.2709   5.7888   1.0378   0.0000  -0.0000   0.0000   0.0000  -0.0000   0.0000   0.0000  -0.0000    0.105
   313  56.0024   0.0000   7.4506   5.6840   1.0232   0.0000   0.0000   0.0000   0.0000   0.0000   0.0000   0.0000  -0.0000    0.122
   314  56.1799   0.0000   7.6308   5.5789   1.0064   0.0000   0.0000   0.0000   0.0000   0.0000   0.0000   0.0000  -0.0000    0.101
   315  56.3576   0.0000   7.8113   5.4736   0.9877   0.0000   0.0000   0.0000   0.0000  -0.0000   0.0000   0.0000  -0.0000    0.118
   316  56.5353   0.0000   7.9916   5.3684   0.9671   0.0000   0.0000   0.0000   0.0000   0.0000   0.0000   0.0000  -0.0000    0.168
   317  56.7124   0.0000   8.1715   5.2635   0.9449   0.0000   0.0000   0.0000   0.0000   0.0000   0.0000   0.0000  -0.0000    0.185
   318  56.8888   0.0000   8.3506   5.1590   0.9211   0.0000   0.0000   0.0000   0.0000  -0.0000   0.0000   0.0000  -0.0000    0.233
   319  57.0641   0.0000   8.5285   5.0552   0.8959   0.0000   0.0000   0.0000   0.0000  -0.0000   0.0000  -0.0000  -0.0000    0.282
   320  57.2378   0.0000   8.7049   4.9523   0.8694   0.0000  -0.0000   0.0000   0.0000   0.0000   0.0000  -0.0000  -0.0000    0.272
   321  57.4098   0.0000   8.8795   4.8504   0.8418   0.0000   0.0000   0.0000   0.0000  -0.0000   0.0000   0.0000  -0.0000    0.179
   322  57.5796   0.0000   9.0520   4.7499   0.8133   0.0000   0.0000   0.0000   0.0000   0.0000   0.0000   0.0000  -0.0000    0.214
   323  57.7470   0.0000   9.2219   4.6507   0.7840   0.0000  -0.0000   0.0000   0.0000  -0.0000   0.0000   0.0000  -0.0000    0.199
   324  57.9116   0.0000   9.3890   4.5532   0.7540   0.0000   0.0000   0.0000   0.0000   0.0000   0.0000   0.0000  -0.0000    0.245
   325  58.0731   0.0000   9.5530   4.4576   0.7235   0.0000   0.0000   0.0000   0.0000  -0.0000   0.0000  -0.0000  -0.0000    0.260
   326  58.2313   0.0000   9.7136   4.3639   0.6925   0.0000   0.0000   0.0000   0.0000   0.0000   0.0000  -0.0000  -0.0000    0.254
   327  58.3857   0.0000   9.8703   4.2725   0.6613   0.0000  -0.0000   0.0000   0.0000  -0.0000   0.0000   0.0000  -0.0000    0.216
   328  58.5361   0.0000  10.0230   4.1834   0.6299   0.0000   0.0000   0.0000   0.0000  -0.0000   0.0000   0.0000  -0.0000    0.232
   329  58.6822   0.0000  10.1714   4.0969   0.5984   0.0000   0.0000   0.0000   0.0000  -0.0000   0.0000   0.0000  -0.0000    0.170
   330  58.8237   0.0000  10.3151   4.0130   0.5670   0.0000   0.0000   0.0000   0.0000  -0.0000   0.0000   0.0000  -0.0000    0.193
   331  58.9604   0.0000  10.4539   3.9321   0.5357   0.0000   0.0000   0.0000   0.0000  -0.0000   0.0000   0.0000  -0.0000    0.155
   332  59.0920   0.0000  10.5875   3.8541   0.5046   0.0000  -0.0000   0.0000   0.0000   0.0000   0.0000   0.0000  -0.0000    0.158
   333  59.2183   0.0000  10.7157   3.7794   0.4737   0.0000   0.0000   0.0000   0.0000   0.0000   0.0000   0.0000  -0.0000    0.126
   334  59.3389   0.0000  10.8381   3.7079   0.4432   0.0000   0.0000   0.0000   0.0000  -0.0000   0.0000   0.0000  -0.0000    0.132
   335  59.4537   0.0000  10.9547   3.6399   0.4131   0.0000   0.0000   0.0000   0.0000   0.0000   0.0000   0.0000  -0.0000    0.163
   336  59.5624   0.0000  11.0651   3.5756   0.3834   0.0000   0.0000   0.0000   0.0000  -0.0000   0.0000   0.0000  -0.0000    0.168
   337  59.6648   0.0000  11.1691   3.5149   0.3542   0.0000   0.0000   0.0000   0.0000   0.0000   0.0000   0.0000  -0.0000    0.124
   338  59.7608   0.0000  11.2665   3.4580   0.3254   0.0000  -0.0000   0.0000   0.0000  -0.0000   0.0000   0.0000  -0.0000    0.010
   339  59.8502   0.0000  11.3572   3.4051   0.2971   0.0000  -0.0000   0.0000   0.0000  -0.0000   0.0000   0.0000   0.0000   -0.098
   340  59.9327   0.0000  11.4410   3.3562   0.2693   0.0000  -0.0000   0.0000   0.0000  -0.0000   0.0000   0.0000  -0.0000   -0.014
   341  60.0082   0.0000  11.5177   3.3115   0.2420   0.0000   0.0000   0.0000   0.0000  -0.0000   0.0000   0.0000  -0.0000    0.031
   342  60.0766   0.0000  11.5871   3.2710   0.2151   0.0000   0.0000   0.0000   0.0000  -0.0000   0.0000   0.0000  -0.0000    0.022
   343  60.1377   0.0000  11.6492   3.2348   0.1887   0.0000  -0.0000   0.0000   0.0000  -0.0000   0.0000   0.0000   0.0000   -0.177
   344  60.1915   0.0000  11.7038   3.2030   0.1627   0.0000   0.0000   0.0000   0.0000  -0.0000   0.0000   0.0000   0.0000   -0.103
   345  60.2378   0.0000  11.7508   3.1756   0.1370   0.0000   0.0000   0.0000   0.0000  -0.0000   0.0000   0.0000   0.0000   -0.093
   346  60.2765   0.0000  11.7901   3.1526   0.1116   0.0000   0.0000   0.0000   0.0000  -0.0000   0.0000   0.0000  -0.0000   -0.028
   347  60.3075   0.0000  11.8216   3.1342   0.0866   0.0000  -0.0000   0.0000   0.0000  -0.0000   0.0000   0.0000   0.0000   -0.184
   348  60.3308   0.0000  11.8453   3.1204   0.0617   0.0000   0.0000   0.0000   0.0000  -0.0000   0.0000   0.0000  -0.0000   -0.032
   349  60.3464   0.0000  11.8611   3.1112   0.0369   0.0000   0.0000   0.0000   0.0000  -0.0000   0.0000   0.0000  -0.0000   -0.013
   350  60.3542   0.0000  11.8690   3.1066   0.0123   0.0000  -0.0000   0.0000   0.0000  -0.0000   0.0000   0.0000  -0.0000   -0.071

  Surface # 6     fuselage_horizontal                     
     # Chordwise = 10   # Spanwise = 10     First strip =351
     Surface area Ssurf =  305.582940     Ave. chord Cave =   52.236400

 Forces referred to Sref, Cref, Bref about Xref, Yref, Zref
 Standard axis orientation,  X fwd, Z down         
     CLsurf  =   0.00262     Clsurf  =  -0.00000
     CYsurf  =  -0.00000     Cmsurf  =   0.01895
     CDsurf  =  -0.00028     Cnsurf  =   0.00000
     CDisurf =  -0.00028     CDvsurf =   0.00000

 Forces referred to Ssurf, Cave 
     CLsurf  =   0.00420     CDsurf  =  -0.00045

 Strip Forces referred to Strip Area, Chord
    j     Xle      Yle      Zle      Chord    Area     c_cl     ai     cl_norm    cl       cd       cdv    cm_c/4     cm_LE   C.P.x/c
   351   7.4693  -2.6325   0.0000  39.8265  23.2985   0.1021   0.1495   0.0231   0.0027  -0.0014   0.0000   0.0058   0.0007  999.000
   352   4.3582  -2.0475   0.0000  47.8148  27.9717   0.1928   0.1149   0.0080   0.0041  -0.0000   0.0000   0.0060   0.0013  999.000
   353   2.4947  -1.4625   0.0000  53.5537  31.3289   0.2513   0.0980   0.0058   0.0047   0.0000   0.0000   0.0060   0.0017  999.000
   354   1.1502  -0.8775   0.0000  58.2257  34.0620   0.2647   0.0781   0.0047   0.0046  -0.0001   0.0000   0.0061   0.0023  999.000
   355   0.2954  -0.2925   0.0000  61.7612  36.1303   0.2715   0.0720   0.0047   0.0045  -0.0009   0.0000   0.0061   0.0035  999.000
   356   0.2954   0.2925   0.0000  61.7612  36.1303   0.2715   0.0720   0.0047   0.0045  -0.0009   0.0000   0.0061   0.0035  999.000
   357   1.1502   0.8775   0.0000  58.2257  34.0620   0.2647   0.0781   0.0047   0.0046  -0.0001   0.0000   0.0061   0.0023  999.000
   358   2.4947   1.4625   0.0000  53.5538  31.3289   0.2513   0.0980   0.0058   0.0047   0.0000   0.0000   0.0060   0.0017  999.000
   359   4.3582   2.0475   0.0000  47.8148  27.9717   0.1928   0.1149   0.0080   0.0041  -0.0000   0.0000   0.0060   0.0013  999.000
   360   7.4692   2.6325   0.0000  39.8266  23.2985   0.1021   0.1495   0.0231   0.0027  -0.0014   0.0000   0.0058   0.0007  999.000

  Surface # 7     fuselage_vertical                       
     # Chordwise = 10   # Spanwise = 10     First strip =361
     Surface area Ssurf =  302.292047     Ave. chord Cave =   52.236400

 Forces referred to Sref, Cref, Bref about Xref, Yref, Zref
 Standard axis orientation,  X fwd, Z down         
     CLsurf  =   0.00000     Clsurf  =   0.00000
     CYsurf  =  -0.00000     Cmsurf  =  -0.00000
     CDsurf  =   0.00000     Cnsurf  =   0.00000
     CDisurf =   0.00000     CDvsurf =   0.00000

 Forces referred to Ssurf, Cave 
     CLsurf  =   0.00000     CDsurf  =   0.00000

 Strip Forces referred to Strip Area, Chord
    j     Xle      Yle      Zle      Chord    Area     c_cl     ai     cl_norm    cl       cd       cdv    cm_c/4     cm_LE   C.P.x/c
   361   7.4693   0.0000  -2.6041  39.8265  23.0476   0.0000   0.0000   0.0000   0.0000   0.0000   0.0000  -0.0000  -0.0000  999.000
   362   4.3582   0.0000  -2.0255  47.8148  27.6705  -0.0000  -0.0000  -0.0000  -0.0000  -0.0000   0.0000  -0.0000  -0.0000  999.000
   363   2.4947   0.0000  -1.4467  53.5537  30.9916   0.0000  -0.0000   0.0000   0.0000  -0.0000   0.0000  -0.0000  -0.0000    0.740
   364   1.1502   0.0000  -0.8680  58.2257  33.6952   0.0000  -0.0000   0.0000   0.0000   0.0000   0.0000  -0.0000  -0.0000    0.401
   365   0.2954   0.0000  -0.2894  61.7612  35.7412   0.0000   0.0000   0.0000   0.0000  -0.0000   0.0000  -0.0000  -0.0000    0.464
   366   0.2954   0.0000   0.2894  61.7612  35.7412   0.0000  -0.0000   0.0000   0.0000   0.0000   0.0000  -0.0000  -0.0000    0.527
   367   1.1502   0.0000   0.8680  58.2257  33.6952   0.0000  -0.0000   0.0000   0.0000   0.0000   0.0000  -0.0000  -0.0000    0.631
   368   2.4947   0.0000   1.4467  53.5537  30.9916   0.0000  -0.0000   0.0000   0.0000  -0.0000   0.0000  -0.0000  -0.0000    0.614
   369   4.3582   0.0000   2.0255  47.8148  27.6705   0.0000   0.0000   0.0000   0.0000   0.0000   0.0000  -0.0000  -0.0000    0.637
   370   7.4693   0.0000   2.6041  39.8265  23.0476   0.0000   0.0000   0.0000   0.0000   0.0000   0.0000  -0.0000  -0.0000    0.750
 ---------------------------------------------------------------
