 ---------------------------------------------------------------
 Surface and Strip Forces by surface

  Sref =  124.86       Cref =  4.4875       Bref =  34.320    
  Xref =  15.310       Yref =  0.0000       Zref =-0.48024    

  Surface # 1     main_wing                               
     # Chordwise = 10   # Spanwise = 30     First strip =  1
     Surface area Ssurf =   63.968838     Ave. chord Cave =    3.715026

 Forces referred to Sref, Cref, Bref about Xref, Yref, Zref
 Standard axis orientation,  X fwd, Z down         
     CLsurf  =   0.09521     Clsurf  =  -0.01542
     CYsurf  =  -0.00646     Cmsurf  =  -0.07232
     CDsurf  =   0.00125     Cnsurf  =   0.00072
     CDisurf =   0.00125     CDvsurf =   0.00000

 Forces referred to Ssurf, Cave 
     CLsurf  =   0.18627     CDsurf  =   0.00245

 Strip Forces referred to Strip Area, Chord
    j     Xle      Yle      Zle      Chord    Area     c_cl     ai     cl_norm    cl       cd       cdv    cm_c/4     cm_LE   C.P.x/c
     1  13.6181   0.0114  -0.9295   7.7520   0.3539   1.6281   0.0484   0.2708   0.2100   0.0737   0.0000  -0.0134  -0.0537    0.314
     2  13.6830   0.1025  -0.9255   7.6885   1.0492   1.5792   0.0477   0.2648   0.2054   0.0166   0.0000  -0.0134  -0.0527    0.315
     3  13.8120   0.2837  -0.9176   7.5620   1.7073   1.5715   0.0461   0.2679   0.2078   0.0128   0.0000  -0.0126  -0.0526    0.311
     4  14.0037   0.5530  -0.9059   7.3741   2.3052   1.5592   0.0435   0.2726   0.2114   0.0112   0.0000  -0.0115  -0.0525    0.305
     5  14.2560   0.9075  -0.8904   7.1267   2.8223   1.5354   0.0403   0.2778   0.2154   0.0097   0.0000  -0.0105  -0.0524    0.299
     6  14.5662   1.3432  -0.8714   6.8226   3.2414   1.4953   0.0380   0.2826   0.2192   0.0082   0.0000  -0.0096  -0.0525    0.294
     7  14.9309   1.8554  -0.8490   6.4651   3.5491   1.4349   0.0400   0.2862   0.2220   0.0065   0.0000  -0.0092  -0.0527    0.291
     8  15.3460   2.4386  -0.8236   6.0582   3.7368   1.3517   0.0403   0.2877   0.2231   0.0047   0.0000  -0.0092  -0.0530    0.291
     9  15.8070   3.0862  -0.7953   5.6062   3.8005   1.2453   0.0316   0.2864   0.2221   0.0027   0.0000  -0.0098  -0.0532    0.294
    10  16.2877   3.7613  -0.7658   5.1351   3.4440   1.1253   0.0215   0.2826   0.2191   0.0010   0.0000  -0.0105  -0.0532    0.298
    11  16.7803   4.4532  -0.7356   4.6522   3.3149   0.9983   0.0120   0.2767   0.2146  -0.0003   0.0000  -0.0112  -0.0529    0.302
    12  17.2999   5.1831  -0.7037   4.1429   3.0930   0.8643  -0.0005   0.2690   0.2086  -0.0019   0.0000  -0.0123  -0.0525    0.309
    13  17.8026   6.0123  -0.6437   3.7903   3.4706   0.7435  -0.0074   0.2389   0.1962  -0.0023   0.0000  -0.0129  -0.0550    0.316
    14  18.2809   6.9353  -0.5549   3.6075   3.3775   0.6563  -0.0045   0.2216   0.1819  -0.0018   0.0000  -0.0136  -0.0525    0.325
    15  18.7672   7.8737  -0.4645   3.4215   3.2389   0.5852  -0.0026   0.2083   0.1710  -0.0014   0.0000  -0.0144  -0.0508    0.334
    16  19.2562   8.8172  -0.3736   3.2345   3.0619   0.5250  -0.0016   0.1977   0.1623  -0.0012   0.0000  -0.0153  -0.0497    0.344
    17  19.7425   9.7556  -0.2833   3.0486   2.8543   0.4727  -0.0011   0.1889   0.1551  -0.0011   0.0000  -0.0164  -0.0491    0.356
    18  20.2208  10.6786  -0.1944   2.8657   2.6239   0.4270  -0.0009   0.1815   0.1490  -0.0010   0.0000  -0.0177  -0.0488    0.369
    19  20.6858  11.5760  -0.1080   2.6879   2.3787   0.3870  -0.0009   0.1754   0.1440  -0.0009   0.0000  -0.0191  -0.0489    0.382
    20  21.1299  12.4328  -0.0255   2.5181   2.1010   0.3534  -0.0004   0.1709   0.1403  -0.0008   0.0000  -0.0199  -0.0488    0.392
    21  21.5482  13.2400   0.0523   2.3582   1.8520   0.3249   0.0007   0.1678   0.1378  -0.0007   0.0000  -0.0200  -0.0484    0.395
    22  21.9390  13.9941   0.1249   2.2087   1.6074   0.2994   0.0021   0.1651   0.1355  -0.0006   0.0000  -0.0200  -0.0478    0.397
    23  22.2979  14.6868   0.1916   2.0715   1.3716   0.2751   0.0039   0.1618   0.1328  -0.0004   0.0000  -0.0197  -0.0470    0.399
    24  22.6211  15.3105   0.2516   1.9479   1.1479   0.2504   0.0062   0.1566   0.1286  -0.0003   0.0000  -0.0192  -0.0457    0.400
    25  22.9051  15.8583   0.3044   1.8393   0.9381   0.2231   0.0090   0.1477   0.1213  -0.0002   0.0000  -0.0183  -0.0432    0.401
    26  23.1466  16.3244   0.3493   1.7470   0.7427   0.1907   0.0119   0.1330   0.1092  -0.0001   0.0000  -0.0172  -0.0395    0.407
    27  23.5299  16.6722   0.3828   1.4928   0.4131   0.1538   0.0144   0.3438   0.1030  -0.0005   0.0000  -0.0143  -0.0187    0.389
    28  23.9809  16.9098   0.4056   1.1466   0.2292   0.1151   0.0178   0.3350   0.1004  -0.0012   0.0000  -0.0096  -0.0162    0.346
    29  24.2843  17.0696   0.4210   0.9138   0.1104   0.0718   0.0211   0.2622   0.0786  -0.0017   0.0000  -0.0036  -0.0109    0.296
    30  24.4368  17.1499   0.4287   0.7967   0.0322   0.0245   0.0233   0.1026   0.0307  -0.0012   0.0000  -0.0003  -0.0037    0.260

  Surface # 2     main_wing (YDUP)                        
     # Chordwise = 10   # Spanwise = 30     First strip = 31
     Surface area Ssurf =   63.968838     Ave. chord Cave =    3.715026

 Forces referred to Sref, Cref, Bref about Xref, Yref, Zref
 Standard axis orientation,  X fwd, Z down         
     CLsurf  =   0.09521     Clsurf  =   0.01542
     CYsurf  =   0.00646     Cmsurf  =  -0.07232
     CDsurf  =   0.00125     Cnsurf  =  -0.00072
     CDisurf =   0.00125     CDvsurf =   0.00000

 Forces referred to Ssurf, Cave 
     CLsurf  =   0.18627     CDsurf  =   0.00245

 Strip Forces referred to Strip Area, Chord
    j     Xle      Yle      Zle      Chord    Area     c_cl     ai     cl_norm    cl       cd       cdv    cm_c/4     cm_LE   C.P.x/c
    31  13.6181  -0.0114  -0.9295   7.7520   0.3539   1.6281   0.0484   0.2708   0.2100   0.0737   0.0000  -0.0134   0.0537    0.314
    32  13.6830  -0.1025  -0.9255   7.6885   1.0492   1.5792   0.0477   0.2648   0.2054   0.0166   0.0000  -0.0134   0.0527    0.315
    33  13.8120  -0.2837  -0.9176   7.5620   1.7073   1.5715   0.0461   0.2679   0.2078   0.0128   0.0000  -0.0126   0.0526    0.311
    34  14.0037  -0.5530  -0.9059   7.3741   2.3052   1.5592   0.0435   0.2726   0.2114   0.0112   0.0000  -0.0115   0.0525    0.305
    35  14.2560  -0.9075  -0.8904   7.1267   2.8223   1.5354   0.0403   0.2778   0.2154   0.0097   0.0000  -0.0105   0.0524    0.299
    36  14.5662  -1.3432  -0.8714   6.8226   3.2414   1.4953   0.0380   0.2826   0.2192   0.0082   0.0000  -0.0096   0.0525    0.294
    37  14.9309  -1.8554  -0.8490   6.4651   3.5491   1.4349   0.0400   0.2862   0.2220   0.0065   0.0000  -0.0092   0.0527    0.291
    38  15.3460  -2.4386  -0.8236   6.0582   3.7368   1.3517   0.0403   0.2877   0.2231   0.0047   0.0000  -0.0092   0.0530    0.291
    39  15.8070  -3.0862  -0.7953   5.6062   3.8005   1.2453   0.0316   0.2864   0.2221   0.0027   0.0000  -0.0098   0.0532    0.294
    40  16.2877  -3.7613  -0.7658   5.1351   3.4440   1.1253   0.0215   0.2826   0.2191   0.0010   0.0000  -0.0105   0.0532    0.298
    41  16.7803  -4.4532  -0.7356   4.6522   3.3149   0.9983   0.0120   0.2767   0.2146  -0.0003   0.0000  -0.0112   0.0529    0.302
    42  17.2999  -5.1831  -0.7037   4.1429   3.0930   0.8643  -0.0005   0.2690   0.2086  -0.0019   0.0000  -0.0123   0.0525    0.309
    43  17.8026  -6.0123  -0.6437   3.7903   3.4706   0.7435  -0.0074   0.2389   0.1962  -0.0023   0.0000  -0.0129   0.0550    0.316
    44  18.2809  -6.9353  -0.5549   3.6075   3.3775   0.6563  -0.0045   0.2216   0.1819  -0.0018   0.0000  -0.0136   0.0525    0.325
    45  18.7672  -7.8737  -0.4645   3.4215   3.2389   0.5852  -0.0026   0.2083   0.1710  -0.0014   0.0000  -0.0144   0.0508    0.334
    46  19.2562  -8.8172  -0.3736   3.2345   3.0619   0.5250  -0.0016   0.1977   0.1623  -0.0012   0.0000  -0.0153   0.0497    0.344
    47  19.7425  -9.7556  -0.2833   3.0486   2.8543   0.4727  -0.0011   0.1889   0.1551  -0.0011   0.0000  -0.0164   0.0491    0.356
    48  20.2208 -10.6786  -0.1944   2.8657   2.6239   0.4270  -0.0009   0.1815   0.1490  -0.0010   0.0000  -0.0177   0.0488    0.369
    49  20.6858 -11.5760  -0.1080   2.6879   2.3787   0.3870  -0.0009   0.1754   0.1440  -0.0009   0.0000  -0.0191   0.0489    0.382
    50  21.1299 -12.4328  -0.0255   2.5181   2.1010   0.3534  -0.0004   0.1709   0.1403  -0.0008   0.0000  -0.0199   0.0488    0.392
    51  21.5482 -13.2400   0.0523   2.3582   1.8520   0.3249   0.0007   0.1678   0.1378  -0.0007   0.0000  -0.0200   0.0484    0.395
    52  21.9390 -13.9941   0.1249   2.2087   1.6074   0.2994   0.0021   0.1651   0.1355  -0.0006   0.0000  -0.0200   0.0478    0.397
    53  22.2979 -14.6868   0.1916   2.0715   1.3716   0.2751   0.0039   0.1618   0.1328  -0.0004   0.0000  -0.0197   0.0470    0.399
    54  22.6211 -15.3105   0.2516   1.9479   1.1479   0.2504   0.0062   0.1566   0.1286  -0.0003   0.0000  -0.0192   0.0457    0.400
    55  22.9051 -15.8583   0.3044   1.8393   0.9381   0.2231   0.0090   0.1477   0.1213  -0.0002   0.0000  -0.0183   0.0432    0.401
    56  23.1466 -16.3244   0.3493   1.7470   0.7427   0.1907   0.0119   0.1330   0.1092  -0.0001   0.0000  -0.0172   0.0395    0.407
    57  23.5299 -16.6722   0.3828   1.4928   0.4131   0.1538   0.0144   0.3438   0.1030  -0.0005   0.0000  -0.0143   0.0187    0.389
    58  23.9809 -16.9098   0.4056   1.1466   0.2292   0.1151   0.0178   0.3350   0.1004  -0.0012   0.0000  -0.0096   0.0162    0.346
    59  24.2843 -17.0696   0.4210   0.9138   0.1104   0.0718   0.0211   0.2622   0.0786  -0.0017   0.0000  -0.0036   0.0109    0.296
    60  24.4368 -17.1499   0.4287   0.7967   0.0322   0.0245   0.0233   0.1026   0.0307  -0.0012   0.0000  -0.0003   0.0037    0.260

  Surface # 3     horizontal_stabilizer                   
     # Chordwise = 10   # Spanwise = 30     First strip = 61
     Surface area Ssurf =   20.744605     Ave. chord Cave =    2.848571

 Forces referred to Sref, Cref, Bref about Xref, Yref, Zref
 Standard axis orientation,  X fwd, Z down         
     CLsurf  =  -0.01280     Clsurf  =   0.00117
     CYsurf  =   0.00206     Cmsurf  =   0.05772
     CDsurf  =  -0.00019     Cnsurf  =  -0.00123
     CDisurf =  -0.00019     CDvsurf =   0.00000

 Forces referred to Ssurf, Cave 
     CLsurf  =  -0.07802     CDsurf  =  -0.00112

 Strip Forces referred to Strip Area, Chord
    j     Xle      Yle      Zle      Chord    Area     c_cl     ai     cl_norm    cl       cd       cdv    cm_c/4     cm_LE   C.P.x/c
    61  33.0230   0.0046   1.4667   4.2713   0.0803  -0.3117   0.0113  -0.0941  -0.0730   0.0126   0.0000   0.0034   0.0183    0.297
    62  33.0469   0.0418   1.4723   4.2566   0.2392  -0.3311   0.0110  -0.1003  -0.0778   0.0003   0.0000   0.0032   0.0191    0.292
    63  33.0943   0.1156   1.4835   4.2274   0.3930  -0.3326   0.0107  -0.1015  -0.0787  -0.0005   0.0000   0.0030   0.0191    0.288
    64  33.1649   0.2254   1.5002   4.1839   0.5386  -0.3329   0.0104  -0.1026  -0.0796  -0.0008   0.0000   0.0026   0.0189    0.282
    65  33.2578   0.3698   1.5221   4.1268   0.6730  -0.3327   0.0101  -0.1040  -0.0806  -0.0009   0.0000   0.0020   0.0187    0.275
    66  33.3719   0.5474   1.5490   4.0565   0.7936  -0.3319   0.0099  -0.1055  -0.0818  -0.0010   0.0000   0.0015   0.0185    0.268
    67  33.5097   0.7617   1.5816   3.9717   0.9441  -0.3303   0.0097  -0.1073  -0.0832  -0.0012   0.0000   0.0010   0.0183    0.261
    68  33.6704   1.0116   1.6195   3.8728   1.0344  -0.3274   0.0098  -0.1090  -0.0845  -0.0013   0.0000   0.0005   0.0182    0.256
    69  33.8488   1.2891   1.6616   3.7630   1.1046  -0.3228   0.0101  -0.1107  -0.0858  -0.0014   0.0000   0.0001   0.0182    0.251
    70  34.0430   1.5912   1.7075   3.6435   1.1542  -0.3164   0.0106  -0.1120  -0.0868  -0.0014   0.0000  -0.0003   0.0181    0.247
    71  34.2510   1.9146   1.7565   3.5155   1.1831  -0.3078   0.0110  -0.1129  -0.0876  -0.0015   0.0000  -0.0005   0.0180    0.244
    72  34.4703   2.2558   1.8083   3.3805   1.1921  -0.2969   0.0113  -0.1133  -0.0878  -0.0015   0.0000  -0.0007   0.0179    0.242
    73  34.6987   2.6109   1.8622   3.2400   1.1821  -0.2838   0.0111  -0.1130  -0.0876  -0.0015   0.0000  -0.0008   0.0178    0.240
    74  34.9335   2.9762   1.9177   3.0955   1.1548  -0.2686   0.0107  -0.1119  -0.0868  -0.0015   0.0000  -0.0009   0.0175    0.240
    75  35.1723   3.3476   1.9740   2.9485   1.1122  -0.2516   0.0100  -0.1101  -0.0853  -0.0015   0.0000  -0.0009   0.0172    0.239
    76  35.4124   3.7210   2.0307   2.8008   1.0564  -0.2335   0.0092  -0.1075  -0.0834  -0.0014   0.0000  -0.0009   0.0168    0.239
    77  35.6512   4.0924   2.0871   2.6538   0.9900  -0.2145   0.0085  -0.1043  -0.0808  -0.0013   0.0000  -0.0009   0.0163    0.239
    78  35.8861   4.4577   2.1425   2.5093   0.9155  -0.1954   0.0078  -0.1005  -0.0779  -0.0012   0.0000  -0.0009   0.0157    0.238
    79  36.1144   4.8128   2.1964   2.3687   0.8353  -0.1766   0.0071  -0.0962  -0.0746  -0.0011   0.0000  -0.0009   0.0150    0.238
    80  36.3338   5.1540   2.2482   2.2338   0.7518  -0.1584   0.0065  -0.0915  -0.0709  -0.0010   0.0000  -0.0009   0.0142    0.237
    81  36.5417   5.4774   2.2973   2.1058   0.6671  -0.1411   0.0058  -0.0865  -0.0670  -0.0009   0.0000  -0.0010   0.0133    0.235
    82  36.7359   5.7795   2.3431   1.9862   0.5830  -0.1248   0.0052  -0.0811  -0.0628  -0.0008   0.0000  -0.0011   0.0123    0.232
    83  36.9144   6.0570   2.3852   1.8764   0.5012  -0.1094   0.0046  -0.0752  -0.0583  -0.0007   0.0000  -0.0013   0.0112    0.227
    84  37.0750   6.3069   2.4232   1.7776   0.4225  -0.0949   0.0040  -0.0689  -0.0534  -0.0007   0.0000  -0.0016   0.0099    0.220
    85  37.2162   6.5264   2.4565   1.6907   0.3478  -0.0810   0.0034  -0.0618  -0.0479  -0.0006   0.0000  -0.0019   0.0085    0.210
    86  37.3480   6.7314   2.4876   1.6096   0.3326  -0.0668   0.0028  -0.0536  -0.0415  -0.0005   0.0000  -0.0022   0.0069    0.198
    87  37.4657   6.9144   2.5154   1.5372   0.2507  -0.0520   0.0023  -0.0436  -0.0338  -0.0004   0.0000  -0.0023   0.0052    0.181
    88  37.5551   7.0535   2.5365   1.4822   0.1746  -0.0371   0.0019  -0.0323  -0.0250  -0.0003   0.0000  -0.0022   0.0034    0.162
    89  37.6153   7.1471   2.5508   1.4451   0.1029  -0.0223   0.0016  -0.0199  -0.0154  -0.0002   0.0000  -0.0016   0.0019    0.145
    90  37.6455   7.1941   2.5579   1.4265   0.0340  -0.0074   0.0014  -0.0067  -0.0052  -0.0001   0.0000  -0.0006   0.0006    0.135

  Surface # 4     horizontal_stabilizer (YDUP)            
     # Chordwise = 10   # Spanwise = 30     First strip = 91
     Surface area Ssurf =   20.744605     Ave. chord Cave =    2.848571

 Forces referred to Sref, Cref, Bref about Xref, Yref, Zref
 Standard axis orientation,  X fwd, Z down         
     CLsurf  =  -0.01280     Clsurf  =  -0.00117
     CYsurf  =  -0.00206     Cmsurf  =   0.05772
     CDsurf  =  -0.00019     Cnsurf  =   0.00123
     CDisurf =  -0.00019     CDvsurf =   0.00000

 Forces referred to Ssurf, Cave 
     CLsurf  =  -0.07802     CDsurf  =  -0.00112

 Strip Forces referred to Strip Area, Chord
    j     Xle      Yle      Zle      Chord    Area     c_cl     ai     cl_norm    cl       cd       cdv    cm_c/4     cm_LE   C.P.x/c
    91  33.0230  -0.0046   1.4667   4.2713   0.0803  -0.3117   0.0113  -0.0941  -0.0730   0.0126   0.0000   0.0034  -0.0183    0.297
    92  33.0469  -0.0418   1.4723   4.2566   0.2392  -0.3311   0.0110  -0.1003  -0.0778   0.0003   0.0000   0.0032  -0.0191    0.292
    93  33.0943  -0.1156   1.4835   4.2274   0.3930  -0.3326   0.0107  -0.1015  -0.0787  -0.0005   0.0000   0.0030  -0.0191    0.288
    94  33.1649  -0.2254   1.5002   4.1839   0.5386  -0.3329   0.0104  -0.1026  -0.0796  -0.0008   0.0000   0.0026  -0.0189    0.282
    95  33.2578  -0.3698   1.5221   4.1268   0.6730  -0.3327   0.0101  -0.1040  -0.0806  -0.0009   0.0000   0.0020  -0.0187    0.275
    96  33.3719  -0.5474   1.5490   4.0565   0.7936  -0.3319   0.0099  -0.1055  -0.0818  -0.0010   0.0000   0.0015  -0.0185    0.268
    97  33.5097  -0.7617   1.5816   3.9717   0.9441  -0.3303   0.0097  -0.1073  -0.0832  -0.0012   0.0000   0.0010  -0.0183    0.261
    98  33.6704  -1.0116   1.6195   3.8728   1.0344  -0.3274   0.0098  -0.1090  -0.0845  -0.0013   0.0000   0.0005  -0.0182    0.256
    99  33.8488  -1.2891   1.6616   3.7630   1.1046  -0.3228   0.0101  -0.1107  -0.0858  -0.0014   0.0000   0.0001  -0.0182    0.251
   100  34.0430  -1.5912   1.7075   3.6435   1.1542  -0.3164   0.0106  -0.1120  -0.0868  -0.0014   0.0000  -0.0003  -0.0181    0.247
   101  34.2510  -1.9146   1.7565   3.5155   1.1831  -0.3078   0.0110  -0.1129  -0.0876  -0.0015   0.0000  -0.0005  -0.0180    0.244
   102  34.4703  -2.2558   1.8083   3.3805   1.1921  -0.2969   0.0113  -0.1133  -0.0878  -0.0015   0.0000  -0.0007  -0.0179    0.242
   103  34.6987  -2.6109   1.8622   3.2400   1.1821  -0.2838   0.0111  -0.1130  -0.0876  -0.0015   0.0000  -0.0008  -0.0178    0.240
   104  34.9335  -2.9762   1.9177   3.0955   1.1548  -0.2686   0.0107  -0.1119  -0.0868  -0.0015   0.0000  -0.0009  -0.0175    0.240
   105  35.1723  -3.3476   1.9740   2.9485   1.1122  -0.2516   0.0100  -0.1101  -0.0853  -0.0015   0.0000  -0.0009  -0.0172    0.239
   106  35.4124  -3.7210   2.0307   2.8008   1.0564  -0.2335   0.0092  -0.1075  -0.0834  -0.0014   0.0000  -0.0009  -0.0168    0.239
   107  35.6512  -4.0924   2.0871   2.6538   0.9900  -0.2145   0.0085  -0.1043  -0.0808  -0.0013   0.0000  -0.0009  -0.0163    0.239
   108  35.8861  -4.4577   2.1425   2.5093   0.9155  -0.1954   0.0078  -0.1005  -0.0779  -0.0012   0.0000  -0.0009  -0.0157    0.238
   109  36.1144  -4.8128   2.1964   2.3687   0.8353  -0.1766   0.0071  -0.0962  -0.0746  -0.0011   0.0000  -0.0009  -0.0150    0.238
   110  36.3338  -5.1540   2.2482   2.2338   0.7518  -0.1584   0.0065  -0.0915  -0.0709  -0.0010   0.0000  -0.0009  -0.0142    0.237
   111  36.5417  -5.4774   2.2973   2.1058   0.6671  -0.1411   0.0058  -0.0865  -0.0670  -0.0009   0.0000  -0.0010  -0.0133    0.235
   112  36.7359  -5.7795   2.3431   1.9862   0.5830  -0.1248   0.0052  -0.0811  -0.0628  -0.0008   0.0000  -0.0011  -0.0123    0.232
   113  36.9144  -6.0570   2.3852   1.8764   0.5012  -0.1094   0.0046  -0.0752  -0.0583  -0.0007   0.0000  -0.0013  -0.0112    0.227
   114  37.0750  -6.3069   2.4232   1.7776   0.4225  -0.0949   0.0040  -0.0689  -0.0534  -0.0007   0.0000  -0.0016  -0.0099    0.220
   115  37.2162  -6.5264   2.4565   1.6907   0.3478  -0.0810   0.0034  -0.0618  -0.0479  -0.0006   0.0000  -0.0019  -0.0085    0.210
   116  37.3480  -6.7314   2.4876   1.6096   0.3326  -0.0668   0.0028  -0.0536  -0.0415  -0.0005   0.0000  -0.0022  -0.0069    0.198
   117  37.4657  -6.9144   2.5154   1.5372   0.2507  -0.0520   0.0023  -0.0436  -0.0338  -0.0004   0.0000  -0.0023  -0.0052    0.181
   118  37.5551  -7.0535   2.5365   1.4822   0.1746  -0.0371   0.0019  -0.0323  -0.0250  -0.0003   0.0000  -0.0022  -0.0034    0.162
   119  37.6153  -7.1471   2.5508   1.4451   0.1029  -0.0223   0.0016  -0.0199  -0.0154  -0.0002   0.0000  -0.0016  -0.0019    0.145
   120  37.6455  -7.1941   2.5579   1.4265   0.0340  -0.0074   0.0014  -0.0067  -0.0052  -0.0001   0.0000  -0.0006  -0.0006    0.135

  Surface # 5     vertical_stabilizer                     
     # Chordwise = 10   # Spanwise = 30     First strip =121
     Surface area Ssurf =   34.910363     Ave. chord Cave =    4.190920

 Forces referred to Sref, Cref, Bref about Xref, Yref, Zref
 Standard axis orientation,  X fwd, Z down         
     CLsurf  =   0.00000     Clsurf  =   0.00000
     CYsurf  =   0.00000     Cmsurf  =  -0.00000
     CDsurf  =   0.00000     Cnsurf  =  -0.00000
     CDisurf =   0.00000     CDvsurf =   0.00000

 Forces referred to Ssurf, Cave 
     CLsurf  =  -0.00000     CDsurf  =   0.00000

 Strip Forces referred to Strip Area, Chord
    j     Xle      Yle      Zle      Chord    Area     c_cl     ai     cl_norm    cl       cd       cdv    cm_c/4     cm_LE   C.P.x/c
   121  27.0137   0.0000   1.5690  10.0347   0.6931   0.0000  -0.0000   0.0000   0.0000   0.0000   0.0000  -0.0000  -0.0000  999.000
   122  27.2327   0.0000   1.6601   9.8296   1.1101  -0.0000  -0.0000  -0.0000  -0.0000   0.0000   0.0000  -0.0000   0.0000    0.002
   123  27.5561   0.0000   1.7947   9.5266   1.4857  -0.0000  -0.0000  -0.0000  -0.0000   0.0000   0.0000   0.0000   0.0000    0.742
   124  27.9815   0.0000   1.9717   9.1281   1.8040  -0.0000   0.0000  -0.0000  -0.0000   0.0000   0.0000   0.0000   0.0000    0.892
   125  28.5051   0.0000   2.1895   8.6377   2.0517  -0.0000   0.0000  -0.0000  -0.0000   0.0000   0.0000   0.0000   0.0000    0.769
   126  29.1220   0.0000   2.4462   8.0598   2.2181  -0.0000   0.0000  -0.0000  -0.0000  -0.0000   0.0000   0.0000   0.0000    0.826
   127  29.8264   0.0000   2.7392   7.4000   2.2957  -0.0000  -0.0000  -0.0000  -0.0000   0.0000   0.0000   0.0000   0.0000    0.618
   128  30.6115   0.0000   3.0659   6.6646   2.2808  -0.0000   0.0000  -0.0000  -0.0000  -0.0000   0.0000  -0.0000   0.0000    0.112
   129  31.4694   0.0000   3.4228   5.8609   2.1733  -0.0000   0.0000  -0.0000  -0.0000   0.0000   0.0000  -0.0000   0.0000    0.154
   130  32.3918   0.0000   3.8066   4.9969   1.9773  -0.0000   0.0000  -0.0000  -0.0000  -0.0000   0.0000  -0.0000  -0.0000  999.000
   131  33.0131   0.0000   4.1929   4.4389   1.6667  -0.0000   0.0000  -0.0000  -0.0000   0.0000   0.0000  -0.0000   0.0000    0.104
   132  33.3001   0.0000   4.5764   4.2198   1.6478  -0.0000   0.0000  -0.0000  -0.0000   0.0000   0.0000  -0.0000   0.0000    0.109
   133  33.5969   0.0000   4.9729   3.9932   1.6033  -0.0000  -0.0000  -0.0000  -0.0000   0.0000   0.0000  -0.0000   0.0000    0.178
   134  33.9004   0.0000   5.3784   3.7615   1.5362  -0.0000   0.0000  -0.0000  -0.0000   0.0000   0.0000   0.0000   0.0000    0.292
   135  34.2075   0.0000   5.7886   3.5271   1.4499  -0.0000   0.0000  -0.0000  -0.0000   0.0000   0.0000  -0.0000   0.0000    0.061
   136  34.5150   0.0000   6.1995   3.2923   1.3482  -0.0000   0.0000  -0.0000  -0.0000  -0.0000   0.0000  -0.0000  -0.0000  999.000
   137  34.8197   0.0000   6.6066   3.0597   1.2352  -0.0000   0.0000  -0.0000  -0.0000   0.0000   0.0000  -0.0000  -0.0000   -0.495
   138  35.1185   0.0000   7.0058   2.8315   1.1147  -0.0000   0.0000  -0.0000  -0.0000  -0.0000   0.0000   0.0000   0.0000    0.683
   139  35.4083   0.0000   7.3929   2.6103   0.9908  -0.0000   0.0000  -0.0000  -0.0000  -0.0000   0.0000   0.0000   0.0000    0.377
   140  35.6860   0.0000   7.7640   2.3983   0.8670  -0.0000   0.0000  -0.0000  -0.0000   0.0000   0.0000   0.0000   0.0000    0.732
   141  35.9487   0.0000   8.1150   2.1977   0.7464  -0.0000   0.0000  -0.0000  -0.0000  -0.0000   0.0000  -0.0000  -0.0000  999.000
   142  36.1937   0.0000   8.4424   2.0106   0.6318  -0.0000   0.0000  -0.0000  -0.0000   0.0000   0.0000  -0.0000  -0.0000  999.000
   143  36.4185   0.0000   8.7426   1.8390   0.5251  -0.0000   0.0000  -0.0000  -0.0000   0.0000   0.0000   0.0000   0.0000    0.284
   144  36.6206   0.0000   9.0127   1.6847   0.4276  -0.0000   0.0000  -0.0000  -0.0000  -0.0000   0.0000  -0.0000   0.0000    0.066
   145  36.7980   0.0000   9.2496   1.5493   0.3400  -0.0000  -0.0000  -0.0000  -0.0000  -0.0000   0.0000  -0.0000   0.0000    0.238
   146  36.9487   0.0000   9.4510   1.4342   0.2622   0.0000   0.0000   0.0000   0.0000   0.0000   0.0000  -0.0000  -0.0000    1.446
   147  37.0713   0.0000   9.6148   1.3407   0.1933   0.0000   0.0000   0.0000   0.0000   0.0000   0.0000   0.0000   0.0000   -0.718
   148  37.1643   0.0000   9.7391   1.2696   0.1322   0.0000   0.0000   0.0000   0.0000  -0.0000   0.0000   0.0000   0.0000   -0.482
   149  37.2269   0.0000   9.8227   1.2218   0.0769  -0.0000   0.0000  -0.0000  -0.0000   0.0000   0.0000   0.0000   0.0000  999.000
   150  37.2584   0.0000   9.8647   1.1978   0.0252   0.0000   0.0000   0.0000   0.0000  -0.0000   0.0000   0.0000   0.0000   -0.025

  Surface # 6     fuselage_horizontal                     
     # Chordwise = 10   # Spanwise = 10     First strip =151
     Surface area Ssurf =  123.841199     Ave. chord Cave =   33.112620

 Forces referred to Sref, Cref, Bref about Xref, Yref, Zref
 Standard axis orientation,  X fwd, Z down         
     CLsurf  =  -0.00508     Clsurf  =   0.00000
     CYsurf  =   0.00000     Cmsurf  =  -0.00332
     CDsurf  =   0.00002     Cnsurf  =   0.00000
     CDisurf =   0.00002     CDvsurf =   0.00000

 Forces referred to Ssurf, Cave 
     CLsurf  =  -0.00513     CDsurf  =   0.00002

 Strip Forces referred to Strip Area, Chord
    j     Xle      Yle      Zle      Chord    Area     c_cl     ai     cl_norm    cl       cd       cdv    cm_c/4     cm_LE   C.P.x/c
   151   5.0231  -1.6830   0.0000  26.5957   9.9468  -0.1335  -0.0067  -0.0633  -0.0050  -0.0001   0.0000   0.0008   0.0003    0.415
   152   2.9203  -1.3090   0.0000  31.2096  11.6724  -0.1739  -0.0002  -0.0217  -0.0056   0.0000   0.0000   0.0007   0.0005    0.377
   153   1.6676  -0.9350   0.0000  34.0626  12.7394  -0.1810   0.0138  -0.0130  -0.0053   0.0000   0.0000   0.0003   0.0006    0.314
   154   0.7666  -0.5610   0.0000  36.1620  13.5246  -0.1806   0.0217  -0.0084  -0.0050   0.0001   0.0000   0.0001   0.0006    0.268
   155   0.1963  -0.1870   0.0000  37.5333  14.0374  -0.1796   0.0253  -0.0056  -0.0048   0.0001   0.0000  -0.0000   0.0008    0.245
   156   0.1963   0.1870   0.0000  37.5333  14.0374  -0.1796   0.0253  -0.0056  -0.0048   0.0001   0.0000  -0.0000   0.0008    0.245
   157   0.7666   0.5610   0.0000  36.1620  13.5246  -0.1806   0.0217  -0.0084  -0.0050   0.0001   0.0000   0.0001   0.0006    0.268
   158   1.6676   0.9350   0.0000  34.0626  12.7394  -0.1810   0.0138  -0.0130  -0.0053   0.0000   0.0000   0.0003   0.0006    0.314
   159   2.9202   1.3090   0.0000  31.2096  11.6724  -0.1739  -0.0002  -0.0217  -0.0056   0.0000   0.0000   0.0007   0.0005    0.377
   160   5.0231   1.6830   0.0000  26.5957   9.9468  -0.1335  -0.0067  -0.0633  -0.0050  -0.0001   0.0000   0.0008   0.0003    0.415

  Surface # 7     fuselage_vertical                       
     # Chordwise = 10   # Spanwise = 10     First strip =161
     Surface area Ssurf =  123.841199     Ave. chord Cave =   33.112620

 Forces referred to Sref, Cref, Bref about Xref, Yref, Zref
 Standard axis orientation,  X fwd, Z down         
     CLsurf  =  -0.00000     Clsurf  =   0.00000
     CYsurf  =   0.00000     Cmsurf  =   0.00000
     CDsurf  =  -0.00000     Cnsurf  =  -0.00000
     CDisurf =  -0.00000     CDvsurf =   0.00000

 Forces referred to Ssurf, Cave 
     CLsurf  =  -0.00000     CDsurf  =  -0.00000

 Strip Forces referred to Strip Area, Chord
    j     Xle      Yle      Zle      Chord    Area     c_cl     ai     cl_norm    cl       cd       cdv    cm_c/4     cm_LE   C.P.x/c
   161   5.0231   0.0000  -1.6830  26.5957   9.9468   0.0000  -0.0000   0.0000   0.0000  -0.0000   0.0000  -0.0000  -0.0000    0.429
   162   2.9203   0.0000  -1.3090  31.2096  11.6724   0.0000   0.0000   0.0000   0.0000  -0.0000   0.0000  -0.0000  -0.0000    0.761
   163   1.6676   0.0000  -0.9350  34.0626  12.7394   0.0000  -0.0000   0.0000   0.0000   0.0000   0.0000   0.0000  -0.0000    0.226
   164   0.7666   0.0000  -0.5610  36.1620  13.5246   0.0000   0.0000   0.0000   0.0000   0.0000   0.0000  -0.0000  -0.0000    0.460
   165   0.1963   0.0000  -0.1870  37.5333  14.0374  -0.0000   0.0000  -0.0000  -0.0000   0.0000   0.0000   0.0000   0.0000    1.435
   166   0.1963   0.0000   0.1870  37.5333  14.0374  -0.0000  -0.0000  -0.0000  -0.0000   0.0000   0.0000   0.0000   0.0000    1.979
   167   0.7666   0.0000   0.5610  36.1620  13.5246  -0.0000  -0.0000  -0.0000  -0.0000  -0.0000   0.0000   0.0000   0.0000    1.537
   168   1.6676   0.0000   0.9350  34.0626  12.7394  -0.0000  -0.0000  -0.0000  -0.0000  -0.0000   0.0000   0.0000   0.0000    1.411
   169   2.9202   0.0000   1.3090  31.2096  11.6724  -0.0000  -0.0000  -0.0000  -0.0000  -0.0000   0.0000   0.0000   0.0000    1.249
   170   5.0231   0.0000   1.6830  26.5957   9.9468  -0.0000  -0.0000  -0.0000  -0.0000  -0.0000   0.0000   0.0000   0.0000    1.671
 ---------------------------------------------------------------
