 ---------------------------------------------------------------
 Surface and Strip Forces by surface

  Sref =  124.86       Cref =  4.4875       Bref =  34.320    
  Xref =  15.310       Yref =  0.0000       Zref =-0.48024    

  Surface # 1     main_wing                               
     # Chordwise = 10   # Spanwise = 30     First strip =  1
     Surface area Ssurf =   63.968838     Ave. chord Cave =    3.715026

 Forces referred to Sref, Cref, Bref about Xref, Yref, Zref
 Standard axis orientation,  X fwd, Z down         
     CLsurf  =   0.40646     Clsurf  =  -0.07964
     CYsurf  =  -0.02239     Cmsurf  =  -0.34706
     CDsurf  =   0.01431     Cnsurf  =  -0.00755
     CDisurf =   0.01431     CDvsurf =   0.00000

 Forces referred to Ssurf, Cave 
     CLsurf  =   0.79450     CDsurf  =   0.02792

 Strip Forces referred to Strip Area, Chord
    j     Xle      Yle      Zle      Chord    Area     c_cl     ai     cl_norm    cl       cd       cdv    cm_c/4     cm_LE   C.P.x/c
     1  13.6181   0.0114  -0.9295   7.7520   0.3539   5.2089   0.1769   0.7653   0.5928   0.6845   0.0000  -0.0401  -0.1709    0.318
     2  13.6830   0.1025  -0.9255   7.6885   1.0492   4.7365   0.1765   0.7806   0.6046   0.1308   0.0000  -0.0398  -0.1592    0.316
     3  13.8120   0.2837  -0.9176   7.5620   1.7073   4.6961   0.1751   0.7925   0.6138   0.0961   0.0000  -0.0375  -0.1584    0.311
     4  14.0037   0.5530  -0.9059   7.3741   2.3052   4.6724   0.1721   0.8106   0.6279   0.0855   0.0000  -0.0338  -0.1580    0.304
     5  14.2560   0.9075  -0.8904   7.1267   2.8223   4.6374   0.1662   0.8342   0.6461   0.0770   0.0000  -0.0296  -0.1581    0.296
     6  14.5662   1.3432  -0.8714   6.8226   3.2414   4.5801   0.1536   0.8624   0.6679   0.0683   0.0000  -0.0258  -0.1592    0.289
     7  14.9309   1.8554  -0.8490   6.4651   3.5491   4.4934   0.1284   0.8946   0.6929   0.0594   0.0000  -0.0226  -0.1616    0.283
     8  15.3460   2.4386  -0.8236   6.0582   3.7368   4.3715   0.1033   0.9307   0.7209   0.0499   0.0000  -0.0204  -0.1653    0.278
     9  15.8070   3.0862  -0.7953   5.6062   3.8005   4.2118   0.0899   0.9710   0.7521   0.0394   0.0000  -0.0193  -0.1705    0.276
    10  16.2877   3.7613  -0.7658   5.1351   3.4440   4.0239   0.0783   1.0147   0.7859   0.0292   0.0000  -0.0189  -0.1768    0.274
    11  16.7803   4.4532  -0.7356   4.6522   3.3149   3.8161   0.0644   1.0640   0.8241   0.0192   0.0000  -0.0187  -0.1842    0.273
    12  17.2999   5.1831  -0.7037   4.1429   3.0930   3.5889   0.0429   1.1262   0.8722   0.0046   0.0000  -0.0179  -0.1930    0.271
    13  17.8026   6.0123  -0.6437   3.7903   3.4706   3.3529   0.0283   1.0940   0.8914  -0.0010   0.0000  -0.0127  -0.2113    0.264
    14  18.2809   6.9353  -0.5549   3.6075   3.3775   3.1685   0.0266   1.0861   0.8849  -0.0000   0.0000  -0.0129  -0.2101    0.265
    15  18.7672   7.8737  -0.4645   3.4215   3.2389   2.9985   0.0229   1.0838   0.8830  -0.0006   0.0000  -0.0134  -0.2101    0.265
    16  19.2562   8.8172  -0.3736   3.2345   3.0619   2.8354   0.0203   1.0842   0.8834  -0.0015   0.0000  -0.0142  -0.2108    0.266
    17  19.7425   9.7556  -0.2833   3.0486   2.8543   2.6761   0.0195   1.0859   0.8847  -0.0026   0.0000  -0.0151  -0.2120    0.267
    18  20.2208  10.6786  -0.1944   2.8657   2.6239   2.5194   0.0201   1.0877   0.8862  -0.0037   0.0000  -0.0162  -0.2132    0.268
    19  20.6858  11.5760  -0.1080   2.6879   2.3787   2.3652   0.0215   1.0889   0.8871  -0.0048   0.0000  -0.0172  -0.2143    0.269
    20  21.1299  12.4328  -0.0255   2.5181   2.1010   2.2147   0.0242   1.0884   0.8868  -0.0055   0.0000  -0.0174  -0.2144    0.270
    21  21.5482  13.2400   0.0523   2.3582   1.8520   2.0664   0.0285   1.0845   0.8836  -0.0055   0.0000  -0.0166  -0.2129    0.269
    22  21.9390  13.9941   0.1249   2.2087   1.6074   1.9164   0.0344   1.0737   0.8748  -0.0056   0.0000  -0.0150  -0.2095    0.267
    23  22.2979  14.6868   0.1916   2.0715   1.3716   1.7596   0.0424   1.0513   0.8565  -0.0055   0.0000  -0.0123  -0.2030    0.264
    24  22.6211  15.3105   0.2516   1.9479   1.1479   1.5893   0.0522   1.0097   0.8226  -0.0050   0.0000  -0.0083  -0.1919    0.260
    25  22.9051  15.8583   0.3044   1.8393   0.9381   1.3969   0.0630   0.9396   0.7656  -0.0032   0.0000  -0.0044  -0.1757    0.256
    26  23.1466  16.3244   0.3493   1.7470   0.7427   1.1756   0.0739   0.8316   0.6775   0.0038   0.0000  -0.0061  -0.1576    0.259
    27  23.5299  16.6722   0.3828   1.4928   0.4131   0.9349   0.0847   2.1193   0.6344  -0.0269   0.0000  -0.0083  -0.0820    0.263
    28  23.9809  16.9098   0.4056   1.1466   0.2292   0.6901   0.0983   2.0504   0.6138  -0.0590   0.0000   0.0172  -0.0673    0.222
    29  24.2843  17.0696   0.4210   0.9138   0.1104   0.4248   0.1088   1.5997   0.4788  -0.0835   0.0000   0.0405  -0.0396    0.166
    30  24.4368  17.1499   0.4287   0.7967   0.0322   0.1436   0.1146   0.6327   0.1894  -0.0624   0.0000   0.0258  -0.0108    0.114

  Surface # 2     main_wing (YDUP)                        
     # Chordwise = 10   # Spanwise = 30     First strip = 31
     Surface area Ssurf =   63.968838     Ave. chord Cave =    3.715026

 Forces referred to Sref, Cref, Bref about Xref, Yref, Zref
 Standard axis orientation,  X fwd, Z down         
     CLsurf  =   0.40646     Clsurf  =   0.07964
     CYsurf  =   0.02239     Cmsurf  =  -0.34706
     CDsurf  =   0.01431     Cnsurf  =   0.00755
     CDisurf =   0.01431     CDvsurf =   0.00000

 Forces referred to Ssurf, Cave 
     CLsurf  =   0.79450     CDsurf  =   0.02792

 Strip Forces referred to Strip Area, Chord
    j     Xle      Yle      Zle      Chord    Area     c_cl     ai     cl_norm    cl       cd       cdv    cm_c/4     cm_LE   C.P.x/c
    31  13.6181  -0.0114  -0.9295   7.7520   0.3539   5.2089   0.1769   0.7653   0.5928   0.6845   0.0000  -0.0401   0.1709    0.318
    32  13.6830  -0.1025  -0.9255   7.6885   1.0492   4.7365   0.1765   0.7806   0.6046   0.1308   0.0000  -0.0398   0.1592    0.316
    33  13.8120  -0.2837  -0.9176   7.5620   1.7073   4.6961   0.1751   0.7925   0.6138   0.0961   0.0000  -0.0375   0.1584    0.311
    34  14.0037  -0.5530  -0.9059   7.3741   2.3052   4.6724   0.1721   0.8106   0.6279   0.0855   0.0000  -0.0338   0.1580    0.304
    35  14.2560  -0.9075  -0.8904   7.1267   2.8223   4.6374   0.1662   0.8342   0.6461   0.0770   0.0000  -0.0296   0.1581    0.296
    36  14.5662  -1.3432  -0.8714   6.8226   3.2414   4.5801   0.1536   0.8624   0.6679   0.0683   0.0000  -0.0258   0.1592    0.289
    37  14.9309  -1.8554  -0.8490   6.4651   3.5491   4.4934   0.1284   0.8946   0.6929   0.0594   0.0000  -0.0226   0.1616    0.283
    38  15.3460  -2.4386  -0.8236   6.0582   3.7368   4.3715   0.1033   0.9307   0.7209   0.0499   0.0000  -0.0204   0.1653    0.278
    39  15.8070  -3.0862  -0.7953   5.6062   3.8005   4.2118   0.0899   0.9710   0.7521   0.0394   0.0000  -0.0193   0.1705    0.276
    40  16.2877  -3.7613  -0.7658   5.1351   3.4440   4.0239   0.0783   1.0147   0.7859   0.0292   0.0000  -0.0189   0.1768    0.274
    41  16.7803  -4.4532  -0.7356   4.6522   3.3149   3.8161   0.0644   1.0640   0.8241   0.0192   0.0000  -0.0187   0.1842    0.273
    42  17.2999  -5.1831  -0.7037   4.1429   3.0930   3.5889   0.0429   1.1262   0.8722   0.0046   0.0000  -0.0179   0.1930    0.271
    43  17.8026  -6.0123  -0.6437   3.7903   3.4706   3.3529   0.0283   1.0940   0.8914  -0.0010   0.0000  -0.0127   0.2113    0.264
    44  18.2809  -6.9353  -0.5549   3.6075   3.3775   3.1685   0.0266   1.0861   0.8849  -0.0000   0.0000  -0.0129   0.2101    0.265
    45  18.7672  -7.8737  -0.4645   3.4215   3.2389   2.9985   0.0229   1.0838   0.8830  -0.0006   0.0000  -0.0134   0.2101    0.265
    46  19.2562  -8.8172  -0.3736   3.2345   3.0619   2.8354   0.0203   1.0842   0.8834  -0.0015   0.0000  -0.0142   0.2108    0.266
    47  19.7425  -9.7556  -0.2833   3.0486   2.8543   2.6761   0.0195   1.0859   0.8847  -0.0026   0.0000  -0.0151   0.2120    0.267
    48  20.2208 -10.6786  -0.1944   2.8657   2.6239   2.5194   0.0201   1.0877   0.8862  -0.0037   0.0000  -0.0162   0.2132    0.268
    49  20.6858 -11.5760  -0.1080   2.6879   2.3787   2.3652   0.0215   1.0889   0.8871  -0.0048   0.0000  -0.0172   0.2143    0.269
    50  21.1299 -12.4328  -0.0255   2.5181   2.1010   2.2147   0.0242   1.0884   0.8868  -0.0055   0.0000  -0.0174   0.2144    0.270
    51  21.5482 -13.2400   0.0523   2.3582   1.8520   2.0664   0.0285   1.0845   0.8836  -0.0055   0.0000  -0.0166   0.2129    0.269
    52  21.9390 -13.9941   0.1249   2.2087   1.6074   1.9164   0.0344   1.0737   0.8748  -0.0056   0.0000  -0.0150   0.2095    0.267
    53  22.2979 -14.6868   0.1916   2.0715   1.3716   1.7596   0.0424   1.0513   0.8565  -0.0055   0.0000  -0.0123   0.2030    0.264
    54  22.6211 -15.3105   0.2516   1.9479   1.1479   1.5893   0.0522   1.0097   0.8226  -0.0050   0.0000  -0.0083   0.1919    0.260
    55  22.9051 -15.8583   0.3044   1.8393   0.9381   1.3969   0.0630   0.9396   0.7656  -0.0032   0.0000  -0.0044   0.1757    0.256
    56  23.1466 -16.3244   0.3493   1.7470   0.7427   1.1756   0.0739   0.8316   0.6775   0.0038   0.0000  -0.0061   0.1576    0.259
    57  23.5299 -16.6722   0.3828   1.4928   0.4131   0.9349   0.0847   2.1193   0.6344  -0.0269   0.0000  -0.0083   0.0820    0.263
    58  23.9809 -16.9098   0.4056   1.1466   0.2292   0.6901   0.0983   2.0504   0.6138  -0.0590   0.0000   0.0172   0.0673    0.222
    59  24.2843 -17.0696   0.4210   0.9138   0.1104   0.4248   0.1088   1.5997   0.4788  -0.0835   0.0000   0.0405   0.0396    0.166
    60  24.4368 -17.1499   0.4287   0.7967   0.0322   0.1436   0.1146   0.6327   0.1894  -0.0624   0.0000   0.0258   0.0108    0.114

  Surface # 3     horizontal_stabilizer                   
     # Chordwise = 10   # Spanwise = 30     First strip = 61
     Surface area Ssurf =   20.744605     Ave. chord Cave =    2.848571

 Forces referred to Sref, Cref, Bref about Xref, Yref, Zref
 Standard axis orientation,  X fwd, Z down         
     CLsurf  =   0.04219     Clsurf  =  -0.00442
     CYsurf  =  -0.00675     Cmsurf  =  -0.19488
     CDsurf  =   0.00329     Cnsurf  =   0.00374
     CDisurf =   0.00329     CDvsurf =   0.00000

 Forces referred to Ssurf, Cave 
     CLsurf  =   0.25714     CDsurf  =   0.01979

 Strip Forces referred to Strip Area, Chord
    j     Xle      Yle      Zle      Chord    Area     c_cl     ai     cl_norm    cl       cd       cdv    cm_c/4     cm_LE   C.P.x/c
    61  33.0230   0.0046   1.4667   4.2713   0.0803   0.9949   0.1250   0.2894   0.2209   0.1121   0.0000  -0.0126  -0.0611    0.307
    62  33.0469   0.0418   1.4723   4.2566   0.2392   0.8643   0.1254   0.2636   0.2012   0.0276   0.0000  -0.0123  -0.0546    0.311
    63  33.0943   0.1156   1.4835   4.2274   0.3930   0.8544   0.1255   0.2632   0.2009   0.0220   0.0000  -0.0117  -0.0539    0.308
    64  33.1649   0.2254   1.5002   4.1839   0.5386   0.8521   0.1250   0.2655   0.2026   0.0209   0.0000  -0.0107  -0.0533    0.303
    65  33.2578   0.3698   1.5221   4.1268   0.6730   0.8511   0.1238   0.2689   0.2052   0.0205   0.0000  -0.0093  -0.0528    0.296
    66  33.3719   0.5474   1.5490   4.0565   0.7936   0.8500   0.1217   0.2733   0.2086   0.0202   0.0000  -0.0079  -0.0524    0.288
    67  33.5097   0.7617   1.5816   3.9717   0.9441   0.8484   0.1185   0.2788   0.2128   0.0199   0.0000  -0.0066  -0.0521    0.281
    68  33.6704   1.0116   1.6195   3.8728   1.0344   0.8460   0.1140   0.2852   0.2176   0.0198   0.0000  -0.0053  -0.0521    0.275
    69  33.8488   1.2891   1.6616   3.7630   1.1046   0.8427   0.1084   0.2924   0.2232   0.0197   0.0000  -0.0043  -0.0524    0.269
    70  34.0430   1.5912   1.7075   3.6435   1.1542   0.8385   0.1020   0.3006   0.2294   0.0198   0.0000  -0.0033  -0.0530    0.265
    71  34.2510   1.9146   1.7565   3.5155   1.1831   0.8335   0.0957   0.3098   0.2364   0.0199   0.0000  -0.0026  -0.0539    0.261
    72  34.4703   2.2558   1.8083   3.3805   1.1921   0.8277   0.0900   0.3200   0.2442   0.0200   0.0000  -0.0019  -0.0551    0.258
    73  34.6987   2.6109   1.8622   3.2400   1.1821   0.8211   0.0855   0.3313   0.2528   0.0202   0.0000  -0.0013  -0.0564    0.255
    74  34.9335   2.9762   1.9177   3.0955   1.1548   0.8135   0.0822   0.3436   0.2623   0.0204   0.0000  -0.0008  -0.0580    0.253
    75  35.1723   3.3476   1.9740   2.9485   1.1122   0.8045   0.0798   0.3569   0.2724   0.0205   0.0000  -0.0002  -0.0597    0.251
    76  35.4124   3.7210   2.0307   2.8008   1.0564   0.7936   0.0782   0.3707   0.2829   0.0206   0.0000   0.0004  -0.0615    0.248
    77  35.6512   4.0924   2.0871   2.6538   0.9900   0.7801   0.0772   0.3847   0.2936   0.0207   0.0000   0.0012  -0.0632    0.246
    78  35.8861   4.4577   2.1425   2.5093   0.9155   0.7634   0.0769   0.3983   0.3040   0.0206   0.0000   0.0020  -0.0647    0.243
    79  36.1144   4.8128   2.1964   2.3687   0.8353   0.7427   0.0771   0.4106   0.3134   0.0204   0.0000   0.0031  -0.0659    0.240
    80  36.3338   5.1540   2.2482   2.2338   0.7518   0.7174   0.0780   0.4207   0.3211   0.0200   0.0000   0.0044  -0.0664    0.236
    81  36.5417   5.4774   2.2973   2.1058   0.6671   0.6866   0.0795   0.4273   0.3261   0.0193   0.0000   0.0060  -0.0661    0.232
    82  36.7359   5.7795   2.3431   1.9862   0.5830   0.6498   0.0815   0.4288   0.3273   0.0184   0.0000   0.0081  -0.0647    0.225
    83  36.9144   6.0570   2.3852   1.8764   0.5012   0.6063   0.0841   0.4237   0.3234   0.0172   0.0000   0.0106  -0.0617    0.217
    84  37.0750   6.3069   2.4232   1.7776   0.4225   0.5557   0.0869   0.4101   0.3130   0.0157   0.0000   0.0135  -0.0570    0.207
    85  37.2162   6.5264   2.4565   1.6907   0.3478   0.4977   0.0898   0.3863   0.2949   0.0137   0.0000   0.0164  -0.0505    0.194
    86  37.3480   6.7314   2.4876   1.6096   0.3326   0.4290   0.0927   0.3500   0.2671   0.0114   0.0000   0.0191  -0.0422    0.178
    87  37.4657   6.9144   2.5154   1.5372   0.2507   0.3457   0.0954   0.2956   0.2256   0.0084   0.0000   0.0206  -0.0319    0.159
    88  37.5551   7.0535   2.5365   1.4822   0.1746   0.2536   0.0975   0.2251   0.1718   0.0051   0.0000   0.0191  -0.0214    0.139
    89  37.6153   7.1471   2.5508   1.4451   0.1029   0.1549   0.0990   0.1412   0.1078   0.0020   0.0000   0.0139  -0.0118    0.121
    90  37.6455   7.1941   2.5579   1.4265   0.0340   0.0521   0.0998   0.0484   0.0369  -0.0011   0.0000   0.0051  -0.0037    0.112

  Surface # 4     horizontal_stabilizer (YDUP)            
     # Chordwise = 10   # Spanwise = 30     First strip = 91
     Surface area Ssurf =   20.744605     Ave. chord Cave =    2.848571

 Forces referred to Sref, Cref, Bref about Xref, Yref, Zref
 Standard axis orientation,  X fwd, Z down         
     CLsurf  =   0.04219     Clsurf  =   0.00442
     CYsurf  =   0.00675     Cmsurf  =  -0.19488
     CDsurf  =   0.00329     Cnsurf  =  -0.00374
     CDisurf =   0.00329     CDvsurf =   0.00000

 Forces referred to Ssurf, Cave 
     CLsurf  =   0.25714     CDsurf  =   0.01979

 Strip Forces referred to Strip Area, Chord
    j     Xle      Yle      Zle      Chord    Area     c_cl     ai     cl_norm    cl       cd       cdv    cm_c/4     cm_LE   C.P.x/c
    91  33.0230  -0.0046   1.4667   4.2713   0.0803   0.9949   0.1250   0.2894   0.2209   0.1121   0.0000  -0.0126   0.0611    0.307
    92  33.0469  -0.0418   1.4723   4.2566   0.2392   0.8643   0.1254   0.2636   0.2012   0.0276   0.0000  -0.0123   0.0546    0.311
    93  33.0943  -0.1156   1.4835   4.2274   0.3930   0.8544   0.1255   0.2632   0.2009   0.0220   0.0000  -0.0117   0.0539    0.308
    94  33.1649  -0.2254   1.5002   4.1839   0.5386   0.8521   0.1250   0.2655   0.2026   0.0209   0.0000  -0.0107   0.0533    0.303
    95  33.2578  -0.3698   1.5221   4.1268   0.6730   0.8511   0.1238   0.2689   0.2052   0.0205   0.0000  -0.0093   0.0528    0.296
    96  33.3719  -0.5474   1.5490   4.0565   0.7936   0.8500   0.1217   0.2733   0.2086   0.0202   0.0000  -0.0079   0.0524    0.288
    97  33.5097  -0.7617   1.5816   3.9717   0.9441   0.8484   0.1185   0.2788   0.2128   0.0199   0.0000  -0.0066   0.0521    0.281
    98  33.6704  -1.0116   1.6195   3.8728   1.0344   0.8460   0.1140   0.2852   0.2176   0.0198   0.0000  -0.0053   0.0521    0.275
    99  33.8488  -1.2891   1.6616   3.7630   1.1046   0.8427   0.1084   0.2924   0.2232   0.0197   0.0000  -0.0043   0.0524    0.269
   100  34.0430  -1.5912   1.7075   3.6435   1.1542   0.8385   0.1020   0.3006   0.2294   0.0198   0.0000  -0.0033   0.0530    0.265
   101  34.2510  -1.9146   1.7565   3.5155   1.1831   0.8335   0.0957   0.3098   0.2364   0.0199   0.0000  -0.0026   0.0539    0.261
   102  34.4703  -2.2558   1.8083   3.3805   1.1921   0.8277   0.0900   0.3200   0.2442   0.0200   0.0000  -0.0019   0.0551    0.258
   103  34.6987  -2.6109   1.8622   3.2400   1.1821   0.8211   0.0855   0.3313   0.2528   0.0202   0.0000  -0.0013   0.0564    0.255
   104  34.9335  -2.9762   1.9177   3.0955   1.1548   0.8135   0.0822   0.3436   0.2623   0.0204   0.0000  -0.0008   0.0580    0.253
   105  35.1723  -3.3476   1.9740   2.9485   1.1122   0.8045   0.0798   0.3569   0.2724   0.0205   0.0000  -0.0002   0.0597    0.251
   106  35.4124  -3.7210   2.0307   2.8008   1.0564   0.7936   0.0782   0.3707   0.2829   0.0206   0.0000   0.0004   0.0615    0.248
   107  35.6512  -4.0924   2.0871   2.6538   0.9900   0.7801   0.0772   0.3847   0.2936   0.0207   0.0000   0.0012   0.0632    0.246
   108  35.8861  -4.4577   2.1425   2.5093   0.9155   0.7634   0.0769   0.3983   0.3040   0.0206   0.0000   0.0020   0.0647    0.243
   109  36.1144  -4.8128   2.1964   2.3687   0.8353   0.7427   0.0771   0.4106   0.3134   0.0204   0.0000   0.0031   0.0659    0.240
   110  36.3338  -5.1540   2.2482   2.2338   0.7518   0.7174   0.0780   0.4207   0.3211   0.0200   0.0000   0.0044   0.0664    0.236
   111  36.5417  -5.4774   2.2973   2.1058   0.6671   0.6866   0.0795   0.4273   0.3261   0.0193   0.0000   0.0060   0.0661    0.232
   112  36.7359  -5.7795   2.3431   1.9862   0.5830   0.6498   0.0815   0.4288   0.3273   0.0184   0.0000   0.0081   0.0647    0.225
   113  36.9144  -6.0570   2.3852   1.8764   0.5012   0.6063   0.0841   0.4237   0.3234   0.0172   0.0000   0.0106   0.0617    0.217
   114  37.0750  -6.3069   2.4232   1.7776   0.4225   0.5557   0.0869   0.4101   0.3130   0.0157   0.0000   0.0135   0.0570    0.207
   115  37.2162  -6.5264   2.4565   1.6907   0.3478   0.4977   0.0898   0.3863   0.2949   0.0137   0.0000   0.0164   0.0505    0.194
   116  37.3480  -6.7314   2.4876   1.6096   0.3326   0.4290   0.0927   0.3500   0.2671   0.0114   0.0000   0.0191   0.0422    0.178
   117  37.4657  -6.9144   2.5154   1.5372   0.2507   0.3457   0.0954   0.2956   0.2256   0.0084   0.0000   0.0206   0.0319    0.159
   118  37.5551  -7.0535   2.5365   1.4822   0.1746   0.2536   0.0975   0.2251   0.1718   0.0051   0.0000   0.0191   0.0214    0.139
   119  37.6153  -7.1471   2.5508   1.4451   0.1029   0.1549   0.0990   0.1412   0.1078   0.0020   0.0000   0.0139   0.0118    0.121
   120  37.6455  -7.1941   2.5579   1.4265   0.0340   0.0521   0.0998   0.0484   0.0369  -0.0011   0.0000   0.0051   0.0037    0.112

  Surface # 5     vertical_stabilizer                     
     # Chordwise = 10   # Spanwise = 30     First strip =121
     Surface area Ssurf =   34.910363     Ave. chord Cave =    4.190920

 Forces referred to Sref, Cref, Bref about Xref, Yref, Zref
 Standard axis orientation,  X fwd, Z down         
     CLsurf  =  -0.00000     Clsurf  =  -0.00000
     CYsurf  =  -0.00000     Cmsurf  =   0.00000
     CDsurf  =   0.00000     Cnsurf  =   0.00000
     CDisurf =   0.00000     CDvsurf =   0.00000

 Forces referred to Ssurf, Cave 
     CLsurf  =   0.00000     CDsurf  =   0.00000

 Strip Forces referred to Strip Area, Chord
    j     Xle      Yle      Zle      Chord    Area     c_cl     ai     cl_norm    cl       cd       cdv    cm_c/4     cm_LE   C.P.x/c
   121  27.0137   0.0000   1.5690  10.0347   0.6931  -0.0000  -0.0000  -0.0000  -0.0000   0.0000   0.0000   0.0000   0.0000    1.733
   122  27.2327   0.0000   1.6601   9.8296   1.1101   0.0000  -0.0000   0.0000   0.0000   0.0000   0.0000   0.0000   0.0000   -0.459
   123  27.5561   0.0000   1.7947   9.5266   1.4857  -0.0000  -0.0000  -0.0000  -0.0000   0.0000   0.0000   0.0000   0.0000    1.725
   124  27.9815   0.0000   1.9717   9.1281   1.8040  -0.0000  -0.0000  -0.0000  -0.0000  -0.0000   0.0000   0.0000   0.0000    1.057
   125  28.5051   0.0000   2.1895   8.6377   2.0517  -0.0000  -0.0000  -0.0000  -0.0000   0.0000   0.0000   0.0000   0.0000    1.992
   126  29.1220   0.0000   2.4462   8.0598   2.2181  -0.0000   0.0000  -0.0000  -0.0000   0.0000   0.0000   0.0000   0.0000    1.087
   127  29.8264   0.0000   2.7392   7.4000   2.2957   0.0000  -0.0000   0.0000   0.0000   0.0000   0.0000  -0.0000  -0.0000  999.000
   128  30.6115   0.0000   3.0659   6.6646   2.2808  -0.0000  -0.0000  -0.0000  -0.0000  -0.0000   0.0000  -0.0000   0.0000   -0.202
   129  31.4694   0.0000   3.4228   5.8609   2.1733  -0.0000  -0.0000  -0.0000  -0.0000   0.0000   0.0000   0.0000   0.0000    0.513
   130  32.3918   0.0000   3.8066   4.9969   1.9773  -0.0000  -0.0000  -0.0000  -0.0000  -0.0000   0.0000  -0.0000  -0.0000  999.000
   131  33.0131   0.0000   4.1929   4.4389   1.6667   0.0000   0.0000   0.0000   0.0000  -0.0000   0.0000  -0.0000  -0.0000    0.489
   132  33.3001   0.0000   4.5764   4.2198   1.6478   0.0000   0.0000   0.0000   0.0000   0.0000   0.0000  -0.0000  -0.0000    0.663
   133  33.5969   0.0000   4.9729   3.9932   1.6033   0.0000   0.0000   0.0000   0.0000  -0.0000   0.0000  -0.0000  -0.0000    0.330
   134  33.9004   0.0000   5.3784   3.7615   1.5362   0.0000  -0.0000   0.0000   0.0000   0.0000   0.0000   0.0000  -0.0000    0.160
   135  34.2075   0.0000   5.7886   3.5271   1.4499   0.0000  -0.0000   0.0000   0.0000   0.0000   0.0000  -0.0000  -0.0000    0.356
   136  34.5150   0.0000   6.1995   3.2923   1.3482   0.0000   0.0000   0.0000   0.0000   0.0000   0.0000  -0.0000  -0.0000    0.332
   137  34.8197   0.0000   6.6066   3.0597   1.2352   0.0000  -0.0000   0.0000   0.0000  -0.0000   0.0000   0.0000  -0.0000    0.145
   138  35.1185   0.0000   7.0058   2.8315   1.1147   0.0000   0.0000   0.0000   0.0000   0.0000   0.0000   0.0000  -0.0000    0.105
   139  35.4083   0.0000   7.3929   2.6103   0.9908   0.0000   0.0000   0.0000   0.0000  -0.0000   0.0000  -0.0000  -0.0000    0.263
   140  35.6860   0.0000   7.7640   2.3983   0.8670   0.0000  -0.0000   0.0000   0.0000   0.0000   0.0000   0.0000  -0.0000    0.089
   141  35.9487   0.0000   8.1150   2.1977   0.7464   0.0000  -0.0000   0.0000   0.0000   0.0000   0.0000   0.0000   0.0000   -0.179
   142  36.1937   0.0000   8.4424   2.0106   0.6318   0.0000   0.0000   0.0000   0.0000   0.0000   0.0000   0.0000  -0.0000    0.091
   143  36.4185   0.0000   8.7426   1.8390   0.5251   0.0000   0.0000   0.0000   0.0000  -0.0000   0.0000   0.0000  -0.0000    0.157
   144  36.6206   0.0000   9.0127   1.6847   0.4276   0.0000   0.0000   0.0000   0.0000   0.0000   0.0000  -0.0000  -0.0000    0.292
   145  36.7980   0.0000   9.2496   1.5493   0.3400   0.0000   0.0000   0.0000   0.0000  -0.0000   0.0000   0.0000   0.0000   -0.236
   146  36.9487   0.0000   9.4510   1.4342   0.2622   0.0000  -0.0000   0.0000   0.0000   0.0000   0.0000   0.0000   0.0000   -0.372
   147  37.0713   0.0000   9.6148   1.3407   0.1933   0.0000   0.0000   0.0000   0.0000   0.0000   0.0000   0.0000  -0.0000    0.069
   148  37.1643   0.0000   9.7391   1.2696   0.1322   0.0000   0.0000   0.0000   0.0000   0.0000   0.0000   0.0000   0.0000   -0.172
   149  37.2269   0.0000   9.8227   1.2218   0.0769   0.0000   0.0000   0.0000   0.0000  -0.0000   0.0000   0.0000   0.0000   -0.161
   150  37.2584   0.0000   9.8647   1.1978   0.0252   0.0000   0.0000   0.0000   0.0000  -0.0000   0.0000   0.0000   0.0000   -0.126

  Surface # 6     fuselage_horizontal                     
     # Chordwise = 10   # Spanwise = 10     First strip =151
     Surface area Ssurf =  123.841199     Ave. chord Cave =   33.112620

 Forces referred to Sref, Cref, Bref about Xref, Yref, Zref
 Standard axis orientation,  X fwd, Z down         
     CLsurf  =   0.01067     Clsurf  =   0.00000
     CYsurf  =  -0.00000     Cmsurf  =   0.06205
     CDsurf  =  -0.00021     Cnsurf  =  -0.00000
     CDisurf =  -0.00021     CDvsurf =   0.00000

 Forces referred to Ssurf, Cave 
     CLsurf  =   0.01076     CDsurf  =  -0.00021

 Strip Forces referred to Strip Area, Chord
    j     Xle      Yle      Zle      Chord    Area     c_cl     ai     cl_norm    cl       cd       cdv    cm_c/4     cm_LE   C.P.x/c
   151   5.0231  -1.6830   0.0000  26.5957   9.9468   0.2426   0.1817   0.1031   0.0096  -0.0032   0.0000   0.0046   0.0003   -0.235
   152   2.9203  -1.3090   0.0000  31.2096  11.6724   0.3444   0.1956   0.0420   0.0112  -0.0010   0.0000   0.0058   0.0008   -0.266
   153   1.6676  -0.9350   0.0000  34.0626  12.7394   0.3765   0.1802   0.0267   0.0112  -0.0001   0.0000   0.0070   0.0014   -0.376
   154   0.7666  -0.5610   0.0000  36.1620  13.5246   0.3949   0.1755   0.0182   0.0109   0.0006   0.0000   0.0075   0.0022   -0.440
   155   0.1963  -0.1870   0.0000  37.5333  14.0374   0.4057   0.1758   0.0124   0.0107   0.0017   0.0000   0.0077   0.0034   -0.469
   156   0.1963   0.1870   0.0000  37.5333  14.0374   0.4057   0.1758   0.0124   0.0107   0.0017   0.0000   0.0077   0.0034   -0.469
   157   0.7666   0.5610   0.0000  36.1620  13.5246   0.3949   0.1755   0.0182   0.0109   0.0006   0.0000   0.0075   0.0022   -0.440
   158   1.6676   0.9350   0.0000  34.0626  12.7394   0.3765   0.1802   0.0267   0.0112  -0.0001   0.0000   0.0070   0.0014   -0.376
   159   2.9202   1.3090   0.0000  31.2096  11.6724   0.3444   0.1956   0.0420   0.0112  -0.0010   0.0000   0.0058   0.0008   -0.266
   160   5.0231   1.6830   0.0000  26.5957   9.9468   0.2426   0.1817   0.1031   0.0096  -0.0032   0.0000   0.0046   0.0003   -0.235

  Surface # 7     fuselage_vertical                       
     # Chordwise = 10   # Spanwise = 10     First strip =161
     Surface area Ssurf =  123.841199     Ave. chord Cave =   33.112620

 Forces referred to Sref, Cref, Bref about Xref, Yref, Zref
 Standard axis orientation,  X fwd, Z down         
     CLsurf  =  -0.00000     Clsurf  =  -0.00000
     CYsurf  =  -0.00000     Cmsurf  =   0.00000
     CDsurf  =  -0.00000     Cnsurf  =   0.00000
     CDisurf =  -0.00000     CDvsurf =   0.00000

 Forces referred to Ssurf, Cave 
     CLsurf  =   0.00000     CDsurf  =  -0.00000

 Strip Forces referred to Strip Area, Chord
    j     Xle      Yle      Zle      Chord    Area     c_cl     ai     cl_norm    cl       cd       cdv    cm_c/4     cm_LE   C.P.x/c
   161   5.0231   0.0000  -1.6830  26.5957   9.9468  -0.0000  -0.0000  -0.0000  -0.0000   0.0000   0.0000   0.0000   0.0000  999.000
   162   2.9203   0.0000  -1.3090  31.2096  11.6724   0.0000   0.0000   0.0000   0.0000  -0.0000   0.0000  -0.0000  -0.0000    0.516
   163   1.6676   0.0000  -0.9350  34.0626  12.7394   0.0000   0.0000   0.0000   0.0000  -0.0000   0.0000  -0.0000  -0.0000    0.805
   164   0.7666   0.0000  -0.5610  36.1620  13.5246   0.0000   0.0000   0.0000   0.0000   0.0000   0.0000  -0.0000  -0.0000    1.040
   165   0.1963   0.0000  -0.1870  37.5333  14.0374   0.0000  -0.0000   0.0000   0.0000  -0.0000   0.0000  -0.0000  -0.0000    0.906
   166   0.1963   0.0000   0.1870  37.5333  14.0374   0.0000   0.0000   0.0000   0.0000  -0.0000   0.0000  -0.0000  -0.0000    0.896
   167   0.7666   0.0000   0.5610  36.1620  13.5246   0.0000  -0.0000   0.0000   0.0000  -0.0000   0.0000  -0.0000  -0.0000    0.790
   168   1.6676   0.0000   0.9350  34.0626  12.7394   0.0000  -0.0000   0.0000   0.0000  -0.0000   0.0000  -0.0000  -0.0000    1.268
   169   2.9202   0.0000   1.3090  31.2096  11.6724   0.0000   0.0000   0.0000   0.0000   0.0000   0.0000  -0.0000  -0.0000    1.102
   170   5.0231   0.0000   1.6830  26.5957   9.9468   0.0000  -0.0000   0.0000   0.0000   0.0000   0.0000  -0.0000  -0.0000    1.097
 ---------------------------------------------------------------
