 ---------------------------------------------------------------
 Surface and Strip Forces by surface

  Sref =  124.86       Cref =  4.4875       Bref =  34.320    
  Xref =  15.310       Yref =  0.0000       Zref =-0.48024    

  Surface # 1     main_wing                               
     # Chordwise = 10   # Spanwise = 30     First strip =  1
     Surface area Ssurf =   63.968838     Ave. chord Cave =    3.715026

 Forces referred to Sref, Cref, Bref about Xref, Yref, Zref
 Standard axis orientation,  X fwd, Z down         
     CLsurf  =   0.37734     Clsurf  =  -0.07337
     CYsurf  =  -0.02029     Cmsurf  =  -0.31895
     CDsurf  =   0.01243     Cnsurf  =  -0.00694
     CDisurf =   0.01243     CDvsurf =   0.00000

 Forces referred to Ssurf, Cave 
     CLsurf  =   0.73751     CDsurf  =   0.02427

 Strip Forces referred to Strip Area, Chord
    j     Xle      Yle      Zle      Chord    Area     c_cl     ai     cl_norm    cl       cd       cdv    cm_c/4     cm_LE   C.P.x/c
     1  13.6181   0.0114  -0.9295   7.7520   0.3539   4.8565   0.1734   0.7237   0.5605   0.5746   0.0000  -0.0339  -0.1565    0.311
     2  13.6830   0.1025  -0.9255   7.6885   1.0492   4.4664   0.1730   0.7373   0.5711   0.1153   0.0000  -0.0340  -0.1473    0.310
     3  13.8120   0.2837  -0.9176   7.5620   1.7073   4.4323   0.1716   0.7487   0.5799   0.0866   0.0000  -0.0317  -0.1465    0.305
     4  14.0037   0.5530  -0.9059   7.3741   2.3052   4.4102   0.1686   0.7658   0.5931   0.0768   0.0000  -0.0282  -0.1461    0.298
     5  14.2560   0.9075  -0.8904   7.1267   2.8223   4.3756   0.1626   0.7878   0.6101   0.0685   0.0000  -0.0244  -0.1463    0.290
     6  14.5662   1.3432  -0.8714   6.8226   3.2414   4.3187   0.1498   0.8138   0.6303   0.0604   0.0000  -0.0209  -0.1474    0.283
     7  14.9309   1.8554  -0.8490   6.4651   3.5491   4.2324   0.1244   0.8433   0.6531   0.0521   0.0000  -0.0182  -0.1496    0.278
     8  15.3460   2.4386  -0.8236   6.0582   3.7368   4.1111   0.0991   0.8758   0.6784   0.0434   0.0000  -0.0164  -0.1531    0.274
     9  15.8070   3.0862  -0.7953   5.6062   3.8005   3.9523   0.0857   0.9117   0.7061   0.0338   0.0000  -0.0156  -0.1579    0.272
    10  16.2877   3.7613  -0.7658   5.1351   3.4440   3.7658   0.0740   0.9501   0.7358   0.0245   0.0000  -0.0155  -0.1637    0.271
    11  16.7803   4.4532  -0.7356   4.6522   3.3149   3.5601   0.0601   0.9930   0.7691   0.0156   0.0000  -0.0156  -0.1703    0.270
    12  17.2999   5.1831  -0.7037   4.1429   3.0930   3.3359   0.0388   1.0471   0.8110   0.0025   0.0000  -0.0152  -0.1783    0.269
    13  17.8026   6.0123  -0.6437   3.7903   3.4706   3.1054   0.0245   1.0135   0.8257  -0.0025   0.0000  -0.0110  -0.1951    0.263
    14  18.2809   6.9353  -0.5549   3.6075   3.3775   2.9263   0.0228   1.0033   0.8174  -0.0012   0.0000  -0.0114  -0.1936    0.264
    15  18.7672   7.8737  -0.4645   3.4215   3.2389   2.7628   0.0192   0.9987   0.8137  -0.0013   0.0000  -0.0121  -0.1933    0.265
    16  19.2562   8.8172  -0.3736   3.2345   3.0619   2.6071   0.0167   0.9970   0.8123  -0.0019   0.0000  -0.0128  -0.1937    0.266
    17  19.7425   9.7556  -0.2833   3.0486   2.8543   2.4561   0.0159   0.9966   0.8120  -0.0025   0.0000  -0.0138  -0.1944    0.267
    18  20.2208  10.6786  -0.1944   2.8657   2.6239   2.3086   0.0164   0.9967   0.8120  -0.0033   0.0000  -0.0148  -0.1953    0.268
    19  20.6858  11.5760  -0.1080   2.6879   2.3787   2.1644   0.0177   0.9964   0.8118  -0.0041   0.0000  -0.0158  -0.1961    0.269
    20  21.1299  12.4328  -0.0255   2.5181   2.1010   2.0246   0.0202   0.9949   0.8106  -0.0045   0.0000  -0.0162  -0.1962    0.270
    21  21.5482  13.2400   0.0523   2.3582   1.8520   1.8882   0.0242   0.9908   0.8073  -0.0043   0.0000  -0.0156  -0.1949    0.269
    22  21.9390  13.9941   0.1249   2.2087   1.6074   1.7513   0.0297   0.9811   0.7994  -0.0041   0.0000  -0.0144  -0.1921    0.268
    23  22.2979  14.6868   0.1916   2.0715   1.3716   1.6096   0.0373   0.9614   0.7833  -0.0037   0.0000  -0.0123  -0.1867    0.266
    24  22.6211  15.3105   0.2516   1.9479   1.1479   1.4566   0.0469   0.9251   0.7537  -0.0029   0.0000  -0.0092  -0.1773    0.262
    25  22.9051  15.8583   0.3044   1.8393   0.9381   1.2838   0.0578   0.8632   0.7033  -0.0010   0.0000  -0.0058  -0.1630    0.258
    26  23.1466  16.3244   0.3493   1.7470   0.7427   1.0836   0.0688   0.7662   0.6243   0.0053   0.0000  -0.0070  -0.1466    0.261
    27  23.5299  16.6722   0.3828   1.4928   0.4131   0.8641   0.0797   1.9566   0.5857  -0.0194   0.0000  -0.0089  -0.0763    0.265
    28  23.9809  16.9098   0.4056   1.1466   0.2292   0.6400   0.0941   1.8981   0.5682  -0.0467   0.0000   0.0136  -0.0635    0.226
    29  24.2843  17.0696   0.4210   0.9138   0.1104   0.3952   0.1057   1.4837   0.4441  -0.0673   0.0000   0.0351  -0.0380    0.171
    30  24.4368  17.1499   0.4287   0.7967   0.0322   0.1338   0.1123   0.5864   0.1755  -0.0504   0.0000   0.0230  -0.0105    0.119

  Surface # 2     main_wing (YDUP)                        
     # Chordwise = 10   # Spanwise = 30     First strip = 31
     Surface area Ssurf =   63.968838     Ave. chord Cave =    3.715026

 Forces referred to Sref, Cref, Bref about Xref, Yref, Zref
 Standard axis orientation,  X fwd, Z down         
     CLsurf  =   0.37734     Clsurf  =   0.07337
     CYsurf  =   0.02029     Cmsurf  =  -0.31895
     CDsurf  =   0.01243     Cnsurf  =   0.00694
     CDisurf =   0.01243     CDvsurf =   0.00000

 Forces referred to Ssurf, Cave 
     CLsurf  =   0.73751     CDsurf  =   0.02427

 Strip Forces referred to Strip Area, Chord
    j     Xle      Yle      Zle      Chord    Area     c_cl     ai     cl_norm    cl       cd       cdv    cm_c/4     cm_LE   C.P.x/c
    31  13.6181  -0.0114  -0.9295   7.7520   0.3539   4.8565   0.1734   0.7237   0.5605   0.5746   0.0000  -0.0339   0.1565    0.311
    32  13.6830  -0.1025  -0.9255   7.6885   1.0492   4.4664   0.1730   0.7373   0.5711   0.1153   0.0000  -0.0340   0.1473    0.310
    33  13.8120  -0.2837  -0.9176   7.5620   1.7073   4.4323   0.1716   0.7487   0.5799   0.0866   0.0000  -0.0317   0.1465    0.305
    34  14.0037  -0.5530  -0.9059   7.3741   2.3052   4.4102   0.1686   0.7658   0.5931   0.0768   0.0000  -0.0282   0.1461    0.298
    35  14.2560  -0.9075  -0.8904   7.1267   2.8223   4.3756   0.1626   0.7878   0.6101   0.0685   0.0000  -0.0244   0.1463    0.290
    36  14.5662  -1.3432  -0.8714   6.8226   3.2414   4.3187   0.1498   0.8138   0.6303   0.0604   0.0000  -0.0209   0.1474    0.283
    37  14.9309  -1.8554  -0.8490   6.4651   3.5491   4.2324   0.1244   0.8433   0.6531   0.0521   0.0000  -0.0182   0.1496    0.278
    38  15.3460  -2.4386  -0.8236   6.0582   3.7368   4.1111   0.0991   0.8758   0.6784   0.0434   0.0000  -0.0164   0.1531    0.274
    39  15.8070  -3.0862  -0.7953   5.6062   3.8005   3.9523   0.0857   0.9117   0.7061   0.0338   0.0000  -0.0156   0.1579    0.272
    40  16.2877  -3.7613  -0.7658   5.1351   3.4440   3.7658   0.0740   0.9501   0.7358   0.0245   0.0000  -0.0155   0.1637    0.271
    41  16.7803  -4.4532  -0.7356   4.6522   3.3149   3.5601   0.0601   0.9930   0.7691   0.0156   0.0000  -0.0156   0.1703    0.270
    42  17.2999  -5.1831  -0.7037   4.1429   3.0930   3.3359   0.0388   1.0471   0.8110   0.0025   0.0000  -0.0152   0.1783    0.269
    43  17.8026  -6.0123  -0.6437   3.7903   3.4706   3.1054   0.0245   1.0135   0.8257  -0.0025   0.0000  -0.0110   0.1951    0.263
    44  18.2809  -6.9353  -0.5549   3.6075   3.3775   2.9263   0.0228   1.0033   0.8174  -0.0012   0.0000  -0.0114   0.1936    0.264
    45  18.7672  -7.8737  -0.4645   3.4215   3.2389   2.7628   0.0192   0.9987   0.8137  -0.0013   0.0000  -0.0121   0.1933    0.265
    46  19.2562  -8.8172  -0.3736   3.2345   3.0619   2.6071   0.0167   0.9970   0.8123  -0.0019   0.0000  -0.0128   0.1937    0.266
    47  19.7425  -9.7556  -0.2833   3.0486   2.8543   2.4561   0.0159   0.9966   0.8120  -0.0025   0.0000  -0.0138   0.1944    0.267
    48  20.2208 -10.6786  -0.1944   2.8657   2.6239   2.3086   0.0164   0.9967   0.8120  -0.0033   0.0000  -0.0148   0.1953    0.268
    49  20.6858 -11.5760  -0.1080   2.6879   2.3787   2.1644   0.0177   0.9964   0.8118  -0.0041   0.0000  -0.0158   0.1961    0.269
    50  21.1299 -12.4328  -0.0255   2.5181   2.1010   2.0246   0.0202   0.9949   0.8106  -0.0045   0.0000  -0.0162   0.1962    0.270
    51  21.5482 -13.2400   0.0523   2.3582   1.8520   1.8882   0.0242   0.9908   0.8073  -0.0043   0.0000  -0.0156   0.1949    0.269
    52  21.9390 -13.9941   0.1249   2.2087   1.6074   1.7513   0.0297   0.9811   0.7994  -0.0041   0.0000  -0.0144   0.1921    0.268
    53  22.2979 -14.6868   0.1916   2.0715   1.3716   1.6096   0.0373   0.9614   0.7833  -0.0037   0.0000  -0.0123   0.1867    0.266
    54  22.6211 -15.3105   0.2516   1.9479   1.1479   1.4566   0.0469   0.9251   0.7537  -0.0029   0.0000  -0.0092   0.1773    0.262
    55  22.9051 -15.8583   0.3044   1.8393   0.9381   1.2838   0.0578   0.8632   0.7033  -0.0010   0.0000  -0.0058   0.1630    0.258
    56  23.1466 -16.3244   0.3493   1.7470   0.7427   1.0836   0.0688   0.7662   0.6243   0.0053   0.0000  -0.0070   0.1466    0.261
    57  23.5299 -16.6722   0.3828   1.4928   0.4131   0.8641   0.0797   1.9566   0.5857  -0.0194   0.0000  -0.0089   0.0763    0.265
    58  23.9809 -16.9098   0.4056   1.1466   0.2292   0.6400   0.0941   1.8981   0.5682  -0.0467   0.0000   0.0136   0.0635    0.226
    59  24.2843 -17.0696   0.4210   0.9138   0.1104   0.3952   0.1057   1.4837   0.4441  -0.0673   0.0000   0.0351   0.0380    0.171
    60  24.4368 -17.1499   0.4287   0.7967   0.0322   0.1338   0.1123   0.5864   0.1755  -0.0504   0.0000   0.0230   0.0105    0.119

  Surface # 3     horizontal_stabilizer                   
     # Chordwise = 10   # Spanwise = 30     First strip = 61
     Surface area Ssurf =   20.744605     Ave. chord Cave =    2.848571

 Forces referred to Sref, Cref, Bref about Xref, Yref, Zref
 Standard axis orientation,  X fwd, Z down         
     CLsurf  =   0.04119     Clsurf  =  -0.00431
     CYsurf  =  -0.00651     Cmsurf  =  -0.19023
     CDsurf  =   0.00309     Cnsurf  =   0.00360
     CDisurf =   0.00309     CDvsurf =   0.00000

 Forces referred to Ssurf, Cave 
     CLsurf  =   0.25101     CDsurf  =   0.01862

 Strip Forces referred to Strip Area, Chord
    j     Xle      Yle      Zle      Chord    Area     c_cl     ai     cl_norm    cl       cd       cdv    cm_c/4     cm_LE   C.P.x/c
    61  33.0230   0.0046   1.4667   4.2713   0.0803   0.9557   0.1213   0.2793   0.2132   0.0999   0.0000  -0.0110  -0.0578    0.302
    62  33.0469   0.0418   1.4723   4.2566   0.2392   0.8411   0.1217   0.2567   0.1959   0.0257   0.0000  -0.0109  -0.0522    0.306
    63  33.0943   0.1156   1.4835   4.2274   0.3930   0.8326   0.1218   0.2566   0.1959   0.0209   0.0000  -0.0103  -0.0516    0.303
    64  33.1649   0.2254   1.5002   4.1839   0.5386   0.8307   0.1213   0.2589   0.1976   0.0199   0.0000  -0.0093  -0.0511    0.297
    65  33.2578   0.3698   1.5221   4.1268   0.6730   0.8298   0.1201   0.2623   0.2002   0.0194   0.0000  -0.0080  -0.0506    0.290
    66  33.3719   0.5474   1.5490   4.0565   0.7936   0.8289   0.1180   0.2667   0.2035   0.0191   0.0000  -0.0067  -0.0502    0.283
    67  33.5097   0.7617   1.5816   3.9717   0.9441   0.8275   0.1148   0.2720   0.2076   0.0188   0.0000  -0.0055  -0.0500    0.276
    68  33.6704   1.0116   1.6195   3.8728   1.0344   0.8253   0.1103   0.2783   0.2124   0.0187   0.0000  -0.0043  -0.0501    0.270
    69  33.8488   1.2891   1.6616   3.7630   1.1046   0.8223   0.1047   0.2854   0.2179   0.0186   0.0000  -0.0034  -0.0505    0.265
    70  34.0430   1.5912   1.7075   3.6435   1.1542   0.8183   0.0984   0.2935   0.2240   0.0187   0.0000  -0.0026  -0.0512    0.261
    71  34.2510   1.9146   1.7565   3.5155   1.1831   0.8136   0.0920   0.3025   0.2308   0.0187   0.0000  -0.0019  -0.0521    0.258
    72  34.4703   2.2558   1.8083   3.3805   1.1921   0.8080   0.0864   0.3125   0.2385   0.0189   0.0000  -0.0014  -0.0533    0.256
    73  34.6987   2.6109   1.8622   3.2400   1.1821   0.8015   0.0819   0.3235   0.2469   0.0190   0.0000  -0.0009  -0.0547    0.254
    74  34.9335   2.9762   1.9177   3.0955   1.1548   0.7940   0.0785   0.3355   0.2561   0.0192   0.0000  -0.0004  -0.0563    0.252
    75  35.1723   3.3476   1.9740   2.9485   1.1122   0.7851   0.0760   0.3484   0.2659   0.0193   0.0000   0.0001  -0.0581    0.250
    76  35.4124   3.7210   2.0307   2.8008   1.0564   0.7742   0.0743   0.3618   0.2761   0.0193   0.0000   0.0006  -0.0598    0.248
    77  35.6512   4.0924   2.0871   2.6538   0.9900   0.7608   0.0733   0.3753   0.2864   0.0193   0.0000   0.0012  -0.0616    0.246
    78  35.8861   4.4577   2.1425   2.5093   0.9155   0.7442   0.0728   0.3884   0.2964   0.0192   0.0000   0.0019  -0.0632    0.244
    79  36.1144   4.8128   2.1964   2.3687   0.8353   0.7239   0.0729   0.4003   0.3055   0.0190   0.0000   0.0028  -0.0644    0.241
    80  36.3338   5.1540   2.2482   2.2338   0.7518   0.6991   0.0737   0.4101   0.3130   0.0186   0.0000   0.0038  -0.0651    0.238
    81  36.5417   5.4774   2.2973   2.1058   0.6671   0.6692   0.0751   0.4166   0.3180   0.0181   0.0000   0.0052  -0.0650    0.234
    82  36.7359   5.7795   2.3431   1.9862   0.5830   0.6337   0.0772   0.4184   0.3193   0.0173   0.0000   0.0069  -0.0639    0.228
    83  36.9144   6.0570   2.3852   1.8764   0.5012   0.5919   0.0798   0.4138   0.3158   0.0162   0.0000   0.0091  -0.0613    0.221
    84  37.0750   6.3069   2.4232   1.7776   0.4225   0.5433   0.0829   0.4011   0.3061   0.0148   0.0000   0.0116  -0.0570    0.212
    85  37.2162   6.5264   2.4565   1.6907   0.3478   0.4874   0.0862   0.3785   0.2888   0.0131   0.0000   0.0144  -0.0509    0.200
    86  37.3480   6.7314   2.4876   1.6096   0.3326   0.4210   0.0895   0.3435   0.2621   0.0110   0.0000   0.0170  -0.0429    0.185
    87  37.4657   6.9144   2.5154   1.5372   0.2507   0.3400   0.0927   0.2907   0.2218   0.0083   0.0000   0.0187  -0.0327    0.166
    88  37.5551   7.0535   2.5365   1.4822   0.1746   0.2499   0.0953   0.2217   0.1692   0.0053   0.0000   0.0177  -0.0220    0.145
    89  37.6153   7.1471   2.5508   1.4451   0.1029   0.1528   0.0971   0.1392   0.1063   0.0024   0.0000   0.0130  -0.0122    0.127
    90  37.6455   7.1941   2.5579   1.4265   0.0340   0.0514   0.0981   0.0477   0.0364  -0.0006   0.0000   0.0048  -0.0038    0.117

  Surface # 4     horizontal_stabilizer (YDUP)            
     # Chordwise = 10   # Spanwise = 30     First strip = 91
     Surface area Ssurf =   20.744605     Ave. chord Cave =    2.848571

 Forces referred to Sref, Cref, Bref about Xref, Yref, Zref
 Standard axis orientation,  X fwd, Z down         
     CLsurf  =   0.04119     Clsurf  =   0.00431
     CYsurf  =   0.00651     Cmsurf  =  -0.19023
     CDsurf  =   0.00309     Cnsurf  =  -0.00360
     CDisurf =   0.00309     CDvsurf =   0.00000

 Forces referred to Ssurf, Cave 
     CLsurf  =   0.25101     CDsurf  =   0.01862

 Strip Forces referred to Strip Area, Chord
    j     Xle      Yle      Zle      Chord    Area     c_cl     ai     cl_norm    cl       cd       cdv    cm_c/4     cm_LE   C.P.x/c
    91  33.0230  -0.0046   1.4667   4.2713   0.0803   0.9557   0.1213   0.2793   0.2132   0.0999   0.0000  -0.0110   0.0578    0.302
    92  33.0469  -0.0418   1.4723   4.2566   0.2392   0.8411   0.1217   0.2567   0.1959   0.0257   0.0000  -0.0109   0.0522    0.306
    93  33.0943  -0.1156   1.4835   4.2274   0.3930   0.8326   0.1218   0.2566   0.1959   0.0209   0.0000  -0.0103   0.0516    0.303
    94  33.1649  -0.2254   1.5002   4.1839   0.5386   0.8307   0.1213   0.2589   0.1976   0.0199   0.0000  -0.0093   0.0511    0.297
    95  33.2578  -0.3698   1.5221   4.1268   0.6730   0.8298   0.1201   0.2623   0.2002   0.0194   0.0000  -0.0080   0.0506    0.290
    96  33.3719  -0.5474   1.5490   4.0565   0.7936   0.8289   0.1180   0.2667   0.2035   0.0191   0.0000  -0.0067   0.0502    0.283
    97  33.5097  -0.7617   1.5816   3.9717   0.9441   0.8275   0.1148   0.2720   0.2076   0.0188   0.0000  -0.0055   0.0500    0.276
    98  33.6704  -1.0116   1.6195   3.8728   1.0344   0.8253   0.1103   0.2783   0.2124   0.0187   0.0000  -0.0043   0.0501    0.270
    99  33.8488  -1.2891   1.6616   3.7630   1.1046   0.8223   0.1047   0.2854   0.2179   0.0186   0.0000  -0.0034   0.0505    0.265
   100  34.0430  -1.5912   1.7075   3.6435   1.1542   0.8183   0.0984   0.2935   0.2240   0.0187   0.0000  -0.0026   0.0512    0.261
   101  34.2510  -1.9146   1.7565   3.5155   1.1831   0.8136   0.0920   0.3025   0.2308   0.0187   0.0000  -0.0019   0.0521    0.258
   102  34.4703  -2.2558   1.8083   3.3805   1.1921   0.8080   0.0864   0.3125   0.2385   0.0189   0.0000  -0.0014   0.0533    0.256
   103  34.6987  -2.6109   1.8622   3.2400   1.1821   0.8015   0.0819   0.3235   0.2469   0.0190   0.0000  -0.0009   0.0547    0.254
   104  34.9335  -2.9762   1.9177   3.0955   1.1548   0.7940   0.0785   0.3355   0.2561   0.0192   0.0000  -0.0004   0.0563    0.252
   105  35.1723  -3.3476   1.9740   2.9485   1.1122   0.7851   0.0760   0.3484   0.2659   0.0193   0.0000   0.0001   0.0581    0.250
   106  35.4124  -3.7210   2.0307   2.8008   1.0564   0.7742   0.0743   0.3618   0.2761   0.0193   0.0000   0.0006   0.0598    0.248
   107  35.6512  -4.0924   2.0871   2.6538   0.9900   0.7608   0.0733   0.3753   0.2864   0.0193   0.0000   0.0012   0.0616    0.246
   108  35.8861  -4.4577   2.1425   2.5093   0.9155   0.7442   0.0728   0.3884   0.2964   0.0192   0.0000   0.0019   0.0632    0.244
   109  36.1144  -4.8128   2.1964   2.3687   0.8353   0.7239   0.0729   0.4003   0.3055   0.0190   0.0000   0.0028   0.0644    0.241
   110  36.3338  -5.1540   2.2482   2.2338   0.7518   0.6991   0.0737   0.4101   0.3130   0.0186   0.0000   0.0038   0.0651    0.238
   111  36.5417  -5.4774   2.2973   2.1058   0.6671   0.6692   0.0751   0.4166   0.3180   0.0181   0.0000   0.0052   0.0650    0.234
   112  36.7359  -5.7795   2.3431   1.9862   0.5830   0.6337   0.0772   0.4184   0.3193   0.0173   0.0000   0.0069   0.0639    0.228
   113  36.9144  -6.0570   2.3852   1.8764   0.5012   0.5919   0.0798   0.4138   0.3158   0.0162   0.0000   0.0091   0.0613    0.221
   114  37.0750  -6.3069   2.4232   1.7776   0.4225   0.5433   0.0829   0.4011   0.3061   0.0148   0.0000   0.0116   0.0570    0.212
   115  37.2162  -6.5264   2.4565   1.6907   0.3478   0.4874   0.0862   0.3785   0.2888   0.0131   0.0000   0.0144   0.0509    0.200
   116  37.3480  -6.7314   2.4876   1.6096   0.3326   0.4210   0.0895   0.3435   0.2621   0.0110   0.0000   0.0170   0.0429    0.185
   117  37.4657  -6.9144   2.5154   1.5372   0.2507   0.3400   0.0927   0.2907   0.2218   0.0083   0.0000   0.0187   0.0327    0.166
   118  37.5551  -7.0535   2.5365   1.4822   0.1746   0.2499   0.0953   0.2217   0.1692   0.0053   0.0000   0.0177   0.0220    0.145
   119  37.6153  -7.1471   2.5508   1.4451   0.1029   0.1528   0.0971   0.1392   0.1063   0.0024   0.0000   0.0130   0.0122    0.127
   120  37.6455  -7.1941   2.5579   1.4265   0.0340   0.0514   0.0981   0.0477   0.0364  -0.0006   0.0000   0.0048   0.0038    0.117

  Surface # 5     vertical_stabilizer                     
     # Chordwise = 10   # Spanwise = 30     First strip =121
     Surface area Ssurf =   34.910363     Ave. chord Cave =    4.190920

 Forces referred to Sref, Cref, Bref about Xref, Yref, Zref
 Standard axis orientation,  X fwd, Z down         
     CLsurf  =  -0.00000     Clsurf  =   0.00000
     CYsurf  =   0.00000     Cmsurf  =   0.00000
     CDsurf  =   0.00000     Cnsurf  =  -0.00000
     CDisurf =   0.00000     CDvsurf =   0.00000

 Forces referred to Ssurf, Cave 
     CLsurf  =  -0.00000     CDsurf  =   0.00000

 Strip Forces referred to Strip Area, Chord
    j     Xle      Yle      Zle      Chord    Area     c_cl     ai     cl_norm    cl       cd       cdv    cm_c/4     cm_LE   C.P.x/c
   121  27.0137   0.0000   1.5690  10.0347   0.6931  -0.0000   0.0000  -0.0000  -0.0000  -0.0000   0.0000   0.0000   0.0000    0.430
   122  27.2327   0.0000   1.6601   9.8296   1.1101  -0.0000   0.0000  -0.0000  -0.0000   0.0000   0.0000   0.0000   0.0000    0.481
   123  27.5561   0.0000   1.7947   9.5266   1.4857  -0.0000  -0.0000  -0.0000  -0.0000  -0.0000   0.0000  -0.0000   0.0000    0.019
   124  27.9815   0.0000   1.9717   9.1281   1.8040  -0.0000   0.0000  -0.0000  -0.0000  -0.0000   0.0000  -0.0000  -0.0000   -0.839
   125  28.5051   0.0000   2.1895   8.6377   2.0517  -0.0000  -0.0000  -0.0000  -0.0000   0.0000   0.0000  -0.0000  -0.0000  999.000
   126  29.1220   0.0000   2.4462   8.0598   2.2181  -0.0000  -0.0000  -0.0000  -0.0000  -0.0000   0.0000   0.0000   0.0000    0.749
   127  29.8264   0.0000   2.7392   7.4000   2.2957   0.0000   0.0000   0.0000   0.0000   0.0000   0.0000  -0.0000  -0.0000    1.989
   128  30.6115   0.0000   3.0659   6.6646   2.2808  -0.0000   0.0000  -0.0000  -0.0000   0.0000   0.0000  -0.0000  -0.0000   -0.394
   129  31.4694   0.0000   3.4228   5.8609   2.1733  -0.0000  -0.0000  -0.0000  -0.0000   0.0000   0.0000   0.0000   0.0000    1.235
   130  32.3918   0.0000   3.8066   4.9969   1.9773   0.0000   0.0000   0.0000   0.0000   0.0000   0.0000   0.0000   0.0000  999.000
   131  33.0131   0.0000   4.1929   4.4389   1.6667  -0.0000  -0.0000  -0.0000  -0.0000   0.0000   0.0000   0.0000   0.0000    0.741
   132  33.3001   0.0000   4.5764   4.2198   1.6478  -0.0000   0.0000  -0.0000  -0.0000  -0.0000   0.0000   0.0000   0.0000    0.514
   133  33.5969   0.0000   4.9729   3.9932   1.6033  -0.0000  -0.0000  -0.0000  -0.0000   0.0000   0.0000   0.0000   0.0000    0.823
   134  33.9004   0.0000   5.3784   3.7615   1.5362  -0.0000  -0.0000  -0.0000  -0.0000   0.0000   0.0000   0.0000   0.0000  999.000
   135  34.2075   0.0000   5.7886   3.5271   1.4499   0.0000  -0.0000   0.0000   0.0000   0.0000   0.0000   0.0000   0.0000  999.000
   136  34.5150   0.0000   6.1995   3.2923   1.3482   0.0000   0.0000   0.0000   0.0000  -0.0000   0.0000  -0.0000  -0.0000    0.826
   137  34.8197   0.0000   6.6066   3.0597   1.2352  -0.0000  -0.0000  -0.0000  -0.0000  -0.0000   0.0000   0.0000   0.0000    0.914
   138  35.1185   0.0000   7.0058   2.8315   1.1147  -0.0000  -0.0000  -0.0000  -0.0000   0.0000   0.0000  -0.0000  -0.0000  999.000
   139  35.4083   0.0000   7.3929   2.6103   0.9908  -0.0000  -0.0000  -0.0000  -0.0000   0.0000   0.0000  -0.0000  -0.0000  999.000
   140  35.6860   0.0000   7.7640   2.3983   0.8670  -0.0000  -0.0000  -0.0000  -0.0000   0.0000   0.0000   0.0000   0.0000    1.477
   141  35.9487   0.0000   8.1150   2.1977   0.7464   0.0000  -0.0000   0.0000   0.0000  -0.0000   0.0000   0.0000   0.0000   -0.214
   142  36.1937   0.0000   8.4424   2.0106   0.6318  -0.0000  -0.0000  -0.0000  -0.0000  -0.0000   0.0000  -0.0000  -0.0000   -0.557
   143  36.4185   0.0000   8.7426   1.8390   0.5251   0.0000   0.0000   0.0000   0.0000   0.0000   0.0000  -0.0000  -0.0000    1.386
   144  36.6206   0.0000   9.0127   1.6847   0.4276  -0.0000  -0.0000  -0.0000  -0.0000  -0.0000   0.0000  -0.0000  -0.0000  999.000
   145  36.7980   0.0000   9.2496   1.5493   0.3400  -0.0000  -0.0000  -0.0000  -0.0000  -0.0000   0.0000   0.0000   0.0000    0.987
   146  36.9487   0.0000   9.4510   1.4342   0.2622   0.0000   0.0000   0.0000   0.0000  -0.0000   0.0000  -0.0000  -0.0000    1.086
   147  37.0713   0.0000   9.6148   1.3407   0.1933   0.0000   0.0000   0.0000   0.0000   0.0000   0.0000  -0.0000  -0.0000    1.083
   148  37.1643   0.0000   9.7391   1.2696   0.1322  -0.0000  -0.0000  -0.0000  -0.0000  -0.0000   0.0000   0.0000   0.0000    1.186
   149  37.2269   0.0000   9.8227   1.2218   0.0769  -0.0000  -0.0000  -0.0000  -0.0000   0.0000   0.0000   0.0000   0.0000    1.458
   150  37.2584   0.0000   9.8647   1.1978   0.0252  -0.0000   0.0000  -0.0000  -0.0000  -0.0000   0.0000   0.0000   0.0000  999.000

  Surface # 6     fuselage_horizontal                     
     # Chordwise = 10   # Spanwise = 10     First strip =151
     Surface area Ssurf =  123.841199     Ave. chord Cave =   33.112620

 Forces referred to Sref, Cref, Bref about Xref, Yref, Zref
 Standard axis orientation,  X fwd, Z down         
     CLsurf  =   0.01089     Clsurf  =  -0.00000
     CYsurf  =  -0.00000     Cmsurf  =   0.06309
     CDsurf  =  -0.00025     Cnsurf  =   0.00000
     CDisurf =  -0.00025     CDvsurf =   0.00000

 Forces referred to Ssurf, Cave 
     CLsurf  =   0.01098     CDsurf  =  -0.00025

 Strip Forces referred to Strip Area, Chord
    j     Xle      Yle      Zle      Chord    Area     c_cl     ai     cl_norm    cl       cd       cdv    cm_c/4     cm_LE   C.P.x/c
   151   5.0231  -1.6830   0.0000  26.5957   9.9468   0.2472   0.1783   0.1047   0.0097  -0.0030   0.0000   0.0048   0.0003   -0.242
   152   2.9203  -1.3090   0.0000  31.2096  11.6724   0.3499   0.1912   0.0427   0.0114  -0.0010   0.0000   0.0060   0.0008   -0.271
   153   1.6676  -0.9350   0.0000  34.0626  12.7394   0.3845   0.1772   0.0273   0.0114  -0.0002   0.0000   0.0071   0.0014   -0.372
   154   0.7666  -0.5610   0.0000  36.1620  13.5246   0.4035   0.1723   0.0186   0.0112   0.0005   0.0000   0.0076   0.0022   -0.432
   155   0.1963  -0.1870   0.0000  37.5333  14.0374   0.4142   0.1724   0.0127   0.0109   0.0016   0.0000   0.0078   0.0034   -0.460
   156   0.1963   0.1870   0.0000  37.5333  14.0374   0.4142   0.1724   0.0127   0.0109   0.0016   0.0000   0.0078   0.0034   -0.460
   157   0.7666   0.5610   0.0000  36.1620  13.5246   0.4035   0.1723   0.0186   0.0112   0.0005   0.0000   0.0076   0.0022   -0.432
   158   1.6676   0.9350   0.0000  34.0626  12.7394   0.3845   0.1772   0.0273   0.0114  -0.0002   0.0000   0.0071   0.0014   -0.372
   159   2.9202   1.3090   0.0000  31.2096  11.6724   0.3499   0.1912   0.0427   0.0114  -0.0010   0.0000   0.0060   0.0008   -0.271
   160   5.0231   1.6830   0.0000  26.5957   9.9468   0.2472   0.1783   0.1047   0.0097  -0.0030   0.0000   0.0048   0.0003   -0.242

  Surface # 7     fuselage_vertical                       
     # Chordwise = 10   # Spanwise = 10     First strip =161
     Surface area Ssurf =  123.841199     Ave. chord Cave =   33.112620

 Forces referred to Sref, Cref, Bref about Xref, Yref, Zref
 Standard axis orientation,  X fwd, Z down         
     CLsurf  =   0.00000     Clsurf  =  -0.00000
     CYsurf  =   0.00000     Cmsurf  =  -0.00000
     CDsurf  =   0.00000     Cnsurf  =  -0.00000
     CDisurf =   0.00000     CDvsurf =   0.00000

 Forces referred to Ssurf, Cave 
     CLsurf  =  -0.00000     CDsurf  =   0.00000

 Strip Forces referred to Strip Area, Chord
    j     Xle      Yle      Zle      Chord    Area     c_cl     ai     cl_norm    cl       cd       cdv    cm_c/4     cm_LE   C.P.x/c
   161   5.0231   0.0000  -1.6830  26.5957   9.9468   0.0000  -0.0000   0.0000   0.0000  -0.0000   0.0000  -0.0000  -0.0000  999.000
   162   2.9203   0.0000  -1.3090  31.2096  11.6724  -0.0000  -0.0000  -0.0000  -0.0000   0.0000   0.0000  -0.0000  -0.0000  999.000
   163   1.6676   0.0000  -0.9350  34.0626  12.7394  -0.0000  -0.0000  -0.0000  -0.0000   0.0000   0.0000   0.0000   0.0000    0.363
   164   0.7666   0.0000  -0.5610  36.1620  13.5246  -0.0000  -0.0000  -0.0000  -0.0000   0.0000   0.0000   0.0000   0.0000    0.376
   165   0.1963   0.0000  -0.1870  37.5333  14.0374  -0.0000  -0.0000  -0.0000  -0.0000  -0.0000   0.0000   0.0000   0.0000    0.618
   166   0.1963   0.0000   0.1870  37.5333  14.0374  -0.0000   0.0000  -0.0000  -0.0000   0.0000   0.0000   0.0000   0.0000    0.653
   167   0.7666   0.0000   0.5610  36.1620  13.5246  -0.0000   0.0000  -0.0000  -0.0000   0.0000   0.0000   0.0000   0.0000    0.805
   168   1.6676   0.0000   0.9350  34.0626  12.7394  -0.0000   0.0000  -0.0000  -0.0000   0.0000   0.0000   0.0000   0.0000    0.628
   169   2.9202   0.0000   1.3090  31.2096  11.6724  -0.0000  -0.0000  -0.0000  -0.0000  -0.0000   0.0000   0.0000   0.0000    0.732
   170   5.0231   0.0000   1.6830  26.5957   9.9468  -0.0000  -0.0000  -0.0000  -0.0000   0.0000   0.0000   0.0000   0.0000    0.831
 ---------------------------------------------------------------
