 ---------------------------------------------------------------
 Surface and Strip Forces by surface

  Sref =  124.86       Cref =  4.4875       Bref =  34.320    
  Xref =  15.310       Yref =  0.0000       Zref =-0.48024    

  Surface # 1     main_wing                               
     # Chordwise = 10   # Spanwise = 30     First strip =  1
     Surface area Ssurf =   63.968838     Ave. chord Cave =    3.715026

 Forces referred to Sref, Cref, Bref about Xref, Yref, Zref
 Standard axis orientation,  X fwd, Z down         
     CLsurf  =   0.43147     Clsurf  =  -0.08627
     CYsurf  =  -0.02803     Cmsurf  =  -0.38388
     CDsurf  =   0.01594     Cnsurf  =  -0.00478
     CDisurf =   0.01594     CDvsurf =   0.00000

 Forces referred to Ssurf, Cave 
     CLsurf  =   0.84397     CDsurf  =   0.03112

 Strip Forces referred to Strip Area, Chord
    j     Xle      Yle      Zle      Chord    Area     c_cl     ai     cl_norm    cl       cd       cdv    cm_c/4     cm_LE   C.P.x/c
     1  13.6181   0.0114  -0.9295   7.7520   0.3539   5.5585   0.1527   0.8275   0.6406   0.9042   0.0000  -0.0684  -0.2027    0.357
     2  13.6830   0.1025  -0.9255   7.6885   1.0492   4.8855   0.1523   0.8072   0.6249   0.1484   0.0000  -0.0635  -0.1821    0.352
     3  13.8120   0.2837  -0.9176   7.5620   1.7073   4.8288   0.1509   0.8170   0.6325   0.0971   0.0000  -0.0616  -0.1812    0.347
     4  14.0037   0.5530  -0.9059   7.3741   2.3052   4.8022   0.1480   0.8347   0.6462   0.0862   0.0000  -0.0584  -0.1812    0.340
     5  14.2560   0.9075  -0.8904   7.1267   2.8223   4.7683   0.1428   0.8585   0.6646   0.0801   0.0000  -0.0543  -0.1815    0.332
     6  14.5662   1.3432  -0.8714   6.8226   3.2414   4.7148   0.1331   0.8878   0.6873   0.0734   0.0000  -0.0501  -0.1826    0.323
     7  14.9309   1.8554  -0.8490   6.4651   3.5491   4.6337   0.1160   0.9219   0.7137   0.0656   0.0000  -0.0463  -0.1849    0.315
     8  15.3460   2.4386  -0.8236   6.0582   3.7368   4.5200   0.0987   0.9610   0.7440   0.0566   0.0000  -0.0434  -0.1885    0.308
     9  15.8070   3.0862  -0.7953   5.6062   3.8005   4.3711   0.0870   1.0058   0.7786   0.0462   0.0000  -0.0413  -0.1937    0.303
    10  16.2877   3.7613  -0.7658   5.1351   3.4440   4.1961   0.0760   1.0556   0.8171   0.0359   0.0000  -0.0399  -0.2003    0.299
    11  16.7803   4.4532  -0.7356   4.6522   3.3149   4.0024   0.0635   1.1127   0.8614   0.0257   0.0000  -0.0385  -0.2080    0.295
    12  17.2999   5.1831  -0.7037   4.1429   3.0930   3.7885   0.0441   1.1846   0.9170   0.0108   0.0000  -0.0360  -0.2171    0.289
    13  17.8026   6.0123  -0.6437   3.7903   3.4706   3.5677   0.0304   1.1574   0.9444   0.0050   0.0000  -0.0278  -0.2364    0.279
    14  18.2809   6.9353  -0.5549   3.6075   3.3775   3.3949   0.0313   1.1573   0.9444   0.0037   0.0000  -0.0257  -0.2345    0.277
    15  18.7672   7.8737  -0.4645   3.4215   3.2389   3.2336   0.0298   1.1624   0.9485   0.0016   0.0000  -0.0250  -0.2348    0.276
    16  19.2562   8.8172  -0.3736   3.2345   3.0619   3.0765   0.0287   1.1701   0.9548  -0.0007   0.0000  -0.0250  -0.2362    0.276
    17  19.7425   9.7556  -0.2833   3.0486   2.8543   2.9208   0.0288   1.1789   0.9620  -0.0029   0.0000  -0.0257  -0.2383    0.277
    18  20.2208  10.6786  -0.1944   2.8657   2.6239   2.7650   0.0299   1.1875   0.9690  -0.0051   0.0000  -0.0265  -0.2406    0.277
    19  20.6858  11.5760  -0.1080   2.6879   2.3787   2.6087   0.0319   1.1947   0.9749  -0.0073   0.0000  -0.0272  -0.2425    0.278
    20  21.1299  12.4328  -0.0255   2.5181   2.1010   2.4522   0.0351   1.1989   0.9783  -0.0090   0.0000  -0.0265  -0.2427    0.277
    21  21.5482  13.2400   0.0523   2.3582   1.8520   2.2931   0.0400   1.1973   0.9770  -0.0102   0.0000  -0.0241  -0.2402    0.275
    22  21.9390  13.9941   0.1249   2.2087   1.6074   2.1260   0.0460   1.1853   0.9672  -0.0117   0.0000  -0.0199  -0.2342    0.271
    23  22.2979  14.6868   0.1916   2.0715   1.3716   1.9451   0.0531   1.1565   0.9437  -0.0134   0.0000  -0.0137  -0.2235    0.265
    24  22.6211  15.3105   0.2516   1.9479   1.1479   1.7444   0.0608   1.1032   0.9002  -0.0149   0.0000  -0.0063  -0.2071    0.257
    25  22.9051  15.8583   0.3044   1.8393   0.9381   1.5187   0.0686   1.0173   0.8301  -0.0152   0.0000  -0.0005  -0.1863    0.251
    26  23.1466  16.3244   0.3493   1.7470   0.7427   1.2648   0.0765   0.8917   0.7276  -0.0097   0.0000  -0.0035  -0.1660    0.255
    27  23.5299  16.6722   0.3828   1.4928   0.4131   0.9957   0.0835   2.2674   0.6740  -0.0501   0.0000  -0.0060  -0.0845    0.259
    28  23.9809  16.9098   0.4056   1.1466   0.2292   0.7264   0.0909   2.1647   0.6435  -0.0860   0.0000   0.0252  -0.0661    0.211
    29  24.2843  17.0696   0.4210   0.9138   0.1104   0.4426   0.0955   1.6698   0.4964  -0.1144   0.0000   0.0501  -0.0364    0.149
    30  24.4368  17.1499   0.4287   0.7967   0.0322   0.1488   0.0981   0.6554   0.1948  -0.0833   0.0000   0.0297  -0.0092    0.098

  Surface # 2     main_wing (YDUP)                        
     # Chordwise = 10   # Spanwise = 30     First strip = 31
     Surface area Ssurf =   63.968838     Ave. chord Cave =    3.715026

 Forces referred to Sref, Cref, Bref about Xref, Yref, Zref
 Standard axis orientation,  X fwd, Z down         
     CLsurf  =   0.43147     Clsurf  =   0.08627
     CYsurf  =   0.02803     Cmsurf  =  -0.38388
     CDsurf  =   0.01594     Cnsurf  =   0.00478
     CDisurf =   0.01594     CDvsurf =   0.00000

 Forces referred to Ssurf, Cave 
     CLsurf  =   0.84397     CDsurf  =   0.03112

 Strip Forces referred to Strip Area, Chord
    j     Xle      Yle      Zle      Chord    Area     c_cl     ai     cl_norm    cl       cd       cdv    cm_c/4     cm_LE   C.P.x/c
    31  13.6181  -0.0114  -0.9295   7.7520   0.3539   5.5585   0.1527   0.8275   0.6406   0.9042   0.0000  -0.0684   0.2027    0.357
    32  13.6830  -0.1025  -0.9255   7.6885   1.0492   4.8855   0.1523   0.8072   0.6249   0.1484   0.0000  -0.0635   0.1821    0.352
    33  13.8120  -0.2837  -0.9176   7.5620   1.7073   4.8288   0.1509   0.8170   0.6325   0.0971   0.0000  -0.0616   0.1812    0.347
    34  14.0037  -0.5530  -0.9059   7.3741   2.3052   4.8022   0.1480   0.8347   0.6462   0.0862   0.0000  -0.0584   0.1812    0.340
    35  14.2560  -0.9075  -0.8904   7.1267   2.8223   4.7683   0.1428   0.8585   0.6646   0.0801   0.0000  -0.0543   0.1815    0.332
    36  14.5662  -1.3432  -0.8714   6.8226   3.2414   4.7148   0.1331   0.8878   0.6873   0.0734   0.0000  -0.0501   0.1826    0.323
    37  14.9309  -1.8554  -0.8490   6.4651   3.5491   4.6337   0.1160   0.9219   0.7137   0.0656   0.0000  -0.0463   0.1849    0.315
    38  15.3460  -2.4386  -0.8236   6.0582   3.7368   4.5200   0.0987   0.9610   0.7440   0.0566   0.0000  -0.0434   0.1885    0.308
    39  15.8070  -3.0862  -0.7953   5.6062   3.8005   4.3711   0.0870   1.0058   0.7786   0.0462   0.0000  -0.0413   0.1937    0.303
    40  16.2877  -3.7613  -0.7658   5.1351   3.4440   4.1961   0.0760   1.0556   0.8171   0.0359   0.0000  -0.0399   0.2003    0.299
    41  16.7803  -4.4532  -0.7356   4.6522   3.3149   4.0024   0.0635   1.1127   0.8614   0.0257   0.0000  -0.0385   0.2080    0.295
    42  17.2999  -5.1831  -0.7037   4.1429   3.0930   3.7885   0.0441   1.1846   0.9170   0.0108   0.0000  -0.0360   0.2171    0.289
    43  17.8026  -6.0123  -0.6437   3.7903   3.4706   3.5677   0.0304   1.1574   0.9444   0.0050   0.0000  -0.0278   0.2364    0.279
    44  18.2809  -6.9353  -0.5549   3.6075   3.3775   3.3949   0.0313   1.1573   0.9444   0.0037   0.0000  -0.0257   0.2345    0.277
    45  18.7672  -7.8737  -0.4645   3.4215   3.2389   3.2336   0.0298   1.1624   0.9485   0.0016   0.0000  -0.0250   0.2348    0.276
    46  19.2562  -8.8172  -0.3736   3.2345   3.0619   3.0765   0.0287   1.1701   0.9548  -0.0007   0.0000  -0.0250   0.2362    0.276
    47  19.7425  -9.7556  -0.2833   3.0486   2.8543   2.9208   0.0288   1.1789   0.9620  -0.0029   0.0000  -0.0257   0.2383    0.277
    48  20.2208 -10.6786  -0.1944   2.8657   2.6239   2.7650   0.0299   1.1875   0.9690  -0.0051   0.0000  -0.0265   0.2406    0.277
    49  20.6858 -11.5760  -0.1080   2.6879   2.3787   2.6087   0.0319   1.1947   0.9749  -0.0073   0.0000  -0.0272   0.2425    0.278
    50  21.1299 -12.4328  -0.0255   2.5181   2.1010   2.4522   0.0351   1.1989   0.9783  -0.0090   0.0000  -0.0265   0.2427    0.277
    51  21.5482 -13.2400   0.0523   2.3582   1.8520   2.2931   0.0400   1.1973   0.9770  -0.0102   0.0000  -0.0241   0.2402    0.275
    52  21.9390 -13.9941   0.1249   2.2087   1.6074   2.1260   0.0460   1.1853   0.9672  -0.0117   0.0000  -0.0199   0.2342    0.271
    53  22.2979 -14.6868   0.1916   2.0715   1.3716   1.9451   0.0531   1.1565   0.9437  -0.0134   0.0000  -0.0137   0.2235    0.265
    54  22.6211 -15.3105   0.2516   1.9479   1.1479   1.7444   0.0608   1.1032   0.9002  -0.0149   0.0000  -0.0063   0.2071    0.257
    55  22.9051 -15.8583   0.3044   1.8393   0.9381   1.5187   0.0686   1.0173   0.8301  -0.0152   0.0000  -0.0005   0.1863    0.251
    56  23.1466 -16.3244   0.3493   1.7470   0.7427   1.2648   0.0765   0.8917   0.7276  -0.0097   0.0000  -0.0035   0.1660    0.255
    57  23.5299 -16.6722   0.3828   1.4928   0.4131   0.9957   0.0835   2.2674   0.6740  -0.0501   0.0000  -0.0060   0.0845    0.259
    58  23.9809 -16.9098   0.4056   1.1466   0.2292   0.7264   0.0909   2.1647   0.6435  -0.0860   0.0000   0.0252   0.0661    0.211
    59  24.2843 -17.0696   0.4210   0.9138   0.1104   0.4426   0.0955   1.6698   0.4964  -0.1144   0.0000   0.0501   0.0364    0.149
    60  24.4368 -17.1499   0.4287   0.7967   0.0322   0.1488   0.0981   0.6554   0.1948  -0.0833   0.0000   0.0297   0.0092    0.098

  Surface # 3     horizontal_stabilizer                   
     # Chordwise = 10   # Spanwise = 30     First strip = 61
     Surface area Ssurf =   20.744605     Ave. chord Cave =    2.848571

 Forces referred to Sref, Cref, Bref about Xref, Yref, Zref
 Standard axis orientation,  X fwd, Z down         
     CLsurf  =   0.02555     Clsurf  =  -0.00274
     CYsurf  =  -0.00422     Cmsurf  =  -0.11812
     CDsurf  =   0.00174     Cnsurf  =   0.00243
     CDisurf =   0.00174     CDvsurf =   0.00000

 Forces referred to Ssurf, Cave 
     CLsurf  =   0.15586     CDsurf  =   0.01048

 Strip Forces referred to Strip Area, Chord
    j     Xle      Yle      Zle      Chord    Area     c_cl     ai     cl_norm    cl       cd       cdv    cm_c/4     cm_LE   C.P.x/c
    61  33.0230   0.0046   1.4667   4.2713   0.0803   0.5670   0.1053   0.1681   0.1287   0.0517   0.0000  -0.0122  -0.0388    0.345
    62  33.0469   0.0418   1.4723   4.2566   0.2392   0.5056   0.1054   0.1542   0.1181   0.0130   0.0000  -0.0113  -0.0351    0.346
    63  33.0943   0.1156   1.4835   4.2274   0.3930   0.5009   0.1053   0.1541   0.1180   0.0102   0.0000  -0.0110  -0.0348    0.343
    64  33.1649   0.2254   1.5002   4.1839   0.5386   0.4997   0.1048   0.1554   0.1190   0.0097   0.0000  -0.0105  -0.0346    0.338
    65  33.2578   0.3698   1.5221   4.1268   0.6730   0.4990   0.1037   0.1574   0.1205   0.0096   0.0000  -0.0098  -0.0343    0.331
    66  33.3719   0.5474   1.5490   4.0565   0.7936   0.4982   0.1019   0.1598   0.1224   0.0097   0.0000  -0.0089  -0.0340    0.323
    67  33.5097   0.7617   1.5816   3.9717   0.9441   0.4971   0.0992   0.1629   0.1248   0.0097   0.0000  -0.0080  -0.0338    0.314
    68  33.6704   1.0116   1.6195   3.8728   1.0344   0.4954   0.0957   0.1665   0.1276   0.0098   0.0000  -0.0071  -0.0336    0.306
    69  33.8488   1.2891   1.6616   3.7630   1.1046   0.4934   0.0915   0.1707   0.1308   0.0099   0.0000  -0.0063  -0.0336    0.298
    70  34.0430   1.5912   1.7075   3.6435   1.1542   0.4912   0.0868   0.1755   0.1345   0.0100   0.0000  -0.0056  -0.0338    0.292
    71  34.2510   1.9146   1.7565   3.5155   1.1831   0.4892   0.0822   0.1812   0.1388   0.0102   0.0000  -0.0049  -0.0342    0.286
    72  34.4703   2.2558   1.8083   3.3805   1.1921   0.4874   0.0780   0.1878   0.1438   0.0104   0.0000  -0.0043  -0.0348    0.280
    73  34.6987   2.6109   1.8622   3.2400   1.1821   0.4860   0.0747   0.1954   0.1496   0.0106   0.0000  -0.0037  -0.0355    0.275
    74  34.9335   2.9762   1.9177   3.0955   1.1548   0.4849   0.0721   0.2040   0.1563   0.0109   0.0000  -0.0031  -0.0365    0.270
    75  35.1723   3.3476   1.9740   2.9485   1.1122   0.4837   0.0702   0.2137   0.1637   0.0112   0.0000  -0.0024  -0.0375    0.265
    76  35.4124   3.7210   2.0307   2.8008   1.0564   0.4819   0.0690   0.2242   0.1717   0.0114   0.0000  -0.0016  -0.0385    0.259
    77  35.6512   4.0924   2.0871   2.6538   0.9900   0.4788   0.0682   0.2351   0.1801   0.0117   0.0000  -0.0006  -0.0395    0.254
    78  35.8861   4.4577   2.1425   2.5093   0.9155   0.4736   0.0680   0.2460   0.1884   0.0118   0.0000   0.0005  -0.0404    0.247
    79  36.1144   4.8128   2.1964   2.3687   0.8353   0.4653   0.0681   0.2561   0.1962   0.0119   0.0000   0.0020  -0.0408    0.240
    80  36.3338   5.1540   2.2482   2.2338   0.7518   0.4534   0.0686   0.2646   0.2027   0.0118   0.0000   0.0037  -0.0408    0.232
    81  36.5417   5.4774   2.2973   2.1058   0.6671   0.4368   0.0695   0.2705   0.2072   0.0116   0.0000   0.0058  -0.0400    0.222
    82  36.7359   5.7795   2.3431   1.9862   0.5830   0.4153   0.0705   0.2727   0.2089   0.0111   0.0000   0.0082  -0.0383    0.211
    83  36.9144   6.0570   2.3852   1.8764   0.5012   0.3883   0.0715   0.2700   0.2068   0.0103   0.0000   0.0109  -0.0356    0.197
    84  37.0750   6.3069   2.4232   1.7776   0.4225   0.3560   0.0726   0.2614   0.2002   0.0093   0.0000   0.0136  -0.0319    0.182
    85  37.2162   6.5264   2.4565   1.6907   0.3478   0.3184   0.0736   0.2459   0.1883   0.0080   0.0000   0.0159  -0.0274    0.165
    86  37.3480   6.7314   2.4876   1.6096   0.3326   0.2738   0.0744   0.2222   0.1702   0.0065   0.0000   0.0176  -0.0220    0.146
    87  37.4657   6.9144   2.5154   1.5372   0.2507   0.2200   0.0752   0.1871   0.1433   0.0045   0.0000   0.0178  -0.0160    0.125
    88  37.5551   7.0535   2.5365   1.4822   0.1746   0.1610   0.0758   0.1421   0.1088   0.0024   0.0000   0.0157  -0.0103    0.106
    89  37.6153   7.1471   2.5508   1.4451   0.1029   0.0981   0.0762   0.0889   0.0681   0.0006   0.0000   0.0109  -0.0055    0.090
    90  37.6455   7.1941   2.5579   1.4265   0.0340   0.0330   0.0764   0.0304   0.0233  -0.0013   0.0000   0.0039  -0.0017    0.083

  Surface # 4     horizontal_stabilizer (YDUP)            
     # Chordwise = 10   # Spanwise = 30     First strip = 91
     Surface area Ssurf =   20.744605     Ave. chord Cave =    2.848571

 Forces referred to Sref, Cref, Bref about Xref, Yref, Zref
 Standard axis orientation,  X fwd, Z down         
     CLsurf  =   0.02555     Clsurf  =   0.00274
     CYsurf  =   0.00422     Cmsurf  =  -0.11812
     CDsurf  =   0.00174     Cnsurf  =  -0.00243
     CDisurf =   0.00174     CDvsurf =   0.00000

 Forces referred to Ssurf, Cave 
     CLsurf  =   0.15586     CDsurf  =   0.01048

 Strip Forces referred to Strip Area, Chord
    j     Xle      Yle      Zle      Chord    Area     c_cl     ai     cl_norm    cl       cd       cdv    cm_c/4     cm_LE   C.P.x/c
    91  33.0230  -0.0046   1.4667   4.2713   0.0803   0.5670   0.1053   0.1681   0.1287   0.0517   0.0000  -0.0122   0.0388    0.345
    92  33.0469  -0.0418   1.4723   4.2566   0.2392   0.5056   0.1054   0.1542   0.1181   0.0130   0.0000  -0.0113   0.0351    0.346
    93  33.0943  -0.1156   1.4835   4.2274   0.3930   0.5009   0.1053   0.1541   0.1180   0.0102   0.0000  -0.0110   0.0348    0.343
    94  33.1649  -0.2254   1.5002   4.1839   0.5386   0.4997   0.1048   0.1554   0.1190   0.0097   0.0000  -0.0105   0.0346    0.338
    95  33.2578  -0.3698   1.5221   4.1268   0.6730   0.4990   0.1037   0.1574   0.1205   0.0096   0.0000  -0.0098   0.0343    0.331
    96  33.3719  -0.5474   1.5490   4.0565   0.7936   0.4982   0.1019   0.1598   0.1224   0.0097   0.0000  -0.0089   0.0340    0.323
    97  33.5097  -0.7617   1.5816   3.9717   0.9441   0.4971   0.0992   0.1629   0.1248   0.0097   0.0000  -0.0080   0.0338    0.314
    98  33.6704  -1.0116   1.6195   3.8728   1.0344   0.4954   0.0957   0.1665   0.1276   0.0098   0.0000  -0.0071   0.0336    0.306
    99  33.8488  -1.2891   1.6616   3.7630   1.1046   0.4934   0.0915   0.1707   0.1308   0.0099   0.0000  -0.0063   0.0336    0.298
   100  34.0430  -1.5912   1.7075   3.6435   1.1542   0.4912   0.0868   0.1755   0.1345   0.0100   0.0000  -0.0056   0.0338    0.292
   101  34.2510  -1.9146   1.7565   3.5155   1.1831   0.4892   0.0822   0.1812   0.1388   0.0102   0.0000  -0.0049   0.0342    0.286
   102  34.4703  -2.2558   1.8083   3.3805   1.1921   0.4874   0.0780   0.1878   0.1438   0.0104   0.0000  -0.0043   0.0348    0.280
   103  34.6987  -2.6109   1.8622   3.2400   1.1821   0.4860   0.0747   0.1954   0.1496   0.0106   0.0000  -0.0037   0.0355    0.275
   104  34.9335  -2.9762   1.9177   3.0955   1.1548   0.4849   0.0721   0.2040   0.1563   0.0109   0.0000  -0.0031   0.0365    0.270
   105  35.1723  -3.3476   1.9740   2.9485   1.1122   0.4837   0.0702   0.2137   0.1637   0.0112   0.0000  -0.0024   0.0375    0.265
   106  35.4124  -3.7210   2.0307   2.8008   1.0564   0.4819   0.0690   0.2242   0.1717   0.0114   0.0000  -0.0016   0.0385    0.259
   107  35.6512  -4.0924   2.0871   2.6538   0.9900   0.4788   0.0682   0.2351   0.1801   0.0117   0.0000  -0.0006   0.0395    0.254
   108  35.8861  -4.4577   2.1425   2.5093   0.9155   0.4736   0.0680   0.2460   0.1884   0.0118   0.0000   0.0005   0.0404    0.247
   109  36.1144  -4.8128   2.1964   2.3687   0.8353   0.4653   0.0681   0.2561   0.1962   0.0119   0.0000   0.0020   0.0408    0.240
   110  36.3338  -5.1540   2.2482   2.2338   0.7518   0.4534   0.0686   0.2646   0.2027   0.0118   0.0000   0.0037   0.0408    0.232
   111  36.5417  -5.4774   2.2973   2.1058   0.6671   0.4368   0.0695   0.2705   0.2072   0.0116   0.0000   0.0058   0.0400    0.222
   112  36.7359  -5.7795   2.3431   1.9862   0.5830   0.4153   0.0705   0.2727   0.2089   0.0111   0.0000   0.0082   0.0383    0.211
   113  36.9144  -6.0570   2.3852   1.8764   0.5012   0.3883   0.0715   0.2700   0.2068   0.0103   0.0000   0.0109   0.0356    0.197
   114  37.0750  -6.3069   2.4232   1.7776   0.4225   0.3560   0.0726   0.2614   0.2002   0.0093   0.0000   0.0136   0.0319    0.182
   115  37.2162  -6.5264   2.4565   1.6907   0.3478   0.3184   0.0736   0.2459   0.1883   0.0080   0.0000   0.0159   0.0274    0.165
   116  37.3480  -6.7314   2.4876   1.6096   0.3326   0.2738   0.0744   0.2222   0.1702   0.0065   0.0000   0.0176   0.0220    0.146
   117  37.4657  -6.9144   2.5154   1.5372   0.2507   0.2200   0.0752   0.1871   0.1433   0.0045   0.0000   0.0178   0.0160    0.125
   118  37.5551  -7.0535   2.5365   1.4822   0.1746   0.1610   0.0758   0.1421   0.1088   0.0024   0.0000   0.0157   0.0103    0.106
   119  37.6153  -7.1471   2.5508   1.4451   0.1029   0.0981   0.0762   0.0889   0.0681   0.0006   0.0000   0.0109   0.0055    0.090
   120  37.6455  -7.1941   2.5579   1.4265   0.0340   0.0330   0.0764   0.0304   0.0233  -0.0013   0.0000   0.0039   0.0017    0.083

  Surface # 5     vertical_stabilizer                     
     # Chordwise = 10   # Spanwise = 30     First strip =121
     Surface area Ssurf =   34.910363     Ave. chord Cave =    4.190920

 Forces referred to Sref, Cref, Bref about Xref, Yref, Zref
 Standard axis orientation,  X fwd, Z down         
     CLsurf  =   0.00000     Clsurf  =  -0.00000
     CYsurf  =  -0.00000     Cmsurf  =  -0.00000
     CDsurf  =  -0.00000     Cnsurf  =   0.00000
     CDisurf =  -0.00000     CDvsurf =   0.00000

 Forces referred to Ssurf, Cave 
     CLsurf  =   0.00000     CDsurf  =  -0.00000

 Strip Forces referred to Strip Area, Chord
    j     Xle      Yle      Zle      Chord    Area     c_cl     ai     cl_norm    cl       cd       cdv    cm_c/4     cm_LE   C.P.x/c
   121  27.0137   0.0000   1.5690  10.0347   0.6931   0.0000   0.0000   0.0000   0.0000  -0.0000   0.0000   0.0000   0.0000   -0.403
   122  27.2327   0.0000   1.6601   9.8296   1.1101   0.0000   0.0000   0.0000   0.0000  -0.0000   0.0000   0.0000   0.0000   -0.366
   123  27.5561   0.0000   1.7947   9.5266   1.4857   0.0000   0.0000   0.0000   0.0000   0.0000   0.0000   0.0000  -0.0000   -0.198
   124  27.9815   0.0000   1.9717   9.1281   1.8040   0.0000  -0.0000   0.0000   0.0000   0.0000   0.0000   0.0000  -0.0000   -0.031
   125  28.5051   0.0000   2.1895   8.6377   2.0517   0.0000  -0.0000   0.0000   0.0000  -0.0000   0.0000   0.0000   0.0000   -0.586
   126  29.1220   0.0000   2.4462   8.0598   2.2181   0.0000  -0.0000   0.0000   0.0000  -0.0000   0.0000   0.0000   0.0000   -0.375
   127  29.8264   0.0000   2.7392   7.4000   2.2957   0.0000  -0.0000   0.0000   0.0000   0.0000   0.0000   0.0000  -0.0000   -0.126
   128  30.6115   0.0000   3.0659   6.6646   2.2808   0.0000  -0.0000   0.0000   0.0000  -0.0000   0.0000   0.0000  -0.0000    0.079
   129  31.4694   0.0000   3.4228   5.8609   2.1733   0.0000  -0.0000   0.0000   0.0000   0.0000   0.0000   0.0000  -0.0000    0.238
   130  32.3918   0.0000   3.8066   4.9969   1.9773   0.0000  -0.0000   0.0000   0.0000  -0.0000   0.0000  -0.0000  -0.0000    0.302
   131  33.0131   0.0000   4.1929   4.4389   1.6667   0.0000  -0.0000   0.0000   0.0000   0.0000   0.0000   0.0000  -0.0000    0.161
   132  33.3001   0.0000   4.5764   4.2198   1.6478   0.0000  -0.0000   0.0000   0.0000  -0.0000   0.0000  -0.0000  -0.0000    0.260
   133  33.5969   0.0000   4.9729   3.9932   1.6033   0.0000  -0.0000   0.0000   0.0000  -0.0000   0.0000   0.0000  -0.0000    0.129
   134  33.9004   0.0000   5.3784   3.7615   1.5362   0.0000  -0.0000   0.0000   0.0000  -0.0000   0.0000   0.0000  -0.0000    0.117
   135  34.2075   0.0000   5.7886   3.5271   1.4499   0.0000  -0.0000   0.0000   0.0000  -0.0000   0.0000   0.0000  -0.0000    0.231
   136  34.5150   0.0000   6.1995   3.2923   1.3482   0.0000  -0.0000   0.0000   0.0000  -0.0000   0.0000  -0.0000  -0.0000    0.294
   137  34.8197   0.0000   6.6066   3.0597   1.2352   0.0000  -0.0000   0.0000   0.0000  -0.0000   0.0000  -0.0000  -0.0000    0.351
   138  35.1185   0.0000   7.0058   2.8315   1.1147   0.0000   0.0000   0.0000   0.0000   0.0000   0.0000  -0.0000  -0.0000    0.464
   139  35.4083   0.0000   7.3929   2.6103   0.9908   0.0000  -0.0000   0.0000   0.0000   0.0000   0.0000  -0.0000  -0.0000    0.382
   140  35.6860   0.0000   7.7640   2.3983   0.8670   0.0000  -0.0000   0.0000   0.0000   0.0000   0.0000  -0.0000  -0.0000    0.422
   141  35.9487   0.0000   8.1150   2.1977   0.7464   0.0000  -0.0000   0.0000   0.0000  -0.0000   0.0000  -0.0000  -0.0000    0.348
   142  36.1937   0.0000   8.4424   2.0106   0.6318   0.0000  -0.0000   0.0000   0.0000  -0.0000   0.0000  -0.0000  -0.0000    0.332
   143  36.4185   0.0000   8.7426   1.8390   0.5251   0.0000  -0.0000   0.0000   0.0000  -0.0000   0.0000  -0.0000  -0.0000    0.279
   144  36.6206   0.0000   9.0127   1.6847   0.4276   0.0000  -0.0000   0.0000   0.0000  -0.0000   0.0000  -0.0000  -0.0000    0.266
   145  36.7980   0.0000   9.2496   1.5493   0.3400   0.0000   0.0000   0.0000   0.0000  -0.0000   0.0000  -0.0000  -0.0000    0.354
   146  36.9487   0.0000   9.4510   1.4342   0.2622   0.0000  -0.0000   0.0000   0.0000  -0.0000   0.0000   0.0000  -0.0000    0.234
   147  37.0713   0.0000   9.6148   1.3407   0.1933   0.0000  -0.0000   0.0000   0.0000  -0.0000   0.0000   0.0000  -0.0000   -0.015
   148  37.1643   0.0000   9.7391   1.2696   0.1322   0.0000  -0.0000   0.0000   0.0000  -0.0000   0.0000   0.0000  -0.0000    0.075
   149  37.2269   0.0000   9.8227   1.2218   0.0769   0.0000   0.0000   0.0000   0.0000  -0.0000   0.0000  -0.0000  -0.0000    0.270
   150  37.2584   0.0000   9.8647   1.1978   0.0252   0.0000  -0.0000   0.0000   0.0000  -0.0000   0.0000   0.0000  -0.0000    0.040

  Surface # 6     fuselage_horizontal                     
     # Chordwise = 10   # Spanwise = 10     First strip =151
     Surface area Ssurf =  123.841199     Ave. chord Cave =   33.112620

 Forces referred to Sref, Cref, Bref about Xref, Yref, Zref
 Standard axis orientation,  X fwd, Z down         
     CLsurf  =   0.00576     Clsurf  =   0.00000
     CYsurf  =   0.00000     Cmsurf  =   0.03925
     CDsurf  =  -0.00015     Cnsurf  =  -0.00000
     CDisurf =  -0.00015     CDvsurf =   0.00000

 Forces referred to Ssurf, Cave 
     CLsurf  =   0.00580     CDsurf  =  -0.00015

 Strip Forces referred to Strip Area, Chord
    j     Xle      Yle      Zle      Chord    Area     c_cl     ai     cl_norm    cl       cd       cdv    cm_c/4     cm_LE   C.P.x/c
   151   5.0231  -1.6830   0.0000  26.5957   9.9468   0.1211   0.1370   0.0553   0.0048  -0.0023   0.0000   0.0031   0.0003   -0.407
   152   2.9203  -1.3090   0.0000  31.2096  11.6724   0.1823   0.1501   0.0226   0.0059  -0.0008   0.0000   0.0038   0.0006   -0.399
   153   1.6676  -0.9350   0.0000  34.0626  12.7394   0.2040   0.1438   0.0145   0.0060  -0.0000   0.0000   0.0046   0.0010   -0.510
   154   0.7666  -0.5610   0.0000  36.1620  13.5246   0.2192   0.1444   0.0101   0.0060   0.0005   0.0000   0.0049   0.0015   -0.557
   155   0.1963  -0.1870   0.0000  37.5333  14.0374   0.2285   0.1468   0.0070   0.0060   0.0012   0.0000   0.0049   0.0024   -0.574
   156   0.1963   0.1870   0.0000  37.5333  14.0374   0.2285   0.1468   0.0070   0.0060   0.0012   0.0000   0.0049   0.0024   -0.574
   157   0.7666   0.5610   0.0000  36.1620  13.5246   0.2192   0.1444   0.0101   0.0060   0.0005   0.0000   0.0049   0.0015   -0.557
   158   1.6676   0.9350   0.0000  34.0626  12.7394   0.2040   0.1438   0.0145   0.0060  -0.0000   0.0000   0.0046   0.0010   -0.510
   159   2.9202   1.3090   0.0000  31.2096  11.6724   0.1823   0.1501   0.0226   0.0059  -0.0008   0.0000   0.0038   0.0006   -0.399
   160   5.0231   1.6830   0.0000  26.5957   9.9468   0.1211   0.1370   0.0553   0.0048  -0.0023   0.0000   0.0031   0.0003   -0.407

  Surface # 7     fuselage_vertical                       
     # Chordwise = 10   # Spanwise = 10     First strip =161
     Surface area Ssurf =  123.841199     Ave. chord Cave =   33.112620

 Forces referred to Sref, Cref, Bref about Xref, Yref, Zref
 Standard axis orientation,  X fwd, Z down         
     CLsurf  =   0.00000     Clsurf  =   0.00000
     CYsurf  =  -0.00000     Cmsurf  =  -0.00000
     CDsurf  =   0.00000     Cnsurf  =   0.00000
     CDisurf =   0.00000     CDvsurf =   0.00000

 Forces referred to Ssurf, Cave 
     CLsurf  =   0.00000     CDsurf  =   0.00000

 Strip Forces referred to Strip Area, Chord
    j     Xle      Yle      Zle      Chord    Area     c_cl     ai     cl_norm    cl       cd       cdv    cm_c/4     cm_LE   C.P.x/c
   161   5.0231   0.0000  -1.6830  26.5957   9.9468   0.0000   0.0000   0.0000   0.0000   0.0000   0.0000  -0.0000  -0.0000  999.000
   162   2.9203   0.0000  -1.3090  31.2096  11.6724   0.0000   0.0000   0.0000   0.0000   0.0000   0.0000   0.0000   0.0000   -0.050
   163   1.6676   0.0000  -0.9350  34.0626  12.7394   0.0000   0.0000   0.0000   0.0000   0.0000   0.0000  -0.0000  -0.0000    0.299
   164   0.7666   0.0000  -0.5610  36.1620  13.5246   0.0000   0.0000   0.0000   0.0000   0.0000   0.0000  -0.0000  -0.0000    0.385
   165   0.1963   0.0000  -0.1870  37.5333  14.0374   0.0000   0.0000   0.0000   0.0000  -0.0000   0.0000  -0.0000  -0.0000    0.484
   166   0.1963   0.0000   0.1870  37.5333  14.0374   0.0000  -0.0000   0.0000   0.0000   0.0000   0.0000  -0.0000  -0.0000    0.596
   167   0.7666   0.0000   0.5610  36.1620  13.5246   0.0000  -0.0000   0.0000   0.0000   0.0000   0.0000  -0.0000  -0.0000    0.607
   168   1.6676   0.0000   0.9350  34.0626  12.7394   0.0000  -0.0000   0.0000   0.0000   0.0000   0.0000  -0.0000  -0.0000    0.702
   169   2.9202   0.0000   1.3090  31.2096  11.6724   0.0000  -0.0000   0.0000   0.0000   0.0000   0.0000  -0.0000  -0.0000    0.654
   170   5.0231   0.0000   1.6830  26.5957   9.9468   0.0000   0.0000   0.0000   0.0000   0.0000   0.0000  -0.0000  -0.0000    0.717
 ---------------------------------------------------------------
