 ---------------------------------------------------------------
 Surface and Strip Forces by surface

  Sref =  124.86       Cref =  4.4875       Bref =  34.320    
  Xref =  15.310       Yref =  0.0000       Zref =-0.48024    

  Surface # 1     main_wing                               
     # Chordwise = 10   # Spanwise = 30     First strip =  1
     Surface area Ssurf =   63.968838     Ave. chord Cave =    3.715026

 Forces referred to Sref, Cref, Bref about Xref, Yref, Zref
 Standard axis orientation,  X fwd, Z down         
     CLsurf  =   0.29925     Clsurf  =  -0.05750
     CYsurf  =  -0.01775     Cmsurf  =  -0.25117
     CDsurf  =   0.00807     Cnsurf  =  -0.00311
     CDisurf =   0.00807     CDvsurf =   0.00000

 Forces referred to Ssurf, Cave 
     CLsurf  =   0.58510     CDsurf  =   0.01575

 Strip Forces referred to Strip Area, Chord
    j     Xle      Yle      Zle      Chord    Area     c_cl     ai     cl_norm    cl       cd       cdv    cm_c/4     cm_LE   C.P.x/c
     1  13.6181   0.0114  -0.9295   7.7520   0.3539   3.9323   0.1381   0.6136   0.4750   0.3900   0.0000  -0.0286  -0.1273    0.310
     2  13.6830   0.1025  -0.9255   7.6885   1.0492   3.6684   0.1376   0.6097   0.4720   0.0792   0.0000  -0.0286  -0.1212    0.311
     3  13.8120   0.2837  -0.9176   7.5620   1.7073   3.6440   0.1361   0.6181   0.4785   0.0596   0.0000  -0.0267  -0.1207    0.306
     4  14.0037   0.5530  -0.9059   7.3741   2.3052   3.6251   0.1333   0.6315   0.4889   0.0528   0.0000  -0.0239  -0.1204    0.299
     5  14.2560   0.9075  -0.8904   7.1267   2.8223   3.5938   0.1281   0.6486   0.5021   0.0470   0.0000  -0.0208  -0.1205    0.291
     6  14.5662   1.3432  -0.8714   6.8226   3.2414   3.5417   0.1183   0.6685   0.5175   0.0412   0.0000  -0.0180  -0.1213    0.285
     7  14.9309   1.8554  -0.8490   6.4651   3.5491   3.4627   0.1007   0.6905   0.5346   0.0352   0.0000  -0.0159  -0.1229    0.280
     8  15.3460   2.4386  -0.8236   6.0582   3.7368   3.3520   0.0827   0.7142   0.5529   0.0288   0.0000  -0.0146  -0.1255    0.276
     9  15.8070   3.0862  -0.7953   5.6062   3.8005   3.2077   0.0706   0.7395   0.5725   0.0218   0.0000  -0.0142  -0.1291    0.275
    10  16.2877   3.7613  -0.7658   5.1351   3.4440   3.0395   0.0594   0.7659   0.5929   0.0151   0.0000  -0.0143  -0.1332    0.274
    11  16.7803   4.4532  -0.7356   4.6522   3.3149   2.8555   0.0467   0.7949   0.6154   0.0087   0.0000  -0.0146  -0.1379    0.274
    12  17.2999   5.1831  -0.7037   4.1429   3.0930   2.6558   0.0279   0.8313   0.6435  -0.0003   0.0000  -0.0146  -0.1435    0.273
    13  17.8026   6.0123  -0.6437   3.7903   3.4706   2.4574   0.0156   0.7979   0.6511  -0.0036   0.0000  -0.0121  -0.1566    0.269
    14  18.2809   6.9353  -0.5549   3.6075   3.3775   2.3040   0.0153   0.7859   0.6413  -0.0024   0.0000  -0.0126  -0.1548    0.270
    15  18.7672   7.8737  -0.4645   3.4215   3.2389   2.1661   0.0132   0.7790   0.6357  -0.0022   0.0000  -0.0132  -0.1542    0.271
    16  19.2562   8.8172  -0.3736   3.2345   3.0619   2.0368   0.0117   0.7749   0.6323  -0.0024   0.0000  -0.0141  -0.1542    0.272
    17  19.7425   9.7556  -0.2833   3.0486   2.8543   1.9130   0.0113   0.7722   0.6301  -0.0027   0.0000  -0.0150  -0.1545    0.274
    18  20.2208  10.6786  -0.1944   2.8657   2.6239   1.7934   0.0117   0.7702   0.6285  -0.0030   0.0000  -0.0162  -0.1551    0.276
    19  20.6858  11.5760  -0.1080   2.6879   2.3787   1.6779   0.0126   0.7683   0.6269  -0.0034   0.0000  -0.0173  -0.1558    0.278
    20  21.1299  12.4328  -0.0255   2.5181   2.1010   1.5672   0.0146   0.7660   0.6251  -0.0035   0.0000  -0.0177  -0.1558    0.278
    21  21.5482  13.2400   0.0523   2.3582   1.8520   1.4604   0.0178   0.7622   0.6219  -0.0033   0.0000  -0.0173  -0.1547    0.278
    22  21.9390  13.9941   0.1249   2.2087   1.6074   1.3539   0.0222   0.7544   0.6156  -0.0030   0.0000  -0.0164  -0.1525    0.277
    23  22.2979  14.6868   0.1916   2.0715   1.3716   1.2443   0.0281   0.7392   0.6032  -0.0027   0.0000  -0.0149  -0.1483    0.275
    24  22.6211  15.3105   0.2516   1.9479   1.1479   1.1262   0.0356   0.7115   0.5806  -0.0021   0.0000  -0.0124  -0.1411    0.271
    25  22.9051  15.8583   0.3044   1.8393   0.9381   0.9930   0.0442   0.6642   0.5420  -0.0009   0.0000  -0.0097  -0.1301    0.268
    26  23.1466  16.3244   0.3493   1.7470   0.7427   0.8387   0.0530   0.5903   0.4817   0.0028   0.0000  -0.0102  -0.1171    0.271
    27  23.5299  16.6722   0.3828   1.4928   0.4131   0.6693   0.0614   1.5174   0.4511  -0.0115   0.0000  -0.0108  -0.0599    0.274
    28  23.9809  16.9098   0.4056   1.1466   0.2292   0.4959   0.0727   1.4685   0.4366  -0.0277   0.0000   0.0068  -0.0499    0.234
    29  24.2843  17.0696   0.4210   0.9138   0.1104   0.3063   0.0818   1.1438   0.3400  -0.0398   0.0000   0.0242  -0.0300    0.179
    30  24.4368  17.1499   0.4287   0.7967   0.0322   0.1038   0.0871   0.4484   0.1333  -0.0291   0.0000   0.0165  -0.0084    0.127

  Surface # 2     main_wing (YDUP)                        
     # Chordwise = 10   # Spanwise = 30     First strip = 31
     Surface area Ssurf =   63.968838     Ave. chord Cave =    3.715026

 Forces referred to Sref, Cref, Bref about Xref, Yref, Zref
 Standard axis orientation,  X fwd, Z down         
     CLsurf  =   0.29925     Clsurf  =   0.05750
     CYsurf  =   0.01775     Cmsurf  =  -0.25117
     CDsurf  =   0.00807     Cnsurf  =   0.00311
     CDisurf =   0.00807     CDvsurf =   0.00000

 Forces referred to Ssurf, Cave 
     CLsurf  =   0.58510     CDsurf  =   0.01575

 Strip Forces referred to Strip Area, Chord
    j     Xle      Yle      Zle      Chord    Area     c_cl     ai     cl_norm    cl       cd       cdv    cm_c/4     cm_LE   C.P.x/c
    31  13.6181  -0.0114  -0.9295   7.7520   0.3539   3.9323   0.1381   0.6136   0.4750   0.3900   0.0000  -0.0286   0.1273    0.310
    32  13.6830  -0.1025  -0.9255   7.6885   1.0492   3.6684   0.1376   0.6097   0.4720   0.0792   0.0000  -0.0286   0.1212    0.311
    33  13.8120  -0.2837  -0.9176   7.5620   1.7073   3.6440   0.1361   0.6181   0.4785   0.0596   0.0000  -0.0267   0.1207    0.306
    34  14.0037  -0.5530  -0.9059   7.3741   2.3052   3.6251   0.1333   0.6315   0.4889   0.0528   0.0000  -0.0239   0.1204    0.299
    35  14.2560  -0.9075  -0.8904   7.1267   2.8223   3.5938   0.1281   0.6486   0.5021   0.0470   0.0000  -0.0208   0.1205    0.291
    36  14.5662  -1.3432  -0.8714   6.8226   3.2414   3.5417   0.1183   0.6685   0.5175   0.0412   0.0000  -0.0180   0.1213    0.285
    37  14.9309  -1.8554  -0.8490   6.4651   3.5491   3.4627   0.1007   0.6905   0.5346   0.0352   0.0000  -0.0159   0.1229    0.280
    38  15.3460  -2.4386  -0.8236   6.0582   3.7368   3.3520   0.0827   0.7142   0.5529   0.0288   0.0000  -0.0146   0.1255    0.276
    39  15.8070  -3.0862  -0.7953   5.6062   3.8005   3.2077   0.0706   0.7395   0.5725   0.0218   0.0000  -0.0142   0.1291    0.275
    40  16.2877  -3.7613  -0.7658   5.1351   3.4440   3.0395   0.0594   0.7659   0.5929   0.0151   0.0000  -0.0143   0.1332    0.274
    41  16.7803  -4.4532  -0.7356   4.6522   3.3149   2.8555   0.0467   0.7949   0.6154   0.0087   0.0000  -0.0146   0.1379    0.274
    42  17.2999  -5.1831  -0.7037   4.1429   3.0930   2.6558   0.0279   0.8313   0.6435  -0.0003   0.0000  -0.0146   0.1435    0.273
    43  17.8026  -6.0123  -0.6437   3.7903   3.4706   2.4574   0.0156   0.7979   0.6511  -0.0036   0.0000  -0.0121   0.1566    0.269
    44  18.2809  -6.9353  -0.5549   3.6075   3.3775   2.3040   0.0153   0.7859   0.6413  -0.0024   0.0000  -0.0126   0.1548    0.270
    45  18.7672  -7.8737  -0.4645   3.4215   3.2389   2.1661   0.0132   0.7790   0.6357  -0.0022   0.0000  -0.0132   0.1542    0.271
    46  19.2562  -8.8172  -0.3736   3.2345   3.0619   2.0368   0.0117   0.7749   0.6323  -0.0024   0.0000  -0.0141   0.1542    0.272
    47  19.7425  -9.7556  -0.2833   3.0486   2.8543   1.9130   0.0113   0.7722   0.6301  -0.0027   0.0000  -0.0150   0.1545    0.274
    48  20.2208 -10.6786  -0.1944   2.8657   2.6239   1.7934   0.0117   0.7702   0.6285  -0.0030   0.0000  -0.0162   0.1551    0.276
    49  20.6858 -11.5760  -0.1080   2.6879   2.3787   1.6779   0.0126   0.7683   0.6269  -0.0034   0.0000  -0.0173   0.1558    0.278
    50  21.1299 -12.4328  -0.0255   2.5181   2.1010   1.5672   0.0146   0.7660   0.6251  -0.0035   0.0000  -0.0177   0.1558    0.278
    51  21.5482 -13.2400   0.0523   2.3582   1.8520   1.4604   0.0178   0.7622   0.6219  -0.0033   0.0000  -0.0173   0.1547    0.278
    52  21.9390 -13.9941   0.1249   2.2087   1.6074   1.3539   0.0222   0.7544   0.6156  -0.0030   0.0000  -0.0164   0.1525    0.277
    53  22.2979 -14.6868   0.1916   2.0715   1.3716   1.2443   0.0281   0.7392   0.6032  -0.0027   0.0000  -0.0149   0.1483    0.275
    54  22.6211 -15.3105   0.2516   1.9479   1.1479   1.1262   0.0356   0.7115   0.5806  -0.0021   0.0000  -0.0124   0.1411    0.271
    55  22.9051 -15.8583   0.3044   1.8393   0.9381   0.9930   0.0442   0.6642   0.5420  -0.0009   0.0000  -0.0097   0.1301    0.268
    56  23.1466 -16.3244   0.3493   1.7470   0.7427   0.8387   0.0530   0.5903   0.4817   0.0028   0.0000  -0.0102   0.1171    0.271
    57  23.5299 -16.6722   0.3828   1.4928   0.4131   0.6693   0.0614   1.5174   0.4511  -0.0115   0.0000  -0.0108   0.0599    0.274
    58  23.9809 -16.9098   0.4056   1.1466   0.2292   0.4959   0.0727   1.4685   0.4366  -0.0277   0.0000   0.0068   0.0499    0.234
    59  24.2843 -17.0696   0.4210   0.9138   0.1104   0.3063   0.0818   1.1438   0.3400  -0.0398   0.0000   0.0242   0.0300    0.179
    60  24.4368 -17.1499   0.4287   0.7967   0.0322   0.1038   0.0871   0.4484   0.1333  -0.0291   0.0000   0.0165   0.0084    0.127

  Surface # 3     horizontal_stabilizer                   
     # Chordwise = 10   # Spanwise = 30     First strip = 61
     Surface area Ssurf =   20.744605     Ave. chord Cave =    2.848571

 Forces referred to Sref, Cref, Bref about Xref, Yref, Zref
 Standard axis orientation,  X fwd, Z down         
     CLsurf  =   0.02594     Clsurf  =  -0.00278
     CYsurf  =  -0.00412     Cmsurf  =  -0.11975
     CDsurf  =   0.00149     Cnsurf  =   0.00234
     CDisurf =   0.00149     CDvsurf =   0.00000

 Forces referred to Ssurf, Cave 
     CLsurf  =   0.15810     CDsurf  =   0.00898

 Strip Forces referred to Strip Area, Chord
    j     Xle      Yle      Zle      Chord    Area     c_cl     ai     cl_norm    cl       cd       cdv    cm_c/4     cm_LE   C.P.x/c
    61  33.0230   0.0046   1.4667   4.2713   0.0803   0.5457   0.0902   0.1631   0.1250   0.0377   0.0000  -0.0073  -0.0337    0.308
    62  33.0469   0.0418   1.4723   4.2566   0.2392   0.5042   0.0904   0.1540   0.1179   0.0110   0.0000  -0.0072  -0.0316    0.311
    63  33.0943   0.1156   1.4835   4.2274   0.3930   0.5012   0.0904   0.1543   0.1182   0.0093   0.0000  -0.0068  -0.0313    0.308
    64  33.1649   0.2254   1.5002   4.1839   0.5386   0.5006   0.0900   0.1558   0.1193   0.0089   0.0000  -0.0062  -0.0311    0.302
    65  33.2578   0.3698   1.5221   4.1268   0.6730   0.5005   0.0890   0.1579   0.1210   0.0088   0.0000  -0.0055  -0.0308    0.295
    66  33.3719   0.5474   1.5490   4.0565   0.7936   0.5004   0.0875   0.1607   0.1231   0.0087   0.0000  -0.0047  -0.0306    0.288
    67  33.5097   0.7617   1.5816   3.9717   0.9441   0.5002   0.0851   0.1640   0.1257   0.0087   0.0000  -0.0039  -0.0305    0.281
    68  33.6704   1.0116   1.6195   3.8728   1.0344   0.4996   0.0820   0.1681   0.1287   0.0087   0.0000  -0.0032  -0.0306    0.275
    69  33.8488   1.2891   1.6616   3.7630   1.1046   0.4989   0.0780   0.1727   0.1323   0.0087   0.0000  -0.0027  -0.0309    0.270
    70  34.0430   1.5912   1.7075   3.6435   1.1542   0.4980   0.0736   0.1781   0.1364   0.0088   0.0000  -0.0022  -0.0314    0.266
    71  34.2510   1.9146   1.7565   3.5155   1.1831   0.4971   0.0692   0.1843   0.1412   0.0089   0.0000  -0.0018  -0.0321    0.263
    72  34.4703   2.2558   1.8083   3.3805   1.1921   0.4962   0.0652   0.1913   0.1465   0.0090   0.0000  -0.0014  -0.0329    0.260
    73  34.6987   2.6109   1.8622   3.2400   1.1821   0.4953   0.0620   0.1993   0.1526   0.0092   0.0000  -0.0011  -0.0340    0.257
    74  34.9335   2.9762   1.9177   3.0955   1.1548   0.4942   0.0594   0.2081   0.1594   0.0093   0.0000  -0.0008  -0.0352    0.255
    75  35.1723   3.3476   1.9740   2.9485   1.1122   0.4925   0.0575   0.2178   0.1668   0.0095   0.0000  -0.0005  -0.0365    0.253
    76  35.4124   3.7210   2.0307   2.8008   1.0564   0.4898   0.0561   0.2281   0.1747   0.0096   0.0000  -0.0001  -0.0379    0.251
    77  35.6512   4.0924   2.0871   2.6538   0.9900   0.4854   0.0551   0.2386   0.1828   0.0097   0.0000   0.0003  -0.0393    0.248
    78  35.8861   4.4577   2.1425   2.5093   0.9155   0.4789   0.0545   0.2490   0.1907   0.0097   0.0000   0.0008  -0.0406    0.246
    79  36.1144   4.8128   2.1964   2.3687   0.8353   0.4696   0.0545   0.2587   0.1981   0.0097   0.0000   0.0014  -0.0416    0.243
    80  36.3338   5.1540   2.2482   2.2338   0.7518   0.4569   0.0548   0.2670   0.2045   0.0095   0.0000   0.0022  -0.0424    0.239
    81  36.5417   5.4774   2.2973   2.1058   0.6671   0.4403   0.0557   0.2729   0.2091   0.0093   0.0000   0.0032  -0.0425    0.235
    82  36.7359   5.7795   2.3431   1.9862   0.5830   0.4194   0.0570   0.2757   0.2111   0.0090   0.0000   0.0044  -0.0420    0.229
    83  36.9144   6.0570   2.3852   1.8764   0.5012   0.3936   0.0587   0.2739   0.2098   0.0084   0.0000   0.0059  -0.0404    0.222
    84  37.0750   6.3069   2.4232   1.7776   0.4225   0.3628   0.0607   0.2666   0.2042   0.0078   0.0000   0.0077  -0.0377    0.212
    85  37.2162   6.5264   2.4565   1.6907   0.3478   0.3266   0.0628   0.2524   0.1933   0.0069   0.0000   0.0096  -0.0337    0.200
    86  37.3480   6.7314   2.4876   1.6096   0.3326   0.2829   0.0650   0.2297   0.1759   0.0059   0.0000   0.0115  -0.0284    0.185
    87  37.4657   6.9144   2.5154   1.5372   0.2507   0.2290   0.0671   0.1947   0.1491   0.0045   0.0000   0.0126  -0.0217    0.165
    88  37.5551   7.0535   2.5365   1.4822   0.1746   0.1685   0.0688   0.1487   0.1139   0.0029   0.0000   0.0120  -0.0146    0.145
    89  37.6153   7.1471   2.5508   1.4451   0.1029   0.1032   0.0700   0.0934   0.0715   0.0014   0.0000   0.0088  -0.0081    0.127
    90  37.6455   7.1941   2.5579   1.4265   0.0340   0.0347   0.0706   0.0319   0.0245  -0.0002   0.0000   0.0033  -0.0025    0.116

  Surface # 4     horizontal_stabilizer (YDUP)            
     # Chordwise = 10   # Spanwise = 30     First strip = 91
     Surface area Ssurf =   20.744605     Ave. chord Cave =    2.848571

 Forces referred to Sref, Cref, Bref about Xref, Yref, Zref
 Standard axis orientation,  X fwd, Z down         
     CLsurf  =   0.02594     Clsurf  =   0.00278
     CYsurf  =   0.00412     Cmsurf  =  -0.11975
     CDsurf  =   0.00149     Cnsurf  =  -0.00234
     CDisurf =   0.00149     CDvsurf =   0.00000

 Forces referred to Ssurf, Cave 
     CLsurf  =   0.15810     CDsurf  =   0.00898

 Strip Forces referred to Strip Area, Chord
    j     Xle      Yle      Zle      Chord    Area     c_cl     ai     cl_norm    cl       cd       cdv    cm_c/4     cm_LE   C.P.x/c
    91  33.0230  -0.0046   1.4667   4.2713   0.0803   0.5457   0.0902   0.1631   0.1250   0.0377   0.0000  -0.0073   0.0337    0.308
    92  33.0469  -0.0418   1.4723   4.2566   0.2392   0.5042   0.0904   0.1540   0.1179   0.0110   0.0000  -0.0072   0.0316    0.311
    93  33.0943  -0.1156   1.4835   4.2274   0.3930   0.5012   0.0904   0.1543   0.1182   0.0093   0.0000  -0.0068   0.0313    0.308
    94  33.1649  -0.2254   1.5002   4.1839   0.5386   0.5006   0.0900   0.1558   0.1193   0.0089   0.0000  -0.0062   0.0311    0.302
    95  33.2578  -0.3698   1.5221   4.1268   0.6730   0.5005   0.0890   0.1579   0.1210   0.0088   0.0000  -0.0055   0.0308    0.295
    96  33.3719  -0.5474   1.5490   4.0565   0.7936   0.5004   0.0875   0.1607   0.1231   0.0087   0.0000  -0.0047   0.0306    0.288
    97  33.5097  -0.7617   1.5816   3.9717   0.9441   0.5002   0.0851   0.1640   0.1257   0.0087   0.0000  -0.0039   0.0305    0.281
    98  33.6704  -1.0116   1.6195   3.8728   1.0344   0.4996   0.0820   0.1681   0.1287   0.0087   0.0000  -0.0032   0.0306    0.275
    99  33.8488  -1.2891   1.6616   3.7630   1.1046   0.4989   0.0780   0.1727   0.1323   0.0087   0.0000  -0.0027   0.0309    0.270
   100  34.0430  -1.5912   1.7075   3.6435   1.1542   0.4980   0.0736   0.1781   0.1364   0.0088   0.0000  -0.0022   0.0314    0.266
   101  34.2510  -1.9146   1.7565   3.5155   1.1831   0.4971   0.0692   0.1843   0.1412   0.0089   0.0000  -0.0018   0.0321    0.263
   102  34.4703  -2.2558   1.8083   3.3805   1.1921   0.4962   0.0652   0.1913   0.1465   0.0090   0.0000  -0.0014   0.0329    0.260
   103  34.6987  -2.6109   1.8622   3.2400   1.1821   0.4953   0.0620   0.1993   0.1526   0.0092   0.0000  -0.0011   0.0340    0.257
   104  34.9335  -2.9762   1.9177   3.0955   1.1548   0.4942   0.0594   0.2081   0.1594   0.0093   0.0000  -0.0008   0.0352    0.255
   105  35.1723  -3.3476   1.9740   2.9485   1.1122   0.4925   0.0575   0.2178   0.1668   0.0095   0.0000  -0.0005   0.0365    0.253
   106  35.4124  -3.7210   2.0307   2.8008   1.0564   0.4898   0.0561   0.2281   0.1747   0.0096   0.0000  -0.0001   0.0379    0.251
   107  35.6512  -4.0924   2.0871   2.6538   0.9900   0.4854   0.0551   0.2386   0.1828   0.0097   0.0000   0.0003   0.0393    0.248
   108  35.8861  -4.4577   2.1425   2.5093   0.9155   0.4789   0.0545   0.2490   0.1907   0.0097   0.0000   0.0008   0.0406    0.246
   109  36.1144  -4.8128   2.1964   2.3687   0.8353   0.4696   0.0545   0.2587   0.1981   0.0097   0.0000   0.0014   0.0416    0.243
   110  36.3338  -5.1540   2.2482   2.2338   0.7518   0.4569   0.0548   0.2670   0.2045   0.0095   0.0000   0.0022   0.0424    0.239
   111  36.5417  -5.4774   2.2973   2.1058   0.6671   0.4403   0.0557   0.2729   0.2091   0.0093   0.0000   0.0032   0.0425    0.235
   112  36.7359  -5.7795   2.3431   1.9862   0.5830   0.4194   0.0570   0.2757   0.2111   0.0090   0.0000   0.0044   0.0420    0.229
   113  36.9144  -6.0570   2.3852   1.8764   0.5012   0.3936   0.0587   0.2739   0.2098   0.0084   0.0000   0.0059   0.0404    0.222
   114  37.0750  -6.3069   2.4232   1.7776   0.4225   0.3628   0.0607   0.2666   0.2042   0.0078   0.0000   0.0077   0.0377    0.212
   115  37.2162  -6.5264   2.4565   1.6907   0.3478   0.3266   0.0628   0.2524   0.1933   0.0069   0.0000   0.0096   0.0337    0.200
   116  37.3480  -6.7314   2.4876   1.6096   0.3326   0.2829   0.0650   0.2297   0.1759   0.0059   0.0000   0.0115   0.0284    0.185
   117  37.4657  -6.9144   2.5154   1.5372   0.2507   0.2290   0.0671   0.1947   0.1491   0.0045   0.0000   0.0126   0.0217    0.165
   118  37.5551  -7.0535   2.5365   1.4822   0.1746   0.1685   0.0688   0.1487   0.1139   0.0029   0.0000   0.0120   0.0146    0.145
   119  37.6153  -7.1471   2.5508   1.4451   0.1029   0.1032   0.0700   0.0934   0.0715   0.0014   0.0000   0.0088   0.0081    0.127
   120  37.6455  -7.1941   2.5579   1.4265   0.0340   0.0347   0.0706   0.0319   0.0245  -0.0002   0.0000   0.0033   0.0025    0.116

  Surface # 5     vertical_stabilizer                     
     # Chordwise = 10   # Spanwise = 30     First strip =121
     Surface area Ssurf =   34.910363     Ave. chord Cave =    4.190920

 Forces referred to Sref, Cref, Bref about Xref, Yref, Zref
 Standard axis orientation,  X fwd, Z down         
     CLsurf  =  -0.00000     Clsurf  =   0.00000
     CYsurf  =   0.00000     Cmsurf  =   0.00000
     CDsurf  =   0.00000     Cnsurf  =  -0.00000
     CDisurf =   0.00000     CDvsurf =   0.00000

 Forces referred to Ssurf, Cave 
     CLsurf  =  -0.00000     CDsurf  =   0.00000

 Strip Forces referred to Strip Area, Chord
    j     Xle      Yle      Zle      Chord    Area     c_cl     ai     cl_norm    cl       cd       cdv    cm_c/4     cm_LE   C.P.x/c
   121  27.0137   0.0000   1.5690  10.0347   0.6931  -0.0000   0.0000  -0.0000  -0.0000   0.0000   0.0000  -0.0000  -0.0000   -0.297
   122  27.2327   0.0000   1.6601   9.8296   1.1101  -0.0000   0.0000  -0.0000  -0.0000  -0.0000   0.0000  -0.0000   0.0000    0.233
   123  27.5561   0.0000   1.7947   9.5266   1.4857  -0.0000  -0.0000  -0.0000  -0.0000  -0.0000   0.0000   0.0000   0.0000    0.600
   124  27.9815   0.0000   1.9717   9.1281   1.8040  -0.0000   0.0000  -0.0000  -0.0000   0.0000   0.0000   0.0000   0.0000    0.593
   125  28.5051   0.0000   2.1895   8.6377   2.0517  -0.0000  -0.0000  -0.0000  -0.0000  -0.0000   0.0000   0.0000   0.0000    0.303
   126  29.1220   0.0000   2.4462   8.0598   2.2181  -0.0000  -0.0000  -0.0000  -0.0000   0.0000   0.0000   0.0000   0.0000    0.499
   127  29.8264   0.0000   2.7392   7.4000   2.2957  -0.0000   0.0000  -0.0000  -0.0000   0.0000   0.0000  -0.0000  -0.0000  999.000
   128  30.6115   0.0000   3.0659   6.6646   2.2808  -0.0000   0.0000  -0.0000  -0.0000  -0.0000   0.0000  -0.0000  -0.0000  999.000
   129  31.4694   0.0000   3.4228   5.8609   2.1733   0.0000   0.0000   0.0000   0.0000   0.0000   0.0000  -0.0000  -0.0000  999.000
   130  32.3918   0.0000   3.8066   4.9969   1.9773   0.0000   0.0000   0.0000   0.0000  -0.0000   0.0000  -0.0000  -0.0000  999.000
   131  33.0131   0.0000   4.1929   4.4389   1.6667   0.0000   0.0000   0.0000   0.0000  -0.0000   0.0000  -0.0000  -0.0000  999.000
   132  33.3001   0.0000   4.5764   4.2198   1.6478  -0.0000   0.0000  -0.0000  -0.0000  -0.0000   0.0000  -0.0000  -0.0000   -0.198
   133  33.5969   0.0000   4.9729   3.9932   1.6033  -0.0000   0.0000  -0.0000  -0.0000   0.0000   0.0000  -0.0000   0.0000    0.046
   134  33.9004   0.0000   5.3784   3.7615   1.5362  -0.0000   0.0000  -0.0000  -0.0000   0.0000   0.0000  -0.0000   0.0000   -0.056
   135  34.2075   0.0000   5.7886   3.5271   1.4499  -0.0000   0.0000  -0.0000  -0.0000   0.0000   0.0000  -0.0000  -0.0000  999.000
   136  34.5150   0.0000   6.1995   3.2923   1.3482  -0.0000   0.0000  -0.0000  -0.0000   0.0000   0.0000  -0.0000  -0.0000  999.000
   137  34.8197   0.0000   6.6066   3.0597   1.2352  -0.0000  -0.0000  -0.0000  -0.0000  -0.0000   0.0000  -0.0000   0.0000    0.163
   138  35.1185   0.0000   7.0058   2.8315   1.1147  -0.0000   0.0000  -0.0000  -0.0000   0.0000   0.0000  -0.0000   0.0000    0.250
   139  35.4083   0.0000   7.3929   2.6103   0.9908  -0.0000   0.0000  -0.0000  -0.0000  -0.0000   0.0000   0.0000   0.0000    0.302
   140  35.6860   0.0000   7.7640   2.3983   0.8670  -0.0000   0.0000  -0.0000  -0.0000  -0.0000   0.0000  -0.0000  -0.0000   -0.915
   141  35.9487   0.0000   8.1150   2.1977   0.7464  -0.0000  -0.0000  -0.0000  -0.0000  -0.0000   0.0000  -0.0000  -0.0000   -0.502
   142  36.1937   0.0000   8.4424   2.0106   0.6318  -0.0000   0.0000  -0.0000  -0.0000   0.0000   0.0000  -0.0000  -0.0000   -0.312
   143  36.4185   0.0000   8.7426   1.8390   0.5251  -0.0000  -0.0000  -0.0000  -0.0000  -0.0000   0.0000   0.0000   0.0000    0.410
   144  36.6206   0.0000   9.0127   1.6847   0.4276  -0.0000  -0.0000  -0.0000  -0.0000  -0.0000   0.0000   0.0000   0.0000    0.419
   145  36.7980   0.0000   9.2496   1.5493   0.3400  -0.0000   0.0000  -0.0000  -0.0000  -0.0000   0.0000  -0.0000   0.0000    0.210
   146  36.9487   0.0000   9.4510   1.4342   0.2622  -0.0000  -0.0000  -0.0000  -0.0000   0.0000   0.0000   0.0000   0.0000    0.311
   147  37.0713   0.0000   9.6148   1.3407   0.1933  -0.0000  -0.0000  -0.0000  -0.0000   0.0000   0.0000   0.0000   0.0000    0.687
   148  37.1643   0.0000   9.7391   1.2696   0.1322  -0.0000   0.0000  -0.0000  -0.0000   0.0000   0.0000   0.0000   0.0000    0.683
   149  37.2269   0.0000   9.8227   1.2218   0.0769  -0.0000   0.0000  -0.0000  -0.0000  -0.0000   0.0000   0.0000   0.0000    0.621
   150  37.2584   0.0000   9.8647   1.1978   0.0252  -0.0000   0.0000  -0.0000  -0.0000   0.0000   0.0000  -0.0000   0.0000    0.104

  Surface # 6     fuselage_horizontal                     
     # Chordwise = 10   # Spanwise = 10     First strip =151
     Surface area Ssurf =  123.841199     Ave. chord Cave =   33.112620

 Forces referred to Sref, Cref, Bref about Xref, Yref, Zref
 Standard axis orientation,  X fwd, Z down         
     CLsurf  =   0.00638     Clsurf  =   0.00000
     CYsurf  =   0.00000     Cmsurf  =   0.04436
     CDsurf  =  -0.00023     Cnsurf  =   0.00000
     CDisurf =  -0.00023     CDvsurf =   0.00000

 Forces referred to Ssurf, Cave 
     CLsurf  =   0.00643     CDsurf  =  -0.00023

 Strip Forces referred to Strip Area, Chord
    j     Xle      Yle      Zle      Chord    Area     c_cl     ai     cl_norm    cl       cd       cdv    cm_c/4     cm_LE   C.P.x/c
   151   5.0231  -1.6830   0.0000  26.5957   9.9468   0.1396   0.1258   0.0629   0.0054  -0.0019   0.0000   0.0037   0.0003   -0.428
   152   2.9203  -1.3090   0.0000  31.2096  11.6724   0.2031   0.1370   0.0251   0.0066  -0.0007   0.0000   0.0045   0.0007   -0.427
   153   1.6676  -0.9350   0.0000  34.0626  12.7394   0.2265   0.1308   0.0162   0.0067  -0.0002   0.0000   0.0052   0.0012   -0.522
   154   0.7666  -0.5610   0.0000  36.1620  13.5246   0.2401   0.1297   0.0111   0.0066   0.0002   0.0000   0.0055   0.0017   -0.576
   155   0.1963  -0.1870   0.0000  37.5333  14.0374   0.2478   0.1308   0.0076   0.0066   0.0008   0.0000   0.0056   0.0027   -0.598
   156   0.1963   0.1870   0.0000  37.5333  14.0374   0.2478   0.1308   0.0076   0.0066   0.0008   0.0000   0.0056   0.0027   -0.598
   157   0.7666   0.5610   0.0000  36.1620  13.5246   0.2401   0.1297   0.0111   0.0066   0.0002   0.0000   0.0055   0.0017   -0.576
   158   1.6676   0.9350   0.0000  34.0626  12.7394   0.2265   0.1308   0.0162   0.0067  -0.0002   0.0000   0.0052   0.0012   -0.522
   159   2.9202   1.3090   0.0000  31.2096  11.6724   0.2031   0.1370   0.0251   0.0066  -0.0007   0.0000   0.0045   0.0007   -0.427
   160   5.0231   1.6830   0.0000  26.5957   9.9468   0.1396   0.1258   0.0629   0.0054  -0.0019   0.0000   0.0037   0.0003   -0.428

  Surface # 7     fuselage_vertical                       
     # Chordwise = 10   # Spanwise = 10     First strip =161
     Surface area Ssurf =  123.841199     Ave. chord Cave =   33.112620

 Forces referred to Sref, Cref, Bref about Xref, Yref, Zref
 Standard axis orientation,  X fwd, Z down         
     CLsurf  =  -0.00000     Clsurf  =   0.00000
     CYsurf  =   0.00000     Cmsurf  =   0.00000
     CDsurf  =  -0.00000     Cnsurf  =  -0.00000
     CDisurf =  -0.00000     CDvsurf =   0.00000

 Forces referred to Ssurf, Cave 
     CLsurf  =  -0.00000     CDsurf  =  -0.00000

 Strip Forces referred to Strip Area, Chord
    j     Xle      Yle      Zle      Chord    Area     c_cl     ai     cl_norm    cl       cd       cdv    cm_c/4     cm_LE   C.P.x/c
   161   5.0231   0.0000  -1.6830  26.5957   9.9468   0.0000   0.0000   0.0000   0.0000   0.0000   0.0000   0.0000   0.0000   -0.132
   162   2.9203   0.0000  -1.3090  31.2096  11.6724   0.0000   0.0000   0.0000   0.0000   0.0000   0.0000   0.0000   0.0000    0.133
   163   1.6676   0.0000  -0.9350  34.0626  12.7394   0.0000   0.0000   0.0000   0.0000   0.0000   0.0000   0.0000   0.0000  999.000
   164   0.7666   0.0000  -0.5610  36.1620  13.5246  -0.0000   0.0000  -0.0000  -0.0000  -0.0000   0.0000   0.0000   0.0000    1.461
   165   0.1963   0.0000  -0.1870  37.5333  14.0374  -0.0000   0.0000  -0.0000  -0.0000   0.0000   0.0000   0.0000   0.0000    0.947
   166   0.1963   0.0000   0.1870  37.5333  14.0374  -0.0000  -0.0000  -0.0000  -0.0000   0.0000   0.0000   0.0000   0.0000    1.232
   167   0.7666   0.0000   0.5610  36.1620  13.5246  -0.0000  -0.0000  -0.0000  -0.0000  -0.0000   0.0000   0.0000   0.0000    1.014
   168   1.6676   0.0000   0.9350  34.0626  12.7394  -0.0000  -0.0000  -0.0000  -0.0000   0.0000   0.0000   0.0000   0.0000    1.072
   169   2.9202   0.0000   1.3090  31.2096  11.6724  -0.0000  -0.0000  -0.0000  -0.0000  -0.0000   0.0000   0.0000   0.0000    0.978
   170   5.0231   0.0000   1.6830  26.5957   9.9468  -0.0000   0.0000  -0.0000  -0.0000  -0.0000   0.0000   0.0000   0.0000    1.222
 ---------------------------------------------------------------
