 ---------------------------------------------------------------
 Surface and Strip Forces by surface

  Sref =  124.86       Cref =  4.4875       Bref =  34.320    
  Xref =  15.310       Yref =  0.0000       Zref =-0.48024    

  Surface # 1     main_wing                               
     # Chordwise = 10   # Spanwise = 30     First strip =  1
     Surface area Ssurf =   63.968838     Ave. chord Cave =    3.715026

 Forces referred to Sref, Cref, Bref about Xref, Yref, Zref
 Standard axis orientation,  X fwd, Z down         
     CLsurf  =   0.10196     Clsurf  =  -0.01676
     CYsurf  =  -0.00700     Cmsurf  =  -0.07864
     CDsurf  =   0.00139     Cnsurf  =   0.00078
     CDisurf =   0.00139     CDvsurf =   0.00000

 Forces referred to Ssurf, Cave 
     CLsurf  =   0.19948     CDsurf  =   0.00271

 Strip Forces referred to Strip Area, Chord
    j     Xle      Yle      Zle      Chord    Area     c_cl     ai     cl_norm    cl       cd       cdv    cm_c/4     cm_LE   C.P.x/c
     1  13.6181   0.0114  -0.9295   7.7520   0.3539   1.7099   0.0494   0.2844   0.2206   0.0850   0.0000  -0.0151  -0.0572    0.318
     2  13.6830   0.1025  -0.9255   7.6885   1.0492   1.6526   0.0487   0.2771   0.2149   0.0183   0.0000  -0.0150  -0.0560    0.320
     3  13.8120   0.2837  -0.9176   7.5620   1.7073   1.6443   0.0471   0.2803   0.2174   0.0139   0.0000  -0.0143  -0.0560    0.316
     4  14.0037   0.5530  -0.9059   7.3741   2.3052   1.6317   0.0444   0.2853   0.2213   0.0122   0.0000  -0.0132  -0.0558    0.310
     5  14.2560   0.9075  -0.8904   7.1267   2.8223   1.6077   0.0411   0.2909   0.2256   0.0106   0.0000  -0.0120  -0.0558    0.303
     6  14.5662   1.3432  -0.8714   6.8226   3.2414   1.5673   0.0388   0.2962   0.2297   0.0090   0.0000  -0.0111  -0.0558    0.298
     7  14.9309   1.8554  -0.8490   6.4651   3.5491   1.5064   0.0408   0.3004   0.2330   0.0072   0.0000  -0.0105  -0.0561    0.295
     8  15.3460   2.4386  -0.8236   6.0582   3.7368   1.4222   0.0411   0.3027   0.2348   0.0053   0.0000  -0.0105  -0.0564    0.295
     9  15.8070   3.0862  -0.7953   5.6062   3.8005   1.3146   0.0325   0.3023   0.2345   0.0031   0.0000  -0.0110  -0.0567    0.297
    10  16.2877   3.7613  -0.7658   5.1351   3.4440   1.1929   0.0224   0.2995   0.2323   0.0012   0.0000  -0.0117  -0.0569    0.300
    11  16.7803   4.4532  -0.7356   4.6522   3.3149   1.0638   0.0129   0.2948   0.2287  -0.0002   0.0000  -0.0125  -0.0567    0.304
    12  17.2999   5.1831  -0.7037   4.1429   3.0930   0.9272   0.0002   0.2886   0.2238  -0.0021   0.0000  -0.0135  -0.0566    0.310
    13  17.8026   6.0123  -0.6437   3.7903   3.4706   0.8031  -0.0068   0.2581   0.2119  -0.0025   0.0000  -0.0140  -0.0595    0.316
    14  18.2809   6.9353  -0.5549   3.6075   3.3775   0.7127  -0.0038   0.2406   0.1976  -0.0020   0.0000  -0.0147  -0.0570    0.325
    15  18.7672   7.8737  -0.4645   3.4215   3.2389   0.6383  -0.0019   0.2272   0.1866  -0.0016   0.0000  -0.0156  -0.0553    0.334
    16  19.2562   8.8172  -0.3736   3.2345   3.0619   0.5746  -0.0008   0.2164   0.1777  -0.0014   0.0000  -0.0167  -0.0543    0.344
    17  19.7425   9.7556  -0.2833   3.0486   2.8543   0.5190  -0.0004   0.2073   0.1702  -0.0012   0.0000  -0.0179  -0.0537    0.355
    18  20.2208  10.6786  -0.1944   2.8657   2.6239   0.4700  -0.0003   0.1997   0.1640  -0.0011   0.0000  -0.0192  -0.0535    0.367
    19  20.6858  11.5760  -0.1080   2.6879   2.3787   0.4269  -0.0002   0.1934   0.1588  -0.0011   0.0000  -0.0207  -0.0537    0.380
    20  21.1299  12.4328  -0.0255   2.5181   2.1010   0.3902   0.0003   0.1887   0.1550  -0.0010   0.0000  -0.0216  -0.0536    0.389
    21  21.5482  13.2400   0.0523   2.3582   1.8520   0.3589   0.0014   0.1854   0.1522  -0.0008   0.0000  -0.0217  -0.0531    0.393
    22  21.9390  13.9941   0.1249   2.2087   1.6074   0.3305   0.0028   0.1822   0.1496  -0.0007   0.0000  -0.0216  -0.0525    0.394
    23  22.2979  14.6868   0.1916   2.0715   1.3716   0.3033   0.0047   0.1783   0.1464  -0.0006   0.0000  -0.0213  -0.0515    0.395
    24  22.6211  15.3105   0.2516   1.9479   1.1479   0.2754   0.0071   0.1722   0.1414  -0.0004   0.0000  -0.0206  -0.0498    0.396
    25  22.9051  15.8583   0.3044   1.8393   0.9381   0.2445   0.0099   0.1619   0.1329  -0.0003   0.0000  -0.0195  -0.0469    0.397
    26  23.1466  16.3244   0.3493   1.7470   0.7427   0.2082   0.0129   0.1452   0.1192  -0.0002   0.0000  -0.0182  -0.0426    0.403
    27  23.5299  16.6722   0.3828   1.4928   0.4131   0.1673   0.0154   0.3742   0.1121  -0.0007   0.0000  -0.0149  -0.0201    0.383
    28  23.9809  16.9098   0.4056   1.1466   0.2292   0.1248   0.0188   0.3632   0.1088  -0.0015   0.0000  -0.0096  -0.0172    0.338
    29  24.2843  17.0696   0.4210   0.9138   0.1104   0.0775   0.0218   0.2832   0.0849  -0.0021   0.0000  -0.0030  -0.0113    0.286
    30  24.4368  17.1499   0.4287   0.7967   0.0322   0.0264   0.0239   0.1105   0.0331  -0.0015   0.0000   0.0001  -0.0038    0.247

  Surface # 2     main_wing (YDUP)                        
     # Chordwise = 10   # Spanwise = 30     First strip = 31
     Surface area Ssurf =   63.968838     Ave. chord Cave =    3.715026

 Forces referred to Sref, Cref, Bref about Xref, Yref, Zref
 Standard axis orientation,  X fwd, Z down         
     CLsurf  =   0.10196     Clsurf  =   0.01676
     CYsurf  =   0.00700     Cmsurf  =  -0.07864
     CDsurf  =   0.00139     Cnsurf  =  -0.00078
     CDisurf =   0.00139     CDvsurf =   0.00000

 Forces referred to Ssurf, Cave 
     CLsurf  =   0.19948     CDsurf  =   0.00271

 Strip Forces referred to Strip Area, Chord
    j     Xle      Yle      Zle      Chord    Area     c_cl     ai     cl_norm    cl       cd       cdv    cm_c/4     cm_LE   C.P.x/c
    31  13.6181  -0.0114  -0.9295   7.7520   0.3539   1.7099   0.0494   0.2844   0.2206   0.0850   0.0000  -0.0151   0.0572    0.318
    32  13.6830  -0.1025  -0.9255   7.6885   1.0492   1.6526   0.0487   0.2771   0.2149   0.0183   0.0000  -0.0150   0.0560    0.320
    33  13.8120  -0.2837  -0.9176   7.5620   1.7073   1.6443   0.0471   0.2803   0.2174   0.0139   0.0000  -0.0143   0.0560    0.316
    34  14.0037  -0.5530  -0.9059   7.3741   2.3052   1.6317   0.0444   0.2853   0.2213   0.0122   0.0000  -0.0132   0.0558    0.310
    35  14.2560  -0.9075  -0.8904   7.1267   2.8223   1.6077   0.0411   0.2909   0.2256   0.0106   0.0000  -0.0120   0.0558    0.303
    36  14.5662  -1.3432  -0.8714   6.8226   3.2414   1.5673   0.0388   0.2962   0.2297   0.0090   0.0000  -0.0111   0.0558    0.298
    37  14.9309  -1.8554  -0.8490   6.4651   3.5491   1.5064   0.0408   0.3004   0.2330   0.0072   0.0000  -0.0105   0.0561    0.295
    38  15.3460  -2.4386  -0.8236   6.0582   3.7368   1.4222   0.0411   0.3027   0.2348   0.0053   0.0000  -0.0105   0.0564    0.295
    39  15.8070  -3.0862  -0.7953   5.6062   3.8005   1.3146   0.0325   0.3023   0.2345   0.0031   0.0000  -0.0110   0.0567    0.297
    40  16.2877  -3.7613  -0.7658   5.1351   3.4440   1.1929   0.0224   0.2995   0.2323   0.0012   0.0000  -0.0117   0.0569    0.300
    41  16.7803  -4.4532  -0.7356   4.6522   3.3149   1.0638   0.0129   0.2948   0.2287  -0.0002   0.0000  -0.0125   0.0567    0.304
    42  17.2999  -5.1831  -0.7037   4.1429   3.0930   0.9272   0.0002   0.2886   0.2238  -0.0021   0.0000  -0.0135   0.0566    0.310
    43  17.8026  -6.0123  -0.6437   3.7903   3.4706   0.8031  -0.0068   0.2581   0.2119  -0.0025   0.0000  -0.0140   0.0595    0.316
    44  18.2809  -6.9353  -0.5549   3.6075   3.3775   0.7127  -0.0038   0.2406   0.1976  -0.0020   0.0000  -0.0147   0.0570    0.325
    45  18.7672  -7.8737  -0.4645   3.4215   3.2389   0.6383  -0.0019   0.2272   0.1866  -0.0016   0.0000  -0.0156   0.0553    0.334
    46  19.2562  -8.8172  -0.3736   3.2345   3.0619   0.5746  -0.0008   0.2164   0.1777  -0.0014   0.0000  -0.0167   0.0543    0.344
    47  19.7425  -9.7556  -0.2833   3.0486   2.8543   0.5190  -0.0004   0.2073   0.1702  -0.0012   0.0000  -0.0179   0.0537    0.355
    48  20.2208 -10.6786  -0.1944   2.8657   2.6239   0.4700  -0.0003   0.1997   0.1640  -0.0011   0.0000  -0.0192   0.0535    0.367
    49  20.6858 -11.5760  -0.1080   2.6879   2.3787   0.4269  -0.0002   0.1934   0.1588  -0.0011   0.0000  -0.0207   0.0537    0.380
    50  21.1299 -12.4328  -0.0255   2.5181   2.1010   0.3902   0.0003   0.1887   0.1550  -0.0010   0.0000  -0.0216   0.0536    0.389
    51  21.5482 -13.2400   0.0523   2.3582   1.8520   0.3589   0.0014   0.1854   0.1522  -0.0008   0.0000  -0.0217   0.0531    0.393
    52  21.9390 -13.9941   0.1249   2.2087   1.6074   0.3305   0.0028   0.1822   0.1496  -0.0007   0.0000  -0.0216   0.0525    0.394
    53  22.2979 -14.6868   0.1916   2.0715   1.3716   0.3033   0.0047   0.1783   0.1464  -0.0006   0.0000  -0.0213   0.0515    0.395
    54  22.6211 -15.3105   0.2516   1.9479   1.1479   0.2754   0.0071   0.1722   0.1414  -0.0004   0.0000  -0.0206   0.0498    0.396
    55  22.9051 -15.8583   0.3044   1.8393   0.9381   0.2445   0.0099   0.1619   0.1329  -0.0003   0.0000  -0.0195   0.0469    0.397
    56  23.1466 -16.3244   0.3493   1.7470   0.7427   0.2082   0.0129   0.1452   0.1192  -0.0002   0.0000  -0.0182   0.0426    0.403
    57  23.5299 -16.6722   0.3828   1.4928   0.4131   0.1673   0.0154   0.3742   0.1121  -0.0007   0.0000  -0.0149   0.0201    0.383
    58  23.9809 -16.9098   0.4056   1.1466   0.2292   0.1248   0.0188   0.3632   0.1088  -0.0015   0.0000  -0.0096   0.0172    0.338
    59  24.2843 -17.0696   0.4210   0.9138   0.1104   0.0775   0.0218   0.2832   0.0849  -0.0021   0.0000  -0.0030   0.0113    0.286
    60  24.4368 -17.1499   0.4287   0.7967   0.0322   0.0264   0.0239   0.1105   0.0331  -0.0015   0.0000   0.0001   0.0038    0.247

  Surface # 3     horizontal_stabilizer                   
     # Chordwise = 10   # Spanwise = 30     First strip = 61
     Surface area Ssurf =   20.744605     Ave. chord Cave =    2.848571

 Forces referred to Sref, Cref, Bref about Xref, Yref, Zref
 Standard axis orientation,  X fwd, Z down         
     CLsurf  =  -0.01405     Clsurf  =   0.00129
     CYsurf  =   0.00226     Cmsurf  =   0.06343
     CDsurf  =  -0.00021     Cnsurf  =  -0.00135
     CDisurf =  -0.00021     CDvsurf =   0.00000

 Forces referred to Ssurf, Cave 
     CLsurf  =  -0.08567     CDsurf  =  -0.00124

 Strip Forces referred to Strip Area, Chord
    j     Xle      Yle      Zle      Chord    Area     c_cl     ai     cl_norm    cl       cd       cdv    cm_c/4     cm_LE   C.P.x/c
    61  33.0230   0.0046   1.4667   4.2713   0.0803  -0.3331   0.0118  -0.1006  -0.0780   0.0159   0.0000   0.0041   0.0199    0.302
    62  33.0469   0.0418   1.4723   4.2566   0.2392  -0.3574   0.0115  -0.1083  -0.0840   0.0005   0.0000   0.0039   0.0210    0.296
    63  33.0943   0.1156   1.4835   4.2274   0.3930  -0.3593   0.0111  -0.1096  -0.0850  -0.0005   0.0000   0.0036   0.0210    0.293
    64  33.1649   0.2254   1.5002   4.1839   0.5386  -0.3597   0.0108  -0.1109  -0.0860  -0.0008   0.0000   0.0032   0.0208    0.287
    65  33.2578   0.3698   1.5221   4.1268   0.6730  -0.3596   0.0105  -0.1124  -0.0871  -0.0009   0.0000   0.0026   0.0206    0.280
    66  33.3719   0.5474   1.5490   4.0565   0.7936  -0.3589   0.0102  -0.1141  -0.0885  -0.0011   0.0000   0.0020   0.0203    0.272
    67  33.5097   0.7617   1.5816   3.9717   0.9441  -0.3573   0.0100  -0.1160  -0.0900  -0.0012   0.0000   0.0014   0.0201    0.265
    68  33.6704   1.0116   1.6195   3.8728   1.0344  -0.3544   0.0100  -0.1180  -0.0915  -0.0013   0.0000   0.0008   0.0200    0.259
    69  33.8488   1.2891   1.6616   3.7630   1.1046  -0.3499   0.0102  -0.1199  -0.0930  -0.0015   0.0000   0.0003   0.0199    0.253
    70  34.0430   1.5912   1.7075   3.6435   1.1542  -0.3434   0.0106  -0.1216  -0.0943  -0.0016   0.0000  -0.0001   0.0198    0.249
    71  34.2510   1.9146   1.7565   3.5155   1.1831  -0.3347   0.0110  -0.1228  -0.0952  -0.0016   0.0000  -0.0004   0.0197    0.245
    72  34.4703   2.2558   1.8083   3.3805   1.1921  -0.3236   0.0112  -0.1235  -0.0957  -0.0017   0.0000  -0.0007   0.0196    0.243
    73  34.6987   2.6109   1.8622   3.2400   1.1821  -0.3101   0.0111  -0.1234  -0.0957  -0.0017   0.0000  -0.0009   0.0195    0.241
    74  34.9335   2.9762   1.9177   3.0955   1.1548  -0.2944   0.0106  -0.1227  -0.0951  -0.0017   0.0000  -0.0010   0.0192    0.240
    75  35.1723   3.3476   1.9740   2.9485   1.1122  -0.2768   0.0098  -0.1211  -0.0939  -0.0017   0.0000  -0.0010   0.0189    0.239
    76  35.4124   3.7210   2.0307   2.8008   1.0564  -0.2578   0.0091  -0.1187  -0.0920  -0.0016   0.0000  -0.0011   0.0185    0.238
    77  35.6512   4.0924   2.0871   2.6538   0.9900  -0.2379   0.0083  -0.1156  -0.0896  -0.0015   0.0000  -0.0011   0.0180    0.238
    78  35.8861   4.4577   2.1425   2.5093   0.9155  -0.2177   0.0076  -0.1119  -0.0868  -0.0014   0.0000  -0.0011   0.0174    0.237
    79  36.1144   4.8128   2.1964   2.3687   0.8353  -0.1976   0.0069  -0.1076  -0.0834  -0.0013   0.0000  -0.0011   0.0166    0.236
    80  36.3338   5.1540   2.2482   2.2338   0.7518  -0.1780   0.0063  -0.1028  -0.0797  -0.0012   0.0000  -0.0012   0.0158    0.235
    81  36.5417   5.4774   2.2973   2.1058   0.6671  -0.1592   0.0056  -0.0975  -0.0756  -0.0011   0.0000  -0.0013   0.0148    0.233
    82  36.7359   5.7795   2.3431   1.9862   0.5830  -0.1413   0.0050  -0.0917  -0.0711  -0.0010   0.0000  -0.0015   0.0137    0.229
    83  36.9144   6.0570   2.3852   1.8764   0.5012  -0.1242   0.0044  -0.0854  -0.0662  -0.0009   0.0000  -0.0018   0.0125    0.223
    84  37.0750   6.3069   2.4232   1.7776   0.4225  -0.1080   0.0038  -0.0783  -0.0607  -0.0008   0.0000  -0.0021   0.0110    0.215
    85  37.2162   6.5264   2.4565   1.6907   0.3478  -0.0923   0.0032  -0.0704  -0.0546  -0.0007   0.0000  -0.0025   0.0094    0.205
    86  37.3480   6.7314   2.4876   1.6096   0.3326  -0.0762   0.0027  -0.0611  -0.0473  -0.0006   0.0000  -0.0028   0.0076    0.191
    87  37.4657   6.9144   2.5154   1.5372   0.2507  -0.0592   0.0022  -0.0497  -0.0385  -0.0005   0.0000  -0.0029   0.0057    0.174
    88  37.5551   7.0535   2.5365   1.4822   0.1746  -0.0423   0.0018  -0.0368  -0.0285  -0.0004   0.0000  -0.0027   0.0037    0.155
    89  37.6153   7.1471   2.5508   1.4451   0.1029  -0.0254   0.0015  -0.0227  -0.0176  -0.0003   0.0000  -0.0020   0.0021    0.139
    90  37.6455   7.1941   2.5579   1.4265   0.0340  -0.0085   0.0014  -0.0077  -0.0059  -0.0001   0.0000  -0.0007   0.0006    0.129

  Surface # 4     horizontal_stabilizer (YDUP)            
     # Chordwise = 10   # Spanwise = 30     First strip = 91
     Surface area Ssurf =   20.744605     Ave. chord Cave =    2.848571

 Forces referred to Sref, Cref, Bref about Xref, Yref, Zref
 Standard axis orientation,  X fwd, Z down         
     CLsurf  =  -0.01405     Clsurf  =  -0.00129
     CYsurf  =  -0.00226     Cmsurf  =   0.06343
     CDsurf  =  -0.00021     Cnsurf  =   0.00135
     CDisurf =  -0.00021     CDvsurf =   0.00000

 Forces referred to Ssurf, Cave 
     CLsurf  =  -0.08567     CDsurf  =  -0.00124

 Strip Forces referred to Strip Area, Chord
    j     Xle      Yle      Zle      Chord    Area     c_cl     ai     cl_norm    cl       cd       cdv    cm_c/4     cm_LE   C.P.x/c
    91  33.0230  -0.0046   1.4667   4.2713   0.0803  -0.3331   0.0118  -0.1006  -0.0780   0.0159   0.0000   0.0041  -0.0199    0.302
    92  33.0469  -0.0418   1.4723   4.2566   0.2392  -0.3574   0.0115  -0.1083  -0.0840   0.0005   0.0000   0.0039  -0.0210    0.296
    93  33.0943  -0.1156   1.4835   4.2274   0.3930  -0.3593   0.0111  -0.1096  -0.0850  -0.0005   0.0000   0.0036  -0.0210    0.293
    94  33.1649  -0.2254   1.5002   4.1839   0.5386  -0.3597   0.0108  -0.1109  -0.0860  -0.0008   0.0000   0.0032  -0.0208    0.287
    95  33.2578  -0.3698   1.5221   4.1268   0.6730  -0.3596   0.0105  -0.1124  -0.0871  -0.0009   0.0000   0.0026  -0.0206    0.280
    96  33.3719  -0.5474   1.5490   4.0565   0.7936  -0.3589   0.0102  -0.1141  -0.0885  -0.0011   0.0000   0.0020  -0.0203    0.272
    97  33.5097  -0.7617   1.5816   3.9717   0.9441  -0.3573   0.0100  -0.1160  -0.0900  -0.0012   0.0000   0.0014  -0.0201    0.265
    98  33.6704  -1.0116   1.6195   3.8728   1.0344  -0.3544   0.0100  -0.1180  -0.0915  -0.0013   0.0000   0.0008  -0.0200    0.259
    99  33.8488  -1.2891   1.6616   3.7630   1.1046  -0.3499   0.0102  -0.1199  -0.0930  -0.0015   0.0000   0.0003  -0.0199    0.253
   100  34.0430  -1.5912   1.7075   3.6435   1.1542  -0.3434   0.0106  -0.1216  -0.0943  -0.0016   0.0000  -0.0001  -0.0198    0.249
   101  34.2510  -1.9146   1.7565   3.5155   1.1831  -0.3347   0.0110  -0.1228  -0.0952  -0.0016   0.0000  -0.0004  -0.0197    0.245
   102  34.4703  -2.2558   1.8083   3.3805   1.1921  -0.3236   0.0112  -0.1235  -0.0957  -0.0017   0.0000  -0.0007  -0.0196    0.243
   103  34.6987  -2.6109   1.8622   3.2400   1.1821  -0.3101   0.0111  -0.1234  -0.0957  -0.0017   0.0000  -0.0009  -0.0195    0.241
   104  34.9335  -2.9762   1.9177   3.0955   1.1548  -0.2944   0.0106  -0.1227  -0.0951  -0.0017   0.0000  -0.0010  -0.0192    0.240
   105  35.1723  -3.3476   1.9740   2.9485   1.1122  -0.2768   0.0098  -0.1211  -0.0939  -0.0017   0.0000  -0.0010  -0.0189    0.239
   106  35.4124  -3.7210   2.0307   2.8008   1.0564  -0.2578   0.0091  -0.1187  -0.0920  -0.0016   0.0000  -0.0011  -0.0185    0.238
   107  35.6512  -4.0924   2.0871   2.6538   0.9900  -0.2379   0.0083  -0.1156  -0.0896  -0.0015   0.0000  -0.0011  -0.0180    0.238
   108  35.8861  -4.4577   2.1425   2.5093   0.9155  -0.2177   0.0076  -0.1119  -0.0868  -0.0014   0.0000  -0.0011  -0.0174    0.237
   109  36.1144  -4.8128   2.1964   2.3687   0.8353  -0.1976   0.0069  -0.1076  -0.0834  -0.0013   0.0000  -0.0011  -0.0166    0.236
   110  36.3338  -5.1540   2.2482   2.2338   0.7518  -0.1780   0.0063  -0.1028  -0.0797  -0.0012   0.0000  -0.0012  -0.0158    0.235
   111  36.5417  -5.4774   2.2973   2.1058   0.6671  -0.1592   0.0056  -0.0975  -0.0756  -0.0011   0.0000  -0.0013  -0.0148    0.233
   112  36.7359  -5.7795   2.3431   1.9862   0.5830  -0.1413   0.0050  -0.0917  -0.0711  -0.0010   0.0000  -0.0015  -0.0137    0.229
   113  36.9144  -6.0570   2.3852   1.8764   0.5012  -0.1242   0.0044  -0.0854  -0.0662  -0.0009   0.0000  -0.0018  -0.0125    0.223
   114  37.0750  -6.3069   2.4232   1.7776   0.4225  -0.1080   0.0038  -0.0783  -0.0607  -0.0008   0.0000  -0.0021  -0.0110    0.215
   115  37.2162  -6.5264   2.4565   1.6907   0.3478  -0.0923   0.0032  -0.0704  -0.0546  -0.0007   0.0000  -0.0025  -0.0094    0.205
   116  37.3480  -6.7314   2.4876   1.6096   0.3326  -0.0762   0.0027  -0.0611  -0.0473  -0.0006   0.0000  -0.0028  -0.0076    0.191
   117  37.4657  -6.9144   2.5154   1.5372   0.2507  -0.0592   0.0022  -0.0497  -0.0385  -0.0005   0.0000  -0.0029  -0.0057    0.174
   118  37.5551  -7.0535   2.5365   1.4822   0.1746  -0.0423   0.0018  -0.0368  -0.0285  -0.0004   0.0000  -0.0027  -0.0037    0.155
   119  37.6153  -7.1471   2.5508   1.4451   0.1029  -0.0254   0.0015  -0.0227  -0.0176  -0.0003   0.0000  -0.0020  -0.0021    0.139
   120  37.6455  -7.1941   2.5579   1.4265   0.0340  -0.0085   0.0014  -0.0077  -0.0059  -0.0001   0.0000  -0.0007  -0.0006    0.129

  Surface # 5     vertical_stabilizer                     
     # Chordwise = 10   # Spanwise = 30     First strip =121
     Surface area Ssurf =   34.910363     Ave. chord Cave =    4.190920

 Forces referred to Sref, Cref, Bref about Xref, Yref, Zref
 Standard axis orientation,  X fwd, Z down         
     CLsurf  =  -0.00000     Clsurf  =  -0.00000
     CYsurf  =  -0.00000     Cmsurf  =   0.00000
     CDsurf  =   0.00000     Cnsurf  =   0.00000
     CDisurf =   0.00000     CDvsurf =   0.00000

 Forces referred to Ssurf, Cave 
     CLsurf  =   0.00000     CDsurf  =   0.00000

 Strip Forces referred to Strip Area, Chord
    j     Xle      Yle      Zle      Chord    Area     c_cl     ai     cl_norm    cl       cd       cdv    cm_c/4     cm_LE   C.P.x/c
   121  27.0137   0.0000   1.5690  10.0347   0.6931   0.0000   0.0000   0.0000   0.0000   0.0000   0.0000   0.0000   0.0000   -0.191
   122  27.2327   0.0000   1.6601   9.8296   1.1101   0.0000   0.0000   0.0000   0.0000  -0.0000   0.0000  -0.0000  -0.0000    1.459
   123  27.5561   0.0000   1.7947   9.5266   1.4857   0.0000  -0.0000   0.0000   0.0000   0.0000   0.0000  -0.0000  -0.0000    1.115
   124  27.9815   0.0000   1.9717   9.1281   1.8040   0.0000  -0.0000   0.0000   0.0000   0.0000   0.0000  -0.0000  -0.0000    0.675
   125  28.5051   0.0000   2.1895   8.6377   2.0517   0.0000  -0.0000   0.0000   0.0000   0.0000   0.0000  -0.0000  -0.0000    0.419
   126  29.1220   0.0000   2.4462   8.0598   2.2181   0.0000  -0.0000   0.0000   0.0000   0.0000   0.0000  -0.0000  -0.0000    0.518
   127  29.8264   0.0000   2.7392   7.4000   2.2957   0.0000  -0.0000   0.0000   0.0000  -0.0000   0.0000  -0.0000  -0.0000    0.474
   128  30.6115   0.0000   3.0659   6.6646   2.2808   0.0000  -0.0000   0.0000   0.0000   0.0000   0.0000  -0.0000  -0.0000    0.487
   129  31.4694   0.0000   3.4228   5.8609   2.1733   0.0000  -0.0000   0.0000   0.0000  -0.0000   0.0000   0.0000   0.0000  999.000
   130  32.3918   0.0000   3.8066   4.9969   1.9773  -0.0000  -0.0000  -0.0000  -0.0000  -0.0000   0.0000  -0.0000  -0.0000   -0.009
   131  33.0131   0.0000   4.1929   4.4389   1.6667   0.0000   0.0000   0.0000   0.0000  -0.0000   0.0000  -0.0000  -0.0000  999.000
   132  33.3001   0.0000   4.5764   4.2198   1.6478  -0.0000  -0.0000  -0.0000  -0.0000   0.0000   0.0000   0.0000   0.0000    0.874
   133  33.5969   0.0000   4.9729   3.9932   1.6033   0.0000  -0.0000   0.0000   0.0000  -0.0000   0.0000   0.0000   0.0000   -0.639
   134  33.9004   0.0000   5.3784   3.7615   1.5362   0.0000   0.0000   0.0000   0.0000  -0.0000   0.0000   0.0000  -0.0000    0.160
   135  34.2075   0.0000   5.7886   3.5271   1.4499   0.0000   0.0000   0.0000   0.0000  -0.0000   0.0000   0.0000  -0.0000    0.198
   136  34.5150   0.0000   6.1995   3.2923   1.3482   0.0000   0.0000   0.0000   0.0000  -0.0000   0.0000  -0.0000  -0.0000    0.415
   137  34.8197   0.0000   6.6066   3.0597   1.2352   0.0000   0.0000   0.0000   0.0000   0.0000   0.0000  -0.0000  -0.0000    0.296
   138  35.1185   0.0000   7.0058   2.8315   1.1147   0.0000  -0.0000   0.0000   0.0000  -0.0000   0.0000   0.0000  -0.0000    0.112
   139  35.4083   0.0000   7.3929   2.6103   0.9908   0.0000  -0.0000   0.0000   0.0000  -0.0000   0.0000   0.0000  -0.0000    0.156
   140  35.6860   0.0000   7.7640   2.3983   0.8670   0.0000   0.0000   0.0000   0.0000   0.0000   0.0000  -0.0000  -0.0000    0.277
   141  35.9487   0.0000   8.1150   2.1977   0.7464   0.0000  -0.0000   0.0000   0.0000  -0.0000   0.0000   0.0000  -0.0000    0.191
   142  36.1937   0.0000   8.4424   2.0106   0.6318   0.0000   0.0000   0.0000   0.0000  -0.0000   0.0000  -0.0000  -0.0000    0.387
   143  36.4185   0.0000   8.7426   1.8390   0.5251   0.0000  -0.0000   0.0000   0.0000   0.0000   0.0000  -0.0000  -0.0000    0.260
   144  36.6206   0.0000   9.0127   1.6847   0.4276   0.0000  -0.0000   0.0000   0.0000  -0.0000   0.0000   0.0000  -0.0000    0.226
   145  36.7980   0.0000   9.2496   1.5493   0.3400   0.0000   0.0000   0.0000   0.0000   0.0000   0.0000  -0.0000  -0.0000    0.320
   146  36.9487   0.0000   9.4510   1.4342   0.2622   0.0000  -0.0000   0.0000   0.0000  -0.0000   0.0000  -0.0000  -0.0000    0.394
   147  37.0713   0.0000   9.6148   1.3407   0.1933   0.0000   0.0000   0.0000   0.0000  -0.0000   0.0000  -0.0000  -0.0000    0.341
   148  37.1643   0.0000   9.7391   1.2696   0.1322   0.0000  -0.0000   0.0000   0.0000   0.0000   0.0000   0.0000   0.0000   -0.035
   149  37.2269   0.0000   9.8227   1.2218   0.0769   0.0000   0.0000   0.0000   0.0000  -0.0000   0.0000   0.0000  -0.0000    0.149
   150  37.2584   0.0000   9.8647   1.1978   0.0252   0.0000   0.0000   0.0000   0.0000  -0.0000   0.0000  -0.0000  -0.0000    0.260

  Surface # 6     fuselage_horizontal                     
     # Chordwise = 10   # Spanwise = 10     First strip =151
     Surface area Ssurf =  123.841199     Ave. chord Cave =   33.112620

 Forces referred to Sref, Cref, Bref about Xref, Yref, Zref
 Standard axis orientation,  X fwd, Z down         
     CLsurf  =  -0.00511     Clsurf  =   0.00000
     CYsurf  =   0.00000     Cmsurf  =  -0.00387
     CDsurf  =   0.00003     Cnsurf  =   0.00000
     CDisurf =   0.00003     CDvsurf =   0.00000

 Forces referred to Ssurf, Cave 
     CLsurf  =  -0.00515     CDsurf  =   0.00003

 Strip Forces referred to Strip Area, Chord
    j     Xle      Yle      Zle      Chord    Area     c_cl     ai     cl_norm    cl       cd       cdv    cm_c/4     cm_LE   C.P.x/c
   151   5.0231  -1.6830   0.0000  26.5957   9.9468  -0.1355  -0.0069  -0.0643  -0.0051  -0.0001   0.0000   0.0008   0.0003    0.408
   152   2.9203  -1.3090   0.0000  31.2096  11.6724  -0.1763  -0.0007  -0.0220  -0.0056   0.0000   0.0000   0.0007   0.0005    0.369
   153   1.6676  -0.9350   0.0000  34.0626  12.7394  -0.1817   0.0145  -0.0130  -0.0053   0.0001   0.0000   0.0003   0.0005    0.299
   154   0.7666  -0.5610   0.0000  36.1620  13.5246  -0.1804   0.0229  -0.0084  -0.0050   0.0001   0.0000  -0.0000   0.0006    0.249
   155   0.1963  -0.1870   0.0000  37.5333  14.0374  -0.1790   0.0265  -0.0055  -0.0048   0.0001   0.0000  -0.0001   0.0007    0.224
   156   0.1963   0.1870   0.0000  37.5333  14.0374  -0.1790   0.0265  -0.0055  -0.0048   0.0001   0.0000  -0.0001   0.0007    0.224
   157   0.7666   0.5610   0.0000  36.1620  13.5246  -0.1804   0.0229  -0.0084  -0.0050   0.0001   0.0000  -0.0000   0.0006    0.249
   158   1.6676   0.9350   0.0000  34.0626  12.7394  -0.1817   0.0145  -0.0130  -0.0053   0.0001   0.0000   0.0003   0.0005    0.299
   159   2.9202   1.3090   0.0000  31.2096  11.6724  -0.1763  -0.0007  -0.0220  -0.0056   0.0000   0.0000   0.0007   0.0005    0.369
   160   5.0231   1.6830   0.0000  26.5957   9.9468  -0.1355  -0.0069  -0.0643  -0.0051  -0.0001   0.0000   0.0008   0.0003    0.408

  Surface # 7     fuselage_vertical                       
     # Chordwise = 10   # Spanwise = 10     First strip =161
     Surface area Ssurf =  123.841199     Ave. chord Cave =   33.112620

 Forces referred to Sref, Cref, Bref about Xref, Yref, Zref
 Standard axis orientation,  X fwd, Z down         
     CLsurf  =   0.00000     Clsurf  =   0.00000
     CYsurf  =   0.00000     Cmsurf  =  -0.00000
     CDsurf  =   0.00000     Cnsurf  =   0.00000
     CDisurf =   0.00000     CDvsurf =   0.00000

 Forces referred to Ssurf, Cave 
     CLsurf  =  -0.00000     CDsurf  =   0.00000

 Strip Forces referred to Strip Area, Chord
    j     Xle      Yle      Zle      Chord    Area     c_cl     ai     cl_norm    cl       cd       cdv    cm_c/4     cm_LE   C.P.x/c
   161   5.0231   0.0000  -1.6830  26.5957   9.9468   0.0000  -0.0000   0.0000   0.0000   0.0000   0.0000  -0.0000  -0.0000    0.510
   162   2.9203   0.0000  -1.3090  31.2096  11.6724  -0.0000   0.0000  -0.0000  -0.0000  -0.0000   0.0000   0.0000   0.0000    0.950
   163   1.6676   0.0000  -0.9350  34.0626  12.7394  -0.0000   0.0000  -0.0000  -0.0000   0.0000   0.0000   0.0000   0.0000    0.281
   164   0.7666   0.0000  -0.5610  36.1620  13.5246  -0.0000   0.0000  -0.0000  -0.0000   0.0000   0.0000   0.0000   0.0000    0.359
   165   0.1963   0.0000  -0.1870  37.5333  14.0374  -0.0000   0.0000  -0.0000  -0.0000  -0.0000   0.0000   0.0000   0.0000    0.537
   166   0.1963   0.0000   0.1870  37.5333  14.0374  -0.0000  -0.0000  -0.0000  -0.0000   0.0000   0.0000   0.0000   0.0000    0.669
   167   0.7666   0.0000   0.5610  36.1620  13.5246  -0.0000  -0.0000  -0.0000  -0.0000   0.0000   0.0000  -0.0000   0.0000    0.248
   168   1.6676   0.0000   0.9350  34.0626  12.7394  -0.0000  -0.0000  -0.0000  -0.0000   0.0000   0.0000   0.0000   0.0000    0.460
   169   2.9202   0.0000   1.3090  31.2096  11.6724  -0.0000  -0.0000  -0.0000  -0.0000  -0.0000   0.0000  -0.0000  -0.0000   -0.837
   170   5.0231   0.0000   1.6830  26.5957   9.9468  -0.0000   0.0000  -0.0000  -0.0000   0.0000   0.0000  -0.0000  -0.0000  999.000
 ---------------------------------------------------------------
