 ---------------------------------------------------------------
 Surface and Strip Forces by surface

  Sref =  124.86       Cref =  4.4875       Bref =  34.320    
  Xref =  15.310       Yref =  0.0000       Zref =-0.48024    

  Surface # 1     main_wing                               
     # Chordwise = 10   # Spanwise = 30     First strip =  1
     Surface area Ssurf =   63.968838     Ave. chord Cave =    3.715026

 Forces referred to Sref, Cref, Bref about Xref, Yref, Zref
 Standard axis orientation,  X fwd, Z down         
     CLsurf  =   0.50642     Clsurf  =  -0.09941
     CYsurf  =  -0.02306     Cmsurf  =  -0.43124
     CDsurf  =   0.02178     Cnsurf  =  -0.01552
     CDisurf =   0.02178     CDvsurf =   0.00000

 Forces referred to Ssurf, Cave 
     CLsurf  =   0.98926     CDsurf  =   0.04252

 Strip Forces referred to Strip Area, Chord
    j     Xle      Yle      Zle      Chord    Area     c_cl     ai     cl_norm    cl       cd       cdv    cm_c/4     cm_LE   C.P.x/c
     1  13.6181   0.0114  -0.9295   7.7520   0.3539   6.4318   0.2275   0.8634   0.6701   0.9742   0.0000  -0.0444  -0.2075    0.316
     2  13.6830   0.1025  -0.9255   7.6885   1.0492   5.7623   0.2273   0.9373   0.7275   0.1897   0.0000  -0.0445  -0.1912    0.311
     3  13.8120   0.2837  -0.9176   7.5620   1.7073   5.7070   0.2260   0.9553   0.7414   0.1409   0.0000  -0.0415  -0.1899    0.306
     4  14.0037   0.5530  -0.9059   7.3741   2.3052   5.6783   0.2229   0.9789   0.7598   0.1253   0.0000  -0.0369  -0.1893    0.299
     5  14.2560   0.9075  -0.8904   7.1267   2.8223   5.6383   0.2158   1.0095   0.7835   0.1125   0.0000  -0.0318  -0.1896    0.291
     6  14.5662   1.3432  -0.8714   6.8226   3.2414   5.5740   0.1986   1.0461   0.8119   0.1000   0.0000  -0.0271  -0.1911    0.283
     7  14.9309   1.8554  -0.8490   6.4651   3.5491   5.4768   0.1617   1.0884   0.8448   0.0873   0.0000  -0.0233  -0.1943    0.278
     8  15.3460   2.4386  -0.8236   6.0582   3.7368   5.3400   0.1255   1.1363   0.8819   0.0742   0.0000  -0.0206  -0.1992    0.273
     9  15.8070   3.0862  -0.7953   5.6062   3.8005   5.1600   0.1101   1.1906   0.9240   0.0597   0.0000  -0.0192  -0.2061    0.271
    10  16.2877   3.7613  -0.7658   5.1351   3.4440   4.9465   0.0978   1.2500   0.9701   0.0455   0.0000  -0.0186  -0.2145    0.269
    11  16.7803   4.4532  -0.7356   4.6522   3.3149   4.7090   0.0821   1.3173   1.0223   0.0313   0.0000  -0.0182  -0.2244    0.268
    12  17.2999   5.1831  -0.7037   4.1429   3.0930   4.4487   0.0571   1.4027   1.0886   0.0102   0.0000  -0.0171  -0.2362    0.266
    13  17.8026   6.0123  -0.6437   3.7903   3.4706   4.1660   0.0395   1.3713   1.1158   0.0019   0.0000  -0.0095  -0.2589    0.259
    14  18.2809   6.9353  -0.5549   3.6075   3.3775   3.9466   0.0359   1.3647   1.1104   0.0031   0.0000  -0.0097  -0.2580    0.259
    15  18.7672   7.8737  -0.4645   3.4215   3.2389   3.7425   0.0299   1.3646   1.1104   0.0020   0.0000  -0.0102  -0.2584    0.259
    16  19.2562   8.8172  -0.3736   3.2345   3.0619   3.5448   0.0258   1.3676   1.1128   0.0003   0.0000  -0.0109  -0.2595    0.260
    17  19.7425   9.7556  -0.2833   3.0486   2.8543   3.3503   0.0245   1.3718   1.1162  -0.0015   0.0000  -0.0117  -0.2609    0.261
    18  20.2208  10.6786  -0.1944   2.8657   2.6239   3.1577   0.0251   1.3759   1.1195  -0.0033   0.0000  -0.0127  -0.2624    0.261
    19  20.6858  11.5760  -0.1080   2.6879   2.3787   2.9671   0.0270   1.3787   1.1219  -0.0051   0.0000  -0.0135  -0.2636    0.262
    20  21.1299  12.4328  -0.0255   2.5181   2.1010   2.7799   0.0304   1.3791   1.1221  -0.0062   0.0000  -0.0136  -0.2637    0.262
    21  21.5482  13.2400   0.0523   2.3582   1.8520   2.5948   0.0358   1.3747   1.1185  -0.0065   0.0000  -0.0126  -0.2620    0.261
    22  21.9390  13.9941   0.1249   2.2087   1.6074   2.4074   0.0432   1.3617   1.1080  -0.0067   0.0000  -0.0108  -0.2580    0.260
    23  22.2979  14.6868   0.1916   2.0715   1.3716   2.2119   0.0533   1.3340   1.0855  -0.0064   0.0000  -0.0078  -0.2503    0.257
    24  22.6211  15.3105   0.2516   1.9479   1.1479   1.9999   0.0661   1.2825   1.0435  -0.0053   0.0000  -0.0033  -0.2370    0.253
    25  22.9051  15.8583   0.3044   1.8393   0.9381   1.7602   0.0804   1.1948   0.9722  -0.0022   0.0000   0.0012  -0.2171    0.249
    26  23.1466  16.3244   0.3493   1.7470   0.7427   1.4835   0.0948   1.0576   0.8606   0.0097   0.0000  -0.0014  -0.1948    0.252
    27  23.5299  16.6722   0.3828   1.4928   0.4131   1.1809   0.1092   2.6522   0.8105  -0.0391   0.0000  -0.0050  -0.1038    0.256
    28  23.9809  16.9098   0.4056   1.1466   0.2292   0.8732   0.1280   2.5845   0.7899  -0.0906   0.0000   0.0259  -0.0861    0.217
    29  24.2843  17.0696   0.4210   0.9138   0.1104   0.5384   0.1427   2.0353   0.6220  -0.1304   0.0000   0.0541  -0.0512    0.163
    30  24.4368  17.1499   0.4287   0.7967   0.0322   0.1821   0.1508   0.8187   0.2502  -0.0994   0.0000   0.0340  -0.0140    0.114

  Surface # 2     main_wing (YDUP)                        
     # Chordwise = 10   # Spanwise = 30     First strip = 31
     Surface area Ssurf =   63.968838     Ave. chord Cave =    3.715026

 Forces referred to Sref, Cref, Bref about Xref, Yref, Zref
 Standard axis orientation,  X fwd, Z down         
     CLsurf  =   0.50642     Clsurf  =   0.09941
     CYsurf  =   0.02306     Cmsurf  =  -0.43124
     CDsurf  =   0.02178     Cnsurf  =   0.01552
     CDisurf =   0.02178     CDvsurf =   0.00000

 Forces referred to Ssurf, Cave 
     CLsurf  =   0.98926     CDsurf  =   0.04252

 Strip Forces referred to Strip Area, Chord
    j     Xle      Yle      Zle      Chord    Area     c_cl     ai     cl_norm    cl       cd       cdv    cm_c/4     cm_LE   C.P.x/c
    31  13.6181  -0.0114  -0.9295   7.7520   0.3539   6.4318   0.2275   0.8634   0.6701   0.9742   0.0000  -0.0444   0.2075    0.316
    32  13.6830  -0.1025  -0.9255   7.6885   1.0492   5.7623   0.2273   0.9373   0.7275   0.1897   0.0000  -0.0445   0.1912    0.311
    33  13.8120  -0.2837  -0.9176   7.5620   1.7073   5.7070   0.2260   0.9553   0.7414   0.1409   0.0000  -0.0415   0.1899    0.306
    34  14.0037  -0.5530  -0.9059   7.3741   2.3052   5.6783   0.2229   0.9789   0.7598   0.1253   0.0000  -0.0369   0.1893    0.299
    35  14.2560  -0.9075  -0.8904   7.1267   2.8223   5.6383   0.2158   1.0095   0.7835   0.1125   0.0000  -0.0318   0.1896    0.291
    36  14.5662  -1.3432  -0.8714   6.8226   3.2414   5.5740   0.1986   1.0461   0.8119   0.1000   0.0000  -0.0271   0.1911    0.283
    37  14.9309  -1.8554  -0.8490   6.4651   3.5491   5.4768   0.1617   1.0884   0.8448   0.0873   0.0000  -0.0233   0.1943    0.278
    38  15.3460  -2.4386  -0.8236   6.0582   3.7368   5.3400   0.1255   1.1363   0.8819   0.0742   0.0000  -0.0206   0.1992    0.273
    39  15.8070  -3.0862  -0.7953   5.6062   3.8005   5.1600   0.1101   1.1906   0.9240   0.0597   0.0000  -0.0192   0.2061    0.271
    40  16.2877  -3.7613  -0.7658   5.1351   3.4440   4.9465   0.0978   1.2500   0.9701   0.0455   0.0000  -0.0186   0.2145    0.269
    41  16.7803  -4.4532  -0.7356   4.6522   3.3149   4.7090   0.0821   1.3173   1.0223   0.0313   0.0000  -0.0182   0.2244    0.268
    42  17.2999  -5.1831  -0.7037   4.1429   3.0930   4.4487   0.0571   1.4027   1.0886   0.0102   0.0000  -0.0171   0.2362    0.266
    43  17.8026  -6.0123  -0.6437   3.7903   3.4706   4.1660   0.0395   1.3713   1.1158   0.0019   0.0000  -0.0095   0.2589    0.259
    44  18.2809  -6.9353  -0.5549   3.6075   3.3775   3.9466   0.0359   1.3647   1.1104   0.0031   0.0000  -0.0097   0.2580    0.259
    45  18.7672  -7.8737  -0.4645   3.4215   3.2389   3.7425   0.0299   1.3646   1.1104   0.0020   0.0000  -0.0102   0.2584    0.259
    46  19.2562  -8.8172  -0.3736   3.2345   3.0619   3.5448   0.0258   1.3676   1.1128   0.0003   0.0000  -0.0109   0.2595    0.260
    47  19.7425  -9.7556  -0.2833   3.0486   2.8543   3.3503   0.0245   1.3718   1.1162  -0.0015   0.0000  -0.0117   0.2609    0.261
    48  20.2208 -10.6786  -0.1944   2.8657   2.6239   3.1577   0.0251   1.3759   1.1195  -0.0033   0.0000  -0.0127   0.2624    0.261
    49  20.6858 -11.5760  -0.1080   2.6879   2.3787   2.9671   0.0270   1.3787   1.1219  -0.0051   0.0000  -0.0135   0.2636    0.262
    50  21.1299 -12.4328  -0.0255   2.5181   2.1010   2.7799   0.0304   1.3791   1.1221  -0.0062   0.0000  -0.0136   0.2637    0.262
    51  21.5482 -13.2400   0.0523   2.3582   1.8520   2.5948   0.0358   1.3747   1.1185  -0.0065   0.0000  -0.0126   0.2620    0.261
    52  21.9390 -13.9941   0.1249   2.2087   1.6074   2.4074   0.0432   1.3617   1.1080  -0.0067   0.0000  -0.0108   0.2580    0.260
    53  22.2979 -14.6868   0.1916   2.0715   1.3716   2.2119   0.0533   1.3340   1.0855  -0.0064   0.0000  -0.0078   0.2503    0.257
    54  22.6211 -15.3105   0.2516   1.9479   1.1479   1.9999   0.0661   1.2825   1.0435  -0.0053   0.0000  -0.0033   0.2370    0.253
    55  22.9051 -15.8583   0.3044   1.8393   0.9381   1.7602   0.0804   1.1948   0.9722  -0.0022   0.0000   0.0012   0.2171    0.249
    56  23.1466 -16.3244   0.3493   1.7470   0.7427   1.4835   0.0948   1.0576   0.8606   0.0097   0.0000  -0.0014   0.1948    0.252
    57  23.5299 -16.6722   0.3828   1.4928   0.4131   1.1809   0.1092   2.6522   0.8105  -0.0391   0.0000  -0.0050   0.1038    0.256
    58  23.9809 -16.9098   0.4056   1.1466   0.2292   0.8732   0.1280   2.5845   0.7899  -0.0906   0.0000   0.0259   0.0861    0.217
    59  24.2843 -17.0696   0.4210   0.9138   0.1104   0.5384   0.1427   2.0353   0.6220  -0.1304   0.0000   0.0541   0.0512    0.163
    60  24.4368 -17.1499   0.4287   0.7967   0.0322   0.1821   0.1508   0.8187   0.2502  -0.0994   0.0000   0.0340   0.0140    0.114

  Surface # 3     horizontal_stabilizer                   
     # Chordwise = 10   # Spanwise = 30     First strip = 61
     Surface area Ssurf =   20.744605     Ave. chord Cave =    2.848571

 Forces referred to Sref, Cref, Bref about Xref, Yref, Zref
 Standard axis orientation,  X fwd, Z down         
     CLsurf  =   0.06430     Clsurf  =  -0.00661
     CYsurf  =  -0.01016     Cmsurf  =  -0.29777
     CDsurf  =   0.00660     Cnsurf  =   0.00537
     CDisurf =   0.00660     CDvsurf =   0.00000

 Forces referred to Ssurf, Cave 
     CLsurf  =   0.39180     CDsurf  =   0.03975

 Strip Forces referred to Strip Area, Chord
    j     Xle      Yle      Zle      Chord    Area     c_cl     ai     cl_norm    cl       cd       cdv    cm_c/4     cm_LE   C.P.x/c
    61  33.0230   0.0046   1.4667   4.2713   0.0803   1.6669   0.1694   0.4609   0.3503   0.2596   0.0000  -0.0169  -0.0996    0.298
    62  33.0469   0.0418   1.4723   4.2566   0.2392   1.3616   0.1701   0.4132   0.3141   0.0604   0.0000  -0.0169  -0.0848    0.304
    63  33.0943   0.1156   1.4835   4.2274   0.3930   1.3385   0.1703   0.4119   0.3131   0.0473   0.0000  -0.0159  -0.0833    0.301
    64  33.1649   0.2254   1.5002   4.1839   0.5386   1.3328   0.1698   0.4151   0.3156   0.0445   0.0000  -0.0143  -0.0824    0.295
    65  33.2578   0.3698   1.5221   4.1268   0.6730   1.3301   0.1682   0.4204   0.3196   0.0432   0.0000  -0.0122  -0.0815    0.288
    66  33.3719   0.5474   1.5490   4.0565   0.7936   1.3274   0.1654   0.4273   0.3248   0.0422   0.0000  -0.0101  -0.0808    0.281
    67  33.5097   0.7617   1.5816   3.9717   0.9441   1.3239   0.1609   0.4356   0.3311   0.0414   0.0000  -0.0080  -0.0804    0.274
    68  33.6704   1.0116   1.6195   3.8728   1.0344   1.3187   0.1545   0.4454   0.3385   0.0408   0.0000  -0.0061  -0.0805    0.268
    69  33.8488   1.2891   1.6616   3.7630   1.1046   1.3119   0.1463   0.4563   0.3468   0.0404   0.0000  -0.0045  -0.0809    0.263
    70  34.0430   1.5912   1.7075   3.6435   1.1542   1.3031   0.1371   0.4684   0.3560   0.0402   0.0000  -0.0031  -0.0818    0.259
    71  34.2510   1.9146   1.7565   3.5155   1.1831   1.2924   0.1279   0.4817   0.3661   0.0402   0.0000  -0.0020  -0.0831    0.256
    72  34.4703   2.2558   1.8083   3.3805   1.1921   1.2797   0.1197   0.4963   0.3772   0.0402   0.0000  -0.0011  -0.0848    0.253
    73  34.6987   2.6109   1.8622   3.2400   1.1821   1.2651   0.1133   0.5122   0.3893   0.0403   0.0000  -0.0003  -0.0867    0.251
    74  34.9335   2.9762   1.9177   3.0955   1.1548   1.2481   0.1087   0.5292   0.4022   0.0404   0.0000   0.0005  -0.0889    0.249
    75  35.1723   3.3476   1.9740   2.9485   1.1122   1.2284   0.1056   0.5471   0.4159   0.0404   0.0000   0.0012  -0.0913    0.247
    76  35.4124   3.7210   2.0307   2.8008   1.0564   1.2056   0.1035   0.5656   0.4299   0.0404   0.0000   0.0020  -0.0936    0.245
    77  35.6512   4.0924   2.0871   2.6538   0.9900   1.1788   0.1024   0.5840   0.4439   0.0402   0.0000   0.0029  -0.0959    0.243
    78  35.8861   4.4577   2.1425   2.5093   0.9155   1.1474   0.1020   0.6016   0.4572   0.0398   0.0000   0.0040  -0.0979    0.241
    79  36.1144   4.8128   2.1964   2.3687   0.8353   1.1107   0.1025   0.6172   0.4691   0.0392   0.0000   0.0053  -0.0994    0.239
    80  36.3338   5.1540   2.2482   2.2338   0.7518   1.0678   0.1039   0.6296   0.4786   0.0383   0.0000   0.0069  -0.1001    0.235
    81  36.5417   5.4774   2.2973   2.1058   0.6671   1.0179   0.1063   0.6371   0.4842   0.0369   0.0000   0.0090  -0.0995    0.231
    82  36.7359   5.7795   2.3431   1.9862   0.5830   0.9601   0.1095   0.6375   0.4845   0.0352   0.0000   0.0117  -0.0973    0.226
    83  36.9144   6.0570   2.3852   1.8764   0.5012   0.8936   0.1135   0.6285   0.4777   0.0329   0.0000   0.0150  -0.0930    0.219
    84  37.0750   6.3069   2.4232   1.7776   0.4225   0.8176   0.1181   0.6075   0.4617   0.0299   0.0000   0.0188  -0.0862    0.209
    85  37.2162   6.5264   2.4565   1.6907   0.3478   0.7316   0.1228   0.5719   0.4347   0.0262   0.0000   0.0229  -0.0768    0.197
    86  37.3480   6.7314   2.4876   1.6096   0.3326   0.6302   0.1276   0.5180   0.3937   0.0219   0.0000   0.0267  -0.0645    0.182
    87  37.4657   6.9144   2.5154   1.5372   0.2507   0.5079   0.1322   0.4377   0.3326   0.0162   0.0000   0.0289  -0.0491    0.163
    88  37.5551   7.0535   2.5365   1.4822   0.1746   0.3727   0.1359   0.3336   0.2535   0.0100   0.0000   0.0272  -0.0331    0.143
    89  37.6153   7.1471   2.5508   1.4451   0.1029   0.2277   0.1384   0.2095   0.1592   0.0040   0.0000   0.0199  -0.0184    0.125
    90  37.6455   7.1941   2.5579   1.4265   0.0340   0.0766   0.1398   0.0722   0.0549  -0.0020   0.0000   0.0073  -0.0058    0.116

  Surface # 4     horizontal_stabilizer (YDUP)            
     # Chordwise = 10   # Spanwise = 30     First strip = 91
     Surface area Ssurf =   20.744605     Ave. chord Cave =    2.848571

 Forces referred to Sref, Cref, Bref about Xref, Yref, Zref
 Standard axis orientation,  X fwd, Z down         
     CLsurf  =   0.06430     Clsurf  =   0.00661
     CYsurf  =   0.01016     Cmsurf  =  -0.29777
     CDsurf  =   0.00660     Cnsurf  =  -0.00537
     CDisurf =   0.00660     CDvsurf =   0.00000

 Forces referred to Ssurf, Cave 
     CLsurf  =   0.39180     CDsurf  =   0.03975

 Strip Forces referred to Strip Area, Chord
    j     Xle      Yle      Zle      Chord    Area     c_cl     ai     cl_norm    cl       cd       cdv    cm_c/4     cm_LE   C.P.x/c
    91  33.0230  -0.0046   1.4667   4.2713   0.0803   1.6669   0.1694   0.4609   0.3503   0.2596   0.0000  -0.0169   0.0996    0.298
    92  33.0469  -0.0418   1.4723   4.2566   0.2392   1.3616   0.1701   0.4132   0.3141   0.0604   0.0000  -0.0169   0.0848    0.304
    93  33.0943  -0.1156   1.4835   4.2274   0.3930   1.3385   0.1703   0.4119   0.3131   0.0473   0.0000  -0.0159   0.0833    0.301
    94  33.1649  -0.2254   1.5002   4.1839   0.5386   1.3328   0.1698   0.4151   0.3156   0.0445   0.0000  -0.0143   0.0824    0.295
    95  33.2578  -0.3698   1.5221   4.1268   0.6730   1.3301   0.1682   0.4204   0.3196   0.0432   0.0000  -0.0122   0.0815    0.288
    96  33.3719  -0.5474   1.5490   4.0565   0.7936   1.3274   0.1654   0.4273   0.3248   0.0422   0.0000  -0.0101   0.0808    0.281
    97  33.5097  -0.7617   1.5816   3.9717   0.9441   1.3239   0.1609   0.4356   0.3311   0.0414   0.0000  -0.0080   0.0804    0.274
    98  33.6704  -1.0116   1.6195   3.8728   1.0344   1.3187   0.1545   0.4454   0.3385   0.0408   0.0000  -0.0061   0.0805    0.268
    99  33.8488  -1.2891   1.6616   3.7630   1.1046   1.3119   0.1463   0.4563   0.3468   0.0404   0.0000  -0.0045   0.0809    0.263
   100  34.0430  -1.5912   1.7075   3.6435   1.1542   1.3031   0.1371   0.4684   0.3560   0.0402   0.0000  -0.0031   0.0818    0.259
   101  34.2510  -1.9146   1.7565   3.5155   1.1831   1.2924   0.1279   0.4817   0.3661   0.0402   0.0000  -0.0020   0.0831    0.256
   102  34.4703  -2.2558   1.8083   3.3805   1.1921   1.2797   0.1197   0.4963   0.3772   0.0402   0.0000  -0.0011   0.0848    0.253
   103  34.6987  -2.6109   1.8622   3.2400   1.1821   1.2651   0.1133   0.5122   0.3893   0.0403   0.0000  -0.0003   0.0867    0.251
   104  34.9335  -2.9762   1.9177   3.0955   1.1548   1.2481   0.1087   0.5292   0.4022   0.0404   0.0000   0.0005   0.0889    0.249
   105  35.1723  -3.3476   1.9740   2.9485   1.1122   1.2284   0.1056   0.5471   0.4159   0.0404   0.0000   0.0012   0.0913    0.247
   106  35.4124  -3.7210   2.0307   2.8008   1.0564   1.2056   0.1035   0.5656   0.4299   0.0404   0.0000   0.0020   0.0936    0.245
   107  35.6512  -4.0924   2.0871   2.6538   0.9900   1.1788   0.1024   0.5840   0.4439   0.0402   0.0000   0.0029   0.0959    0.243
   108  35.8861  -4.4577   2.1425   2.5093   0.9155   1.1474   0.1020   0.6016   0.4572   0.0398   0.0000   0.0040   0.0979    0.241
   109  36.1144  -4.8128   2.1964   2.3687   0.8353   1.1107   0.1025   0.6172   0.4691   0.0392   0.0000   0.0053   0.0994    0.239
   110  36.3338  -5.1540   2.2482   2.2338   0.7518   1.0678   0.1039   0.6296   0.4786   0.0383   0.0000   0.0069   0.1001    0.235
   111  36.5417  -5.4774   2.2973   2.1058   0.6671   1.0179   0.1063   0.6371   0.4842   0.0369   0.0000   0.0090   0.0995    0.231
   112  36.7359  -5.7795   2.3431   1.9862   0.5830   0.9601   0.1095   0.6375   0.4845   0.0352   0.0000   0.0117   0.0973    0.226
   113  36.9144  -6.0570   2.3852   1.8764   0.5012   0.8936   0.1135   0.6285   0.4777   0.0329   0.0000   0.0150   0.0930    0.219
   114  37.0750  -6.3069   2.4232   1.7776   0.4225   0.8176   0.1181   0.6075   0.4617   0.0299   0.0000   0.0188   0.0862    0.209
   115  37.2162  -6.5264   2.4565   1.6907   0.3478   0.7316   0.1228   0.5719   0.4347   0.0262   0.0000   0.0229   0.0768    0.197
   116  37.3480  -6.7314   2.4876   1.6096   0.3326   0.6302   0.1276   0.5180   0.3937   0.0219   0.0000   0.0267   0.0645    0.182
   117  37.4657  -6.9144   2.5154   1.5372   0.2507   0.5079   0.1322   0.4377   0.3326   0.0162   0.0000   0.0289   0.0491    0.163
   118  37.5551  -7.0535   2.5365   1.4822   0.1746   0.3727   0.1359   0.3336   0.2535   0.0100   0.0000   0.0272   0.0331    0.143
   119  37.6153  -7.1471   2.5508   1.4451   0.1029   0.2277   0.1384   0.2095   0.1592   0.0040   0.0000   0.0199   0.0184    0.125
   120  37.6455  -7.1941   2.5579   1.4265   0.0340   0.0766   0.1398   0.0722   0.0549  -0.0020   0.0000   0.0073   0.0058    0.116

  Surface # 5     vertical_stabilizer                     
     # Chordwise = 10   # Spanwise = 30     First strip =121
     Surface area Ssurf =   34.910363     Ave. chord Cave =    4.190920

 Forces referred to Sref, Cref, Bref about Xref, Yref, Zref
 Standard axis orientation,  X fwd, Z down         
     CLsurf  =  -0.00000     Clsurf  =  -0.00000
     CYsurf  =  -0.00000     Cmsurf  =   0.00000
     CDsurf  =   0.00000     Cnsurf  =   0.00000
     CDisurf =   0.00000     CDvsurf =   0.00000

 Forces referred to Ssurf, Cave 
     CLsurf  =   0.00000     CDsurf  =   0.00000

 Strip Forces referred to Strip Area, Chord
    j     Xle      Yle      Zle      Chord    Area     c_cl     ai     cl_norm    cl       cd       cdv    cm_c/4     cm_LE   C.P.x/c
   121  27.0137   0.0000   1.5690  10.0347   0.6931  -0.0000   0.0000  -0.0000  -0.0000   0.0000   0.0000   0.0000   0.0000    0.572
   122  27.2327   0.0000   1.6601   9.8296   1.1101  -0.0000   0.0000  -0.0000  -0.0000  -0.0000   0.0000  -0.0000   0.0000   -0.403
   123  27.5561   0.0000   1.7947   9.5266   1.4857   0.0000   0.0000   0.0000   0.0000   0.0000   0.0000  -0.0000  -0.0000  999.000
   124  27.9815   0.0000   1.9717   9.1281   1.8040   0.0000   0.0000   0.0000   0.0000  -0.0000   0.0000  -0.0000  -0.0000  999.000
   125  28.5051   0.0000   2.1895   8.6377   2.0517   0.0000  -0.0000   0.0000   0.0000   0.0000   0.0000  -0.0000  -0.0000  999.000
   126  29.1220   0.0000   2.4462   8.0598   2.2181   0.0000   0.0000   0.0000   0.0000  -0.0000   0.0000  -0.0000  -0.0000    1.284
   127  29.8264   0.0000   2.7392   7.4000   2.2957   0.0000  -0.0000   0.0000   0.0000   0.0000   0.0000  -0.0000  -0.0000    1.313
   128  30.6115   0.0000   3.0659   6.6646   2.2808   0.0000   0.0000   0.0000   0.0000   0.0000   0.0000  -0.0000  -0.0000    1.008
   129  31.4694   0.0000   3.4228   5.8609   2.1733   0.0000   0.0000   0.0000   0.0000   0.0000   0.0000  -0.0000  -0.0000    1.577
   130  32.3918   0.0000   3.8066   4.9969   1.9773   0.0000   0.0000   0.0000   0.0000  -0.0000   0.0000  -0.0000  -0.0000    1.774
   131  33.0131   0.0000   4.1929   4.4389   1.6667  -0.0000  -0.0000  -0.0000  -0.0000   0.0000   0.0000   0.0000   0.0000    0.391
   132  33.3001   0.0000   4.5764   4.2198   1.6478  -0.0000   0.0000  -0.0000  -0.0000  -0.0000   0.0000  -0.0000  -0.0000  999.000
   133  33.5969   0.0000   4.9729   3.9932   1.6033  -0.0000   0.0000  -0.0000  -0.0000  -0.0000   0.0000  -0.0000  -0.0000  999.000
   134  33.9004   0.0000   5.3784   3.7615   1.5362   0.0000   0.0000   0.0000   0.0000   0.0000   0.0000  -0.0000  -0.0000  999.000
   135  34.2075   0.0000   5.7886   3.5271   1.4499   0.0000   0.0000   0.0000   0.0000   0.0000   0.0000  -0.0000  -0.0000    0.905
   136  34.5150   0.0000   6.1995   3.2923   1.3482  -0.0000  -0.0000  -0.0000  -0.0000  -0.0000   0.0000   0.0000   0.0000    1.238
   137  34.8197   0.0000   6.6066   3.0597   1.2352  -0.0000   0.0000  -0.0000  -0.0000   0.0000   0.0000   0.0000   0.0000    1.134
   138  35.1185   0.0000   7.0058   2.8315   1.1147  -0.0000   0.0000  -0.0000  -0.0000   0.0000   0.0000   0.0000   0.0000    0.672
   139  35.4083   0.0000   7.3929   2.6103   0.9908  -0.0000  -0.0000  -0.0000  -0.0000  -0.0000   0.0000   0.0000   0.0000    0.605
   140  35.6860   0.0000   7.7640   2.3983   0.8670   0.0000   0.0000   0.0000   0.0000   0.0000   0.0000  -0.0000  -0.0000  999.000
   141  35.9487   0.0000   8.1150   2.1977   0.7464   0.0000   0.0000   0.0000   0.0000   0.0000   0.0000  -0.0000  -0.0000    1.421
   142  36.1937   0.0000   8.4424   2.0106   0.6318   0.0000   0.0000   0.0000   0.0000  -0.0000   0.0000  -0.0000  -0.0000    1.495
   143  36.4185   0.0000   8.7426   1.8390   0.5251  -0.0000   0.0000  -0.0000  -0.0000   0.0000   0.0000   0.0000   0.0000    1.264
   144  36.6206   0.0000   9.0127   1.6847   0.4276  -0.0000   0.0000  -0.0000  -0.0000   0.0000   0.0000   0.0000   0.0000    0.270
   145  36.7980   0.0000   9.2496   1.5493   0.3400  -0.0000  -0.0000  -0.0000  -0.0000   0.0000   0.0000   0.0000   0.0000    0.543
   146  36.9487   0.0000   9.4510   1.4342   0.2622  -0.0000   0.0000  -0.0000  -0.0000   0.0000   0.0000   0.0000   0.0000    0.702
   147  37.0713   0.0000   9.6148   1.3407   0.1933  -0.0000  -0.0000  -0.0000  -0.0000   0.0000   0.0000   0.0000   0.0000    0.819
   148  37.1643   0.0000   9.7391   1.2696   0.1322  -0.0000   0.0000  -0.0000  -0.0000  -0.0000   0.0000   0.0000   0.0000    0.418
   149  37.2269   0.0000   9.8227   1.2218   0.0769  -0.0000  -0.0000  -0.0000  -0.0000  -0.0000   0.0000   0.0000   0.0000    0.503
   150  37.2584   0.0000   9.8647   1.1978   0.0252  -0.0000   0.0000  -0.0000  -0.0000  -0.0000   0.0000  -0.0000   0.0000   -0.099

  Surface # 6     fuselage_horizontal                     
     # Chordwise = 10   # Spanwise = 10     First strip =151
     Surface area Ssurf =  123.841199     Ave. chord Cave =   33.112620

 Forces referred to Sref, Cref, Bref about Xref, Yref, Zref
 Standard axis orientation,  X fwd, Z down         
     CLsurf  =   0.01742     Clsurf  =   0.00000
     CYsurf  =   0.00000     Cmsurf  =   0.09000
     CDsurf  =  -0.00018     Cnsurf  =  -0.00000
     CDisurf =  -0.00018     CDvsurf =   0.00000

 Forces referred to Ssurf, Cave 
     CLsurf  =   0.01756     CDsurf  =  -0.00018

 Strip Forces referred to Strip Area, Chord
    j     Xle      Yle      Zle      Chord    Area     c_cl     ai     cl_norm    cl       cd       cdv    cm_c/4     cm_LE   C.P.x/c
   151   5.0231  -1.6830   0.0000  26.5957   9.9468   0.4026   0.2583   0.1524   0.0163  -0.0054   0.0000   0.0063   0.0003   -0.137
   152   2.9203  -1.3090   0.0000  31.2096  11.6724   0.5604   0.2744   0.0664   0.0185  -0.0016   0.0000   0.0081   0.0009   -0.186
   153   1.6676  -0.9350   0.0000  34.0626  12.7394   0.6087   0.2477   0.0425   0.0182  -0.0001   0.0000   0.0099   0.0018   -0.295
   154   0.7666  -0.5610   0.0000  36.1620  13.5246   0.6353   0.2373   0.0290   0.0176   0.0012   0.0000   0.0107   0.0028   -0.359
   155   0.1963  -0.1870   0.0000  37.5333  14.0374   0.6511   0.2360   0.0197   0.0170   0.0033   0.0000   0.0110   0.0046   -0.393
   156   0.1963   0.1870   0.0000  37.5333  14.0374   0.6511   0.2360   0.0197   0.0170   0.0033   0.0000   0.0110   0.0046   -0.393
   157   0.7666   0.5610   0.0000  36.1620  13.5246   0.6353   0.2373   0.0290   0.0176   0.0012   0.0000   0.0107   0.0028   -0.359
   158   1.6676   0.9350   0.0000  34.0626  12.7394   0.6087   0.2477   0.0425   0.0182  -0.0001   0.0000   0.0099   0.0018   -0.295
   159   2.9202   1.3090   0.0000  31.2096  11.6724   0.5604   0.2744   0.0664   0.0185  -0.0016   0.0000   0.0081   0.0009   -0.186
   160   5.0231   1.6830   0.0000  26.5957   9.9468   0.4026   0.2583   0.1524   0.0163  -0.0054   0.0000   0.0063   0.0003   -0.137

  Surface # 7     fuselage_vertical                       
     # Chordwise = 10   # Spanwise = 10     First strip =161
     Surface area Ssurf =  123.841199     Ave. chord Cave =   33.112620

 Forces referred to Sref, Cref, Bref about Xref, Yref, Zref
 Standard axis orientation,  X fwd, Z down         
     CLsurf  =  -0.00000     Clsurf  =  -0.00000
     CYsurf  =   0.00000     Cmsurf  =   0.00000
     CDsurf  =  -0.00000     Cnsurf  =  -0.00000
     CDisurf =  -0.00000     CDvsurf =   0.00000

 Forces referred to Ssurf, Cave 
     CLsurf  =  -0.00000     CDsurf  =  -0.00000

 Strip Forces referred to Strip Area, Chord
    j     Xle      Yle      Zle      Chord    Area     c_cl     ai     cl_norm    cl       cd       cdv    cm_c/4     cm_LE   C.P.x/c
   161   5.0231   0.0000  -1.6830  26.5957   9.9468   0.0000  -0.0000   0.0000   0.0000   0.0000   0.0000  -0.0000  -0.0000  999.000
   162   2.9203   0.0000  -1.3090  31.2096  11.6724  -0.0000  -0.0000  -0.0000  -0.0000  -0.0000   0.0000   0.0000   0.0000    0.457
   163   1.6676   0.0000  -0.9350  34.0626  12.7394  -0.0000  -0.0000  -0.0000  -0.0000   0.0000   0.0000   0.0000   0.0000    0.479
   164   0.7666   0.0000  -0.5610  36.1620  13.5246  -0.0000   0.0000  -0.0000  -0.0000   0.0000   0.0000   0.0000   0.0000    0.530
   165   0.1963   0.0000  -0.1870  37.5333  14.0374  -0.0000  -0.0000  -0.0000  -0.0000   0.0000   0.0000  -0.0000  -0.0000   -0.060
   166   0.1963   0.0000   0.1870  37.5333  14.0374  -0.0000   0.0000  -0.0000  -0.0000  -0.0000   0.0000   0.0000   0.0000    1.036
   167   0.7666   0.0000   0.5610  36.1620  13.5246  -0.0000  -0.0000  -0.0000  -0.0000  -0.0000   0.0000   0.0000   0.0000    0.531
   168   1.6676   0.0000   0.9350  34.0626  12.7394   0.0000  -0.0000   0.0000   0.0000  -0.0000   0.0000  -0.0000  -0.0000  999.000
   169   2.9202   0.0000   1.3090  31.2096  11.6724  -0.0000  -0.0000  -0.0000  -0.0000   0.0000   0.0000   0.0000   0.0000    1.095
   170   5.0231   0.0000   1.6830  26.5957   9.9468  -0.0000   0.0000  -0.0000  -0.0000  -0.0000   0.0000   0.0000   0.0000    1.256
 ---------------------------------------------------------------
