 ---------------------------------------------------------------
 Surface and Strip Forces by surface

  Sref =  124.86       Cref =  4.4875       Bref =  34.320    
  Xref =  15.310       Yref =  0.0000       Zref =-0.48024    

  Surface # 1     main_wing                               
     # Chordwise = 10   # Spanwise = 30     First strip =  1
     Surface area Ssurf =   63.968838     Ave. chord Cave =    3.715026

 Forces referred to Sref, Cref, Bref about Xref, Yref, Zref
 Standard axis orientation,  X fwd, Z down         
     CLsurf  =   0.01428     Clsurf  =   0.00153
     CYsurf  =  -0.00028     Cmsurf  =  -0.00123
     CDsurf  =   0.00040     Cnsurf  =  -0.00011
     CDisurf =   0.00040     CDvsurf =   0.00000

 Forces referred to Ssurf, Cave 
     CLsurf  =   0.02784     CDsurf  =   0.00078

 Strip Forces referred to Strip Area, Chord
    j     Xle      Yle      Zle      Chord    Area     c_cl     ai     cl_norm    cl       cd       cdv    cm_c/4     cm_LE   C.P.x/c
     1  13.6181   0.0114  -0.9295   7.7520   0.3539   0.7787   0.0127   0.1302   0.1012   0.0192   0.0000  -0.0079  -0.0268    0.328
     2  13.6830   0.1025  -0.9255   7.6885   1.0492   0.7659   0.0120   0.1285   0.0998   0.0048   0.0000  -0.0078  -0.0266    0.328
     3  13.8120   0.2837  -0.9176   7.5620   1.7073   0.7612   0.0103   0.1298   0.1009   0.0038   0.0000  -0.0076  -0.0266    0.325
     4  14.0037   0.5530  -0.9059   7.3741   2.3052   0.7505   0.0078   0.1312   0.1020   0.0033   0.0000  -0.0072  -0.0265    0.321
     5  14.2560   0.9075  -0.8904   7.1267   2.8223   0.7292   0.0052   0.1319   0.1025   0.0027   0.0000  -0.0069  -0.0264    0.317
     6  14.5662   1.3432  -0.8714   6.8226   3.2414   0.6933   0.0058   0.1309   0.1018   0.0022   0.0000  -0.0068  -0.0262    0.317
     7  14.9309   1.8554  -0.8490   6.4651   3.5491   0.6399   0.0156   0.1275   0.0991   0.0016   0.0000  -0.0070  -0.0258    0.321
     8  15.3460   2.4386  -0.8236   6.0582   3.7368   0.5668   0.0232   0.1205   0.0936   0.0009   0.0000  -0.0076  -0.0252    0.331
     9  15.8070   3.0862  -0.7953   5.6062   3.8005   0.4746   0.0160   0.1090   0.0847   0.0002   0.0000  -0.0085  -0.0241    0.351
    10  16.2877   3.7613  -0.7658   5.1351   3.4440   0.3726   0.0063   0.0934   0.0726  -0.0002   0.0000  -0.0095  -0.0225    0.381
    11  16.7803   4.4532  -0.7356   4.6522   3.3149   0.2671  -0.0019   0.0739   0.0574  -0.0004   0.0000  -0.0106  -0.0203    0.434
    12  17.2999   5.1831  -0.7037   4.1429   3.0930   0.1580  -0.0120   0.0491   0.0381  -0.0005   0.0000  -0.0121  -0.0176    0.566
    13  17.8026   6.0123  -0.6437   3.7903   3.4706   0.0632  -0.0168   0.0202   0.0167  -0.0003   0.0000  -0.0136  -0.0158    1.064
    14  18.2809   6.9353  -0.5549   3.6075   3.3775  -0.0005  -0.0125  -0.0002  -0.0001  -0.0000   0.0000  -0.0145  -0.0128  999.000
    15  18.7672   7.8737  -0.4645   3.4215   3.2389  -0.0474  -0.0090  -0.0168  -0.0139   0.0001   0.0000  -0.0154  -0.0107   -0.863
    16  19.2562   8.8172  -0.3736   3.2345   3.0619  -0.0823  -0.0068  -0.0309  -0.0254   0.0002   0.0000  -0.0165  -0.0091   -0.400
    17  19.7425   9.7556  -0.2833   3.0486   2.8543  -0.1078  -0.0061  -0.0429  -0.0354   0.0003   0.0000  -0.0178  -0.0080   -0.253
    18  20.2208  10.6786  -0.1944   2.8657   2.6239  -0.1256  -0.0061  -0.0532  -0.0438   0.0003   0.0000  -0.0193  -0.0075   -0.189
    19  20.6858  11.5760  -0.1080   2.6879   2.3787  -0.1364  -0.0065  -0.0616  -0.0507   0.0003   0.0000  -0.0208  -0.0073   -0.161
    20  21.1299  12.4328  -0.0255   2.5181   2.1010  -0.1399  -0.0066  -0.0675  -0.0556   0.0003   0.0000  -0.0219  -0.0072   -0.144
    21  21.5482  13.2400   0.0523   2.3582   1.8520  -0.1373  -0.0064  -0.0707  -0.0583   0.0002   0.0000  -0.0223  -0.0070   -0.133
    22  21.9390  13.9941   0.1249   2.2087   1.6074  -0.1304  -0.0062  -0.0717  -0.0591   0.0002   0.0000  -0.0227  -0.0071   -0.133
    23  22.2979  14.6868   0.1916   2.0715   1.3716  -0.1200  -0.0061  -0.0704  -0.0580   0.0001   0.0000  -0.0230  -0.0077   -0.147
    24  22.6211  15.3105   0.2516   1.9479   1.1479  -0.1065  -0.0058  -0.0664  -0.0547   0.0000   0.0000  -0.0234  -0.0087   -0.177
    25  22.9051  15.8583   0.3044   1.8393   0.9381  -0.0905  -0.0053  -0.0598  -0.0492  -0.0000   0.0000  -0.0231  -0.0097   -0.220
    26  23.1466  16.3244   0.3493   1.7470   0.7427  -0.0730  -0.0046  -0.0508  -0.0418   0.0000   0.0000  -0.0210  -0.0094   -0.252
    27  23.5299  16.6722   0.3828   1.4928   0.4131  -0.0561  -0.0045  -0.1240  -0.0376  -0.0006   0.0000  -0.0160  -0.0032   -0.175
    28  23.9809  16.9098   0.4056   1.1466   0.2292  -0.0398  -0.0041  -0.1145  -0.0348  -0.0008   0.0000  -0.0164  -0.0038   -0.223
    29  24.2843  17.0696   0.4210   0.9138   0.1104  -0.0236  -0.0032  -0.0851  -0.0258  -0.0011   0.0000  -0.0149  -0.0041   -0.327
    30  24.4368  17.1499   0.4287   0.7967   0.0322  -0.0077  -0.0022  -0.0322  -0.0098  -0.0020   0.0000  -0.0071  -0.0022   -0.472

  Surface # 2     main_wing (YDUP)                        
     # Chordwise = 10   # Spanwise = 30     First strip = 31
     Surface area Ssurf =   63.968838     Ave. chord Cave =    3.715026

 Forces referred to Sref, Cref, Bref about Xref, Yref, Zref
 Standard axis orientation,  X fwd, Z down         
     CLsurf  =   0.01428     Clsurf  =  -0.00153
     CYsurf  =   0.00028     Cmsurf  =  -0.00123
     CDsurf  =   0.00040     Cnsurf  =   0.00011
     CDisurf =   0.00040     CDvsurf =   0.00000

 Forces referred to Ssurf, Cave 
     CLsurf  =   0.02784     CDsurf  =   0.00078

 Strip Forces referred to Strip Area, Chord
    j     Xle      Yle      Zle      Chord    Area     c_cl     ai     cl_norm    cl       cd       cdv    cm_c/4     cm_LE   C.P.x/c
    31  13.6181  -0.0114  -0.9295   7.7520   0.3539   0.7787   0.0127   0.1302   0.1012   0.0192   0.0000  -0.0079   0.0268    0.328
    32  13.6830  -0.1025  -0.9255   7.6885   1.0492   0.7659   0.0120   0.1285   0.0998   0.0048   0.0000  -0.0078   0.0266    0.328
    33  13.8120  -0.2837  -0.9176   7.5620   1.7073   0.7612   0.0103   0.1298   0.1009   0.0038   0.0000  -0.0076   0.0266    0.325
    34  14.0037  -0.5530  -0.9059   7.3741   2.3052   0.7505   0.0078   0.1312   0.1020   0.0033   0.0000  -0.0072   0.0265    0.321
    35  14.2560  -0.9075  -0.8904   7.1267   2.8223   0.7292   0.0052   0.1319   0.1025   0.0027   0.0000  -0.0069   0.0264    0.317
    36  14.5662  -1.3432  -0.8714   6.8226   3.2414   0.6933   0.0058   0.1309   0.1018   0.0022   0.0000  -0.0068   0.0262    0.317
    37  14.9309  -1.8554  -0.8490   6.4651   3.5491   0.6399   0.0156   0.1275   0.0991   0.0016   0.0000  -0.0070   0.0258    0.321
    38  15.3460  -2.4386  -0.8236   6.0582   3.7368   0.5668   0.0232   0.1205   0.0936   0.0009   0.0000  -0.0076   0.0252    0.331
    39  15.8070  -3.0862  -0.7953   5.6062   3.8005   0.4746   0.0160   0.1090   0.0847   0.0002   0.0000  -0.0085   0.0241    0.351
    40  16.2877  -3.7613  -0.7658   5.1351   3.4440   0.3726   0.0063   0.0934   0.0726  -0.0002   0.0000  -0.0095   0.0225    0.381
    41  16.7803  -4.4532  -0.7356   4.6522   3.3149   0.2671  -0.0019   0.0739   0.0574  -0.0004   0.0000  -0.0106   0.0203    0.434
    42  17.2999  -5.1831  -0.7037   4.1429   3.0930   0.1580  -0.0120   0.0491   0.0381  -0.0005   0.0000  -0.0121   0.0176    0.566
    43  17.8026  -6.0123  -0.6437   3.7903   3.4706   0.0632  -0.0168   0.0202   0.0167  -0.0003   0.0000  -0.0136   0.0158    1.064
    44  18.2809  -6.9353  -0.5549   3.6075   3.3775  -0.0005  -0.0125  -0.0002  -0.0001  -0.0000   0.0000  -0.0145   0.0128  999.000
    45  18.7672  -7.8737  -0.4645   3.4215   3.2389  -0.0474  -0.0090  -0.0168  -0.0139   0.0001   0.0000  -0.0154   0.0107   -0.863
    46  19.2562  -8.8172  -0.3736   3.2345   3.0619  -0.0823  -0.0068  -0.0309  -0.0254   0.0002   0.0000  -0.0165   0.0091   -0.400
    47  19.7425  -9.7556  -0.2833   3.0486   2.8543  -0.1078  -0.0061  -0.0429  -0.0354   0.0003   0.0000  -0.0178   0.0080   -0.253
    48  20.2208 -10.6786  -0.1944   2.8657   2.6239  -0.1256  -0.0061  -0.0532  -0.0438   0.0003   0.0000  -0.0193   0.0075   -0.189
    49  20.6858 -11.5760  -0.1080   2.6879   2.3787  -0.1364  -0.0065  -0.0616  -0.0507   0.0003   0.0000  -0.0208   0.0073   -0.161
    50  21.1299 -12.4328  -0.0255   2.5181   2.1010  -0.1399  -0.0066  -0.0675  -0.0556   0.0003   0.0000  -0.0219   0.0072   -0.144
    51  21.5482 -13.2400   0.0523   2.3582   1.8520  -0.1373  -0.0064  -0.0707  -0.0583   0.0002   0.0000  -0.0223   0.0070   -0.133
    52  21.9390 -13.9941   0.1249   2.2087   1.6074  -0.1304  -0.0062  -0.0717  -0.0591   0.0002   0.0000  -0.0227   0.0071   -0.133
    53  22.2979 -14.6868   0.1916   2.0715   1.3716  -0.1200  -0.0061  -0.0704  -0.0580   0.0001   0.0000  -0.0230   0.0077   -0.147
    54  22.6211 -15.3105   0.2516   1.9479   1.1479  -0.1065  -0.0058  -0.0664  -0.0547   0.0000   0.0000  -0.0234   0.0087   -0.177
    55  22.9051 -15.8583   0.3044   1.8393   0.9381  -0.0905  -0.0053  -0.0598  -0.0492  -0.0000   0.0000  -0.0231   0.0097   -0.220
    56  23.1466 -16.3244   0.3493   1.7470   0.7427  -0.0730  -0.0046  -0.0508  -0.0418   0.0000   0.0000  -0.0210   0.0094   -0.252
    57  23.5299 -16.6722   0.3828   1.4928   0.4131  -0.0561  -0.0045  -0.1240  -0.0376  -0.0006   0.0000  -0.0160   0.0032   -0.175
    58  23.9809 -16.9098   0.4056   1.1466   0.2292  -0.0398  -0.0041  -0.1145  -0.0348  -0.0008   0.0000  -0.0164   0.0038   -0.223
    59  24.2843 -17.0696   0.4210   0.9138   0.1104  -0.0236  -0.0032  -0.0851  -0.0258  -0.0011   0.0000  -0.0149   0.0041   -0.327
    60  24.4368 -17.1499   0.4287   0.7967   0.0322  -0.0077  -0.0022  -0.0322  -0.0098  -0.0020   0.0000  -0.0071   0.0022   -0.472

  Surface # 3     horizontal_stabilizer                   
     # Chordwise = 10   # Spanwise = 30     First strip = 61
     Surface area Ssurf =   20.744605     Ave. chord Cave =    2.848571

 Forces referred to Sref, Cref, Bref about Xref, Yref, Zref
 Standard axis orientation,  X fwd, Z down         
     CLsurf  =  -0.03011     Clsurf  =   0.00295
     CYsurf  =   0.00484     Cmsurf  =   0.13636
     CDsurf  =   0.00012     Cnsurf  =  -0.00299
     CDisurf =   0.00012     CDvsurf =   0.00000

 Forces referred to Ssurf, Cave 
     CLsurf  =  -0.18357     CDsurf  =   0.00073

 Strip Forces referred to Strip Area, Chord
    j     Xle      Yle      Zle      Chord    Area     c_cl     ai     cl_norm    cl       cd       cdv    cm_c/4     cm_LE   C.P.x/c
    61  33.0230   0.0046   1.4667   4.2713   0.0803  -0.6019  -0.0207  -0.1779  -0.1387   0.0654   0.0000   0.0092   0.0372    0.316
    62  33.0469   0.0418   1.4723   4.2566   0.2392  -0.6939  -0.0212  -0.2088  -0.1628   0.0078   0.0000   0.0088   0.0415    0.304
    63  33.0943   0.1156   1.4835   4.2274   0.3930  -0.7011  -0.0216  -0.2126  -0.1658   0.0039   0.0000   0.0083   0.0417    0.300
    64  33.1649   0.2254   1.5002   4.1839   0.5386  -0.7029  -0.0219  -0.2154  -0.1680   0.0030   0.0000   0.0075   0.0414    0.294
    65  33.2578   0.3698   1.5221   4.1268   0.6730  -0.7034  -0.0220  -0.2186  -0.1705   0.0025   0.0000   0.0064   0.0410    0.287
    66  33.3719   0.5474   1.5490   4.0565   0.7936  -0.7028  -0.0218  -0.2222  -0.1733   0.0021   0.0000   0.0052   0.0406    0.280
    67  33.5097   0.7617   1.5816   3.9717   0.9441  -0.7009  -0.0211  -0.2263  -0.1765   0.0017   0.0000   0.0040   0.0403    0.273
    68  33.6704   1.0116   1.6195   3.8728   1.0344  -0.6969  -0.0199  -0.2308  -0.1800   0.0013   0.0000   0.0030   0.0401    0.266
    69  33.8488   1.2891   1.6616   3.7630   1.1046  -0.6906  -0.0180  -0.2354  -0.1836   0.0009   0.0000   0.0020   0.0400    0.261
    70  34.0430   1.5912   1.7075   3.6435   1.1542  -0.6813  -0.0156  -0.2399  -0.1871   0.0006   0.0000   0.0012   0.0401    0.257
    71  34.2510   1.9146   1.7565   3.5155   1.1831  -0.6688  -0.0132  -0.2441  -0.1904   0.0004   0.0000   0.0006   0.0403    0.253
    72  34.4703   2.2558   1.8083   3.3805   1.1921  -0.6530  -0.0114  -0.2478  -0.1933   0.0002   0.0000   0.0001   0.0405    0.251
    73  34.6987   2.6109   1.8622   3.2400   1.1821  -0.6337  -0.0103  -0.2509  -0.1957  -0.0000   0.0000  -0.0003   0.0406    0.249
    74  34.9335   2.9762   1.9177   3.0955   1.1548  -0.6113  -0.0100  -0.2534  -0.1976  -0.0001   0.0000  -0.0006   0.0408    0.247
    75  35.1723   3.3476   1.9740   2.9485   1.1122  -0.5859  -0.0102  -0.2550  -0.1989  -0.0002   0.0000  -0.0008   0.0408    0.246
    76  35.4124   3.7210   2.0307   2.8008   1.0564  -0.5582  -0.0107  -0.2557  -0.1994  -0.0003   0.0000  -0.0010   0.0408    0.245
    77  35.6512   4.0924   2.0871   2.6538   0.9900  -0.5287  -0.0115  -0.2556  -0.1993  -0.0003   0.0000  -0.0012   0.0406    0.244
    78  35.8861   4.4577   2.1425   2.5093   0.9155  -0.4977  -0.0123  -0.2545  -0.1985  -0.0003   0.0000  -0.0015   0.0402    0.243
    79  36.1144   4.8128   2.1964   2.3687   0.8353  -0.4658  -0.0132  -0.2523  -0.1968  -0.0003   0.0000  -0.0018   0.0396    0.241
    80  36.3338   5.1540   2.2482   2.2338   0.7518  -0.4333  -0.0143  -0.2489  -0.1941  -0.0004   0.0000  -0.0022   0.0386    0.239
    81  36.5417   5.4774   2.2973   2.1058   0.6671  -0.4002  -0.0155  -0.2438  -0.1902  -0.0004   0.0000  -0.0028   0.0373    0.235
    82  36.7359   5.7795   2.3431   1.9862   0.5830  -0.3666  -0.0169  -0.2368  -0.1847  -0.0004   0.0000  -0.0037   0.0354    0.230
    83  36.9144   6.0570   2.3852   1.8764   0.5012  -0.3322  -0.0184  -0.2271  -0.1771  -0.0005   0.0000  -0.0047   0.0330    0.223
    84  37.0750   6.3069   2.4232   1.7776   0.4225  -0.2968  -0.0200  -0.2142  -0.1671  -0.0005   0.0000  -0.0060   0.0298    0.214
    85  37.2162   6.5264   2.4565   1.6907   0.3478  -0.2601  -0.0216  -0.1974  -0.1539  -0.0006   0.0000  -0.0073   0.0259    0.202
    86  37.3480   6.7314   2.4876   1.6096   0.3326  -0.2198  -0.0231  -0.1753  -0.1367  -0.0007   0.0000  -0.0085   0.0213    0.188
    87  37.4657   6.9144   2.5154   1.5372   0.2507  -0.1743  -0.0245  -0.1456  -0.1135  -0.0008   0.0000  -0.0092   0.0159    0.169
    88  37.5551   7.0535   2.5365   1.4822   0.1746  -0.1264  -0.0256  -0.1094  -0.0853  -0.0008   0.0000  -0.0086   0.0105    0.149
    89  37.6153   7.1471   2.5508   1.4451   0.1029  -0.0766  -0.0264  -0.0680  -0.0531  -0.0008   0.0000  -0.0063   0.0058    0.132
    90  37.6455   7.1941   2.5579   1.4265   0.0340  -0.0257  -0.0268  -0.0231  -0.0180  -0.0007   0.0000  -0.0023   0.0018    0.122

  Surface # 4     horizontal_stabilizer (YDUP)            
     # Chordwise = 10   # Spanwise = 30     First strip = 91
     Surface area Ssurf =   20.744605     Ave. chord Cave =    2.848571

 Forces referred to Sref, Cref, Bref about Xref, Yref, Zref
 Standard axis orientation,  X fwd, Z down         
     CLsurf  =  -0.03011     Clsurf  =  -0.00295
     CYsurf  =  -0.00484     Cmsurf  =   0.13636
     CDsurf  =   0.00012     Cnsurf  =   0.00299
     CDisurf =   0.00012     CDvsurf =   0.00000

 Forces referred to Ssurf, Cave 
     CLsurf  =  -0.18357     CDsurf  =   0.00073

 Strip Forces referred to Strip Area, Chord
    j     Xle      Yle      Zle      Chord    Area     c_cl     ai     cl_norm    cl       cd       cdv    cm_c/4     cm_LE   C.P.x/c
    91  33.0230  -0.0046   1.4667   4.2713   0.0803  -0.6019  -0.0207  -0.1779  -0.1387   0.0654   0.0000   0.0092  -0.0372    0.316
    92  33.0469  -0.0418   1.4723   4.2566   0.2392  -0.6939  -0.0212  -0.2088  -0.1628   0.0078   0.0000   0.0088  -0.0415    0.304
    93  33.0943  -0.1156   1.4835   4.2274   0.3930  -0.7011  -0.0216  -0.2126  -0.1658   0.0039   0.0000   0.0083  -0.0417    0.300
    94  33.1649  -0.2254   1.5002   4.1839   0.5386  -0.7029  -0.0219  -0.2154  -0.1680   0.0030   0.0000   0.0075  -0.0414    0.294
    95  33.2578  -0.3698   1.5221   4.1268   0.6730  -0.7034  -0.0220  -0.2186  -0.1705   0.0025   0.0000   0.0064  -0.0410    0.287
    96  33.3719  -0.5474   1.5490   4.0565   0.7936  -0.7028  -0.0218  -0.2222  -0.1733   0.0021   0.0000   0.0052  -0.0406    0.280
    97  33.5097  -0.7617   1.5816   3.9717   0.9441  -0.7009  -0.0211  -0.2263  -0.1765   0.0017   0.0000   0.0040  -0.0403    0.273
    98  33.6704  -1.0116   1.6195   3.8728   1.0344  -0.6969  -0.0199  -0.2308  -0.1800   0.0013   0.0000   0.0030  -0.0401    0.266
    99  33.8488  -1.2891   1.6616   3.7630   1.1046  -0.6906  -0.0180  -0.2354  -0.1836   0.0009   0.0000   0.0020  -0.0400    0.261
   100  34.0430  -1.5912   1.7075   3.6435   1.1542  -0.6813  -0.0156  -0.2399  -0.1871   0.0006   0.0000   0.0012  -0.0401    0.257
   101  34.2510  -1.9146   1.7565   3.5155   1.1831  -0.6688  -0.0132  -0.2441  -0.1904   0.0004   0.0000   0.0006  -0.0403    0.253
   102  34.4703  -2.2558   1.8083   3.3805   1.1921  -0.6530  -0.0114  -0.2478  -0.1933   0.0002   0.0000   0.0001  -0.0405    0.251
   103  34.6987  -2.6109   1.8622   3.2400   1.1821  -0.6337  -0.0103  -0.2509  -0.1957  -0.0000   0.0000  -0.0003  -0.0406    0.249
   104  34.9335  -2.9762   1.9177   3.0955   1.1548  -0.6113  -0.0100  -0.2534  -0.1976  -0.0001   0.0000  -0.0006  -0.0408    0.247
   105  35.1723  -3.3476   1.9740   2.9485   1.1122  -0.5859  -0.0102  -0.2550  -0.1989  -0.0002   0.0000  -0.0008  -0.0408    0.246
   106  35.4124  -3.7210   2.0307   2.8008   1.0564  -0.5582  -0.0107  -0.2557  -0.1994  -0.0003   0.0000  -0.0010  -0.0408    0.245
   107  35.6512  -4.0924   2.0871   2.6538   0.9900  -0.5287  -0.0115  -0.2556  -0.1993  -0.0003   0.0000  -0.0012  -0.0406    0.244
   108  35.8861  -4.4577   2.1425   2.5093   0.9155  -0.4977  -0.0123  -0.2545  -0.1985  -0.0003   0.0000  -0.0015  -0.0402    0.243
   109  36.1144  -4.8128   2.1964   2.3687   0.8353  -0.4658  -0.0132  -0.2523  -0.1968  -0.0003   0.0000  -0.0018  -0.0396    0.241
   110  36.3338  -5.1540   2.2482   2.2338   0.7518  -0.4333  -0.0143  -0.2489  -0.1941  -0.0004   0.0000  -0.0022  -0.0386    0.239
   111  36.5417  -5.4774   2.2973   2.1058   0.6671  -0.4002  -0.0155  -0.2438  -0.1902  -0.0004   0.0000  -0.0028  -0.0373    0.235
   112  36.7359  -5.7795   2.3431   1.9862   0.5830  -0.3666  -0.0169  -0.2368  -0.1847  -0.0004   0.0000  -0.0037  -0.0354    0.230
   113  36.9144  -6.0570   2.3852   1.8764   0.5012  -0.3322  -0.0184  -0.2271  -0.1771  -0.0005   0.0000  -0.0047  -0.0330    0.223
   114  37.0750  -6.3069   2.4232   1.7776   0.4225  -0.2968  -0.0200  -0.2142  -0.1671  -0.0005   0.0000  -0.0060  -0.0298    0.214
   115  37.2162  -6.5264   2.4565   1.6907   0.3478  -0.2601  -0.0216  -0.1974  -0.1539  -0.0006   0.0000  -0.0073  -0.0259    0.202
   116  37.3480  -6.7314   2.4876   1.6096   0.3326  -0.2198  -0.0231  -0.1753  -0.1367  -0.0007   0.0000  -0.0085  -0.0213    0.188
   117  37.4657  -6.9144   2.5154   1.5372   0.2507  -0.1743  -0.0245  -0.1456  -0.1135  -0.0008   0.0000  -0.0092  -0.0159    0.169
   118  37.5551  -7.0535   2.5365   1.4822   0.1746  -0.1264  -0.0256  -0.1094  -0.0853  -0.0008   0.0000  -0.0086  -0.0105    0.149
   119  37.6153  -7.1471   2.5508   1.4451   0.1029  -0.0766  -0.0264  -0.0680  -0.0531  -0.0008   0.0000  -0.0063  -0.0058    0.132
   120  37.6455  -7.1941   2.5579   1.4265   0.0340  -0.0257  -0.0268  -0.0231  -0.0180  -0.0007   0.0000  -0.0023  -0.0018    0.122

  Surface # 5     vertical_stabilizer                     
     # Chordwise = 10   # Spanwise = 30     First strip =121
     Surface area Ssurf =   34.910363     Ave. chord Cave =    4.190920

 Forces referred to Sref, Cref, Bref about Xref, Yref, Zref
 Standard axis orientation,  X fwd, Z down         
     CLsurf  =  -0.00000     Clsurf  =  -0.00000
     CYsurf  =  -0.00000     Cmsurf  =   0.00000
     CDsurf  =   0.00000     Cnsurf  =   0.00000
     CDisurf =   0.00000     CDvsurf =   0.00000

 Forces referred to Ssurf, Cave 
     CLsurf  =   0.00000     CDsurf  =   0.00000

 Strip Forces referred to Strip Area, Chord
    j     Xle      Yle      Zle      Chord    Area     c_cl     ai     cl_norm    cl       cd       cdv    cm_c/4     cm_LE   C.P.x/c
   121  27.0137   0.0000   1.5690  10.0347   0.6931   0.0000   0.0000   0.0000   0.0000   0.0000   0.0000  -0.0000  -0.0000    1.374
   122  27.2327   0.0000   1.6601   9.8296   1.1101   0.0000   0.0000   0.0000   0.0000  -0.0000   0.0000  -0.0000  -0.0000  999.000
   123  27.5561   0.0000   1.7947   9.5266   1.4857   0.0000  -0.0000   0.0000   0.0000  -0.0000   0.0000  -0.0000  -0.0000    1.307
   124  27.9815   0.0000   1.9717   9.1281   1.8040   0.0000  -0.0000   0.0000   0.0000  -0.0000   0.0000  -0.0000  -0.0000    0.871
   125  28.5051   0.0000   2.1895   8.6377   2.0517   0.0000   0.0000   0.0000   0.0000   0.0000   0.0000  -0.0000  -0.0000    0.777
   126  29.1220   0.0000   2.4462   8.0598   2.2181   0.0000   0.0000   0.0000   0.0000  -0.0000   0.0000  -0.0000  -0.0000    0.584
   127  29.8264   0.0000   2.7392   7.4000   2.2957   0.0000   0.0000   0.0000   0.0000  -0.0000   0.0000  -0.0000  -0.0000    0.284
   128  30.6115   0.0000   3.0659   6.6646   2.2808   0.0000  -0.0000   0.0000   0.0000   0.0000   0.0000   0.0000  -0.0000    0.200
   129  31.4694   0.0000   3.4228   5.8609   2.1733   0.0000  -0.0000   0.0000   0.0000   0.0000   0.0000   0.0000   0.0000   -0.024
   130  32.3918   0.0000   3.8066   4.9969   1.9773  -0.0000  -0.0000  -0.0000  -0.0000   0.0000   0.0000   0.0000   0.0000    0.258
   131  33.0131   0.0000   4.1929   4.4389   1.6667  -0.0000  -0.0000  -0.0000  -0.0000   0.0000   0.0000   0.0000   0.0000    0.288
   132  33.3001   0.0000   4.5764   4.2198   1.6478  -0.0000  -0.0000  -0.0000  -0.0000   0.0000   0.0000   0.0000   0.0000    0.713
   133  33.5969   0.0000   4.9729   3.9932   1.6033  -0.0000  -0.0000  -0.0000  -0.0000   0.0000   0.0000   0.0000   0.0000    0.704
   134  33.9004   0.0000   5.3784   3.7615   1.5362   0.0000  -0.0000   0.0000   0.0000   0.0000   0.0000   0.0000   0.0000   -0.062
   135  34.2075   0.0000   5.7886   3.5271   1.4499   0.0000  -0.0000   0.0000   0.0000   0.0000   0.0000   0.0000   0.0000   -0.203
   136  34.5150   0.0000   6.1995   3.2923   1.3482   0.0000  -0.0000   0.0000   0.0000  -0.0000   0.0000  -0.0000  -0.0000    0.519
   137  34.8197   0.0000   6.6066   3.0597   1.2352   0.0000   0.0000   0.0000   0.0000  -0.0000   0.0000  -0.0000  -0.0000    0.359
   138  35.1185   0.0000   7.0058   2.8315   1.1147   0.0000  -0.0000   0.0000   0.0000  -0.0000   0.0000   0.0000  -0.0000    0.094
   139  35.4083   0.0000   7.3929   2.6103   0.9908   0.0000  -0.0000   0.0000   0.0000  -0.0000   0.0000   0.0000   0.0000   -0.071
   140  35.6860   0.0000   7.7640   2.3983   0.8670   0.0000  -0.0000   0.0000   0.0000  -0.0000   0.0000  -0.0000  -0.0000    0.427
   141  35.9487   0.0000   8.1150   2.1977   0.7464   0.0000  -0.0000   0.0000   0.0000  -0.0000   0.0000  -0.0000  -0.0000    0.414
   142  36.1937   0.0000   8.4424   2.0106   0.6318   0.0000  -0.0000   0.0000   0.0000   0.0000   0.0000  -0.0000  -0.0000    0.582
   143  36.4185   0.0000   8.7426   1.8390   0.5251   0.0000  -0.0000   0.0000   0.0000   0.0000   0.0000  -0.0000  -0.0000    0.325
   144  36.6206   0.0000   9.0127   1.6847   0.4276   0.0000  -0.0000   0.0000   0.0000   0.0000   0.0000   0.0000   0.0000    0.014
   145  36.7980   0.0000   9.2496   1.5493   0.3400   0.0000   0.0000   0.0000   0.0000   0.0000   0.0000  -0.0000  -0.0000    0.678
   146  36.9487   0.0000   9.4510   1.4342   0.2622   0.0000   0.0000   0.0000   0.0000  -0.0000   0.0000  -0.0000  -0.0000    0.876
   147  37.0713   0.0000   9.6148   1.3407   0.1933   0.0000   0.0000   0.0000   0.0000  -0.0000   0.0000  -0.0000  -0.0000    0.549
   148  37.1643   0.0000   9.7391   1.2696   0.1322   0.0000  -0.0000   0.0000   0.0000  -0.0000   0.0000   0.0000  -0.0000    0.169
   149  37.2269   0.0000   9.8227   1.2218   0.0769   0.0000  -0.0000   0.0000   0.0000  -0.0000   0.0000  -0.0000  -0.0000    0.506
   150  37.2584   0.0000   9.8647   1.1978   0.0252   0.0000   0.0000   0.0000   0.0000  -0.0000   0.0000  -0.0000  -0.0000    0.645

  Surface # 6     fuselage_horizontal                     
     # Chordwise = 10   # Spanwise = 10     First strip =151
     Surface area Ssurf =  123.841199     Ave. chord Cave =   33.112620

 Forces referred to Sref, Cref, Bref about Xref, Yref, Zref
 Standard axis orientation,  X fwd, Z down         
     CLsurf  =  -0.00972     Clsurf  =   0.00000
     CYsurf  =   0.00000     Cmsurf  =  -0.02302
     CDsurf  =   0.00022     Cnsurf  =  -0.00000
     CDisurf =   0.00022     CDvsurf =   0.00000

 Forces referred to Ssurf, Cave 
     CLsurf  =  -0.00980     CDsurf  =   0.00022

 Strip Forces referred to Strip Area, Chord
    j     Xle      Yle      Zle      Chord    Area     c_cl     ai     cl_norm    cl       cd       cdv    cm_c/4     cm_LE   C.P.x/c
   151   5.0231  -1.6830   0.0000  26.5957   9.9468  -0.2452  -0.0609  -0.1146  -0.0092   0.0001   0.0000  -0.0003   0.0003    0.213
   152   2.9203  -1.3090   0.0000  31.2096  11.6724  -0.3295  -0.0569  -0.0410  -0.0106   0.0002   0.0000  -0.0008   0.0005    0.174
   153   1.6676  -0.9350   0.0000  34.0626  12.7394  -0.3472  -0.0330  -0.0249  -0.0102   0.0002   0.0000  -0.0016   0.0003    0.088
   154   0.7666  -0.5610   0.0000  36.1620  13.5246  -0.3506  -0.0209  -0.0163  -0.0097   0.0003   0.0000  -0.0022   0.0001    0.027
   155   0.1963  -0.1870   0.0000  37.5333  14.0374  -0.3511  -0.0163  -0.0109  -0.0094   0.0003   0.0000  -0.0024  -0.0000   -0.004
   156   0.1963   0.1870   0.0000  37.5333  14.0374  -0.3511  -0.0163  -0.0109  -0.0094   0.0003   0.0000  -0.0024  -0.0000   -0.004
   157   0.7666   0.5610   0.0000  36.1620  13.5246  -0.3506  -0.0209  -0.0163  -0.0097   0.0003   0.0000  -0.0022   0.0001    0.027
   158   1.6676   0.9350   0.0000  34.0626  12.7394  -0.3472  -0.0330  -0.0249  -0.0102   0.0002   0.0000  -0.0016   0.0003    0.088
   159   2.9202   1.3090   0.0000  31.2096  11.6724  -0.3295  -0.0569  -0.0410  -0.0106   0.0002   0.0000  -0.0008   0.0005    0.174
   160   5.0231   1.6830   0.0000  26.5957   9.9468  -0.2452  -0.0609  -0.1146  -0.0092   0.0001   0.0000  -0.0003   0.0003    0.213

  Surface # 7     fuselage_vertical                       
     # Chordwise = 10   # Spanwise = 10     First strip =161
     Surface area Ssurf =  123.841199     Ave. chord Cave =   33.112620

 Forces referred to Sref, Cref, Bref about Xref, Yref, Zref
 Standard axis orientation,  X fwd, Z down         
     CLsurf  =  -0.00000     Clsurf  =   0.00000
     CYsurf  =   0.00000     Cmsurf  =   0.00000
     CDsurf  =   0.00000     Cnsurf  =  -0.00000
     CDisurf =   0.00000     CDvsurf =   0.00000

 Forces referred to Ssurf, Cave 
     CLsurf  =  -0.00000     CDsurf  =   0.00000

 Strip Forces referred to Strip Area, Chord
    j     Xle      Yle      Zle      Chord    Area     c_cl     ai     cl_norm    cl       cd       cdv    cm_c/4     cm_LE   C.P.x/c
   161   5.0231   0.0000  -1.6830  26.5957   9.9468  -0.0000  -0.0000  -0.0000  -0.0000   0.0000   0.0000   0.0000   0.0000    1.166
   162   2.9203   0.0000  -1.3090  31.2096  11.6724  -0.0000  -0.0000  -0.0000  -0.0000   0.0000   0.0000   0.0000   0.0000    0.814
   163   1.6676   0.0000  -0.9350  34.0626  12.7394  -0.0000   0.0000  -0.0000  -0.0000   0.0000   0.0000   0.0000   0.0000    0.595
   164   0.7666   0.0000  -0.5610  36.1620  13.5246  -0.0000   0.0000  -0.0000  -0.0000   0.0000   0.0000   0.0000   0.0000    0.626
   165   0.1963   0.0000  -0.1870  37.5333  14.0374  -0.0000   0.0000  -0.0000  -0.0000   0.0000   0.0000   0.0000   0.0000    0.696
   166   0.1963   0.0000   0.1870  37.5333  14.0374  -0.0000  -0.0000  -0.0000  -0.0000   0.0000   0.0000   0.0000   0.0000    0.786
   167   0.7666   0.0000   0.5610  36.1620  13.5246  -0.0000  -0.0000  -0.0000  -0.0000   0.0000   0.0000   0.0000   0.0000    0.412
   168   1.6676   0.0000   0.9350  34.0626  12.7394  -0.0000  -0.0000  -0.0000  -0.0000   0.0000   0.0000   0.0000   0.0000    0.640
   169   2.9202   0.0000   1.3090  31.2096  11.6724  -0.0000   0.0000  -0.0000  -0.0000  -0.0000   0.0000  -0.0000  -0.0000   -0.625
   170   5.0231   0.0000   1.6830  26.5957   9.9468  -0.0000   0.0000  -0.0000  -0.0000   0.0000   0.0000  -0.0000  -0.0000  999.000
 ---------------------------------------------------------------
