 ---------------------------------------------------------------
 Surface and Strip Forces by surface

  Sref =  124.86       Cref =  4.4875       Bref =  34.320    
  Xref =  15.310       Yref =  0.0000       Zref =-0.48024    

  Surface # 1     main_wing                               
     # Chordwise = 10   # Spanwise = 30     First strip =  1
     Surface area Ssurf =   63.968838     Ave. chord Cave =    3.715026

 Forces referred to Sref, Cref, Bref about Xref, Yref, Zref
 Standard axis orientation,  X fwd, Z down         
     CLsurf  =   0.02053     Clsurf  =   0.00082
     CYsurf  =  -0.00071     Cmsurf  =  -0.00724
     CDsurf  =   0.00052     Cnsurf  =  -0.00003
     CDisurf =   0.00052     CDvsurf =   0.00000

 Forces referred to Ssurf, Cave 
     CLsurf  =   0.04007     CDsurf  =   0.00101

 Strip Forces referred to Strip Area, Chord
    j     Xle      Yle      Zle      Chord    Area     c_cl     ai     cl_norm    cl       cd       cdv    cm_c/4     cm_LE   C.P.x/c
     1  13.6181   0.0114  -0.9295   7.7520   0.3539   0.9082   0.0136   0.1523   0.1183   0.0318   0.0000  -0.0120  -0.0336    0.352
     2  13.6830   0.1025  -0.9255   7.6885   1.0492   0.8852   0.0129   0.1485   0.1154   0.0067   0.0000  -0.0120  -0.0331    0.354
     3  13.8120   0.2837  -0.9176   7.5620   1.7073   0.8797   0.0112   0.1500   0.1166   0.0049   0.0000  -0.0118  -0.0332    0.351
     4  14.0037   0.5530  -0.9059   7.3741   2.3052   0.8685   0.0085   0.1518   0.1180   0.0042   0.0000  -0.0114  -0.0332    0.347
     5  14.2560   0.9075  -0.8904   7.1267   2.8223   0.8463   0.0054   0.1531   0.1189   0.0036   0.0000  -0.0111  -0.0332    0.343
     6  14.5662   1.3432  -0.8714   6.8226   3.2414   0.8089   0.0053   0.1528   0.1187   0.0029   0.0000  -0.0109  -0.0330    0.342
     7  14.9309   1.8554  -0.8490   6.4651   3.5491   0.7527   0.0149   0.1500   0.1166   0.0021   0.0000  -0.0111  -0.0327    0.345
     8  15.3460   2.4386  -0.8236   6.0582   3.7368   0.6755   0.0227   0.1436   0.1116   0.0013   0.0000  -0.0117  -0.0322    0.355
     9  15.8070   3.0862  -0.7953   5.6062   3.8005   0.5777   0.0154   0.1327   0.1031   0.0004   0.0000  -0.0127  -0.0313    0.373
    10  16.2877   3.7613  -0.7658   5.1351   3.4440   0.4684   0.0057   0.1174   0.0913  -0.0003   0.0000  -0.0139  -0.0299    0.403
    11  16.7803   4.4532  -0.7356   4.6522   3.3149   0.3542  -0.0025   0.0980   0.0762  -0.0006   0.0000  -0.0153  -0.0279    0.450
    12  17.2999   5.1831  -0.7037   4.1429   3.0930   0.2346  -0.0127   0.0729   0.0566  -0.0008   0.0000  -0.0173  -0.0256    0.555
    13  17.8026   6.0123  -0.6437   3.7903   3.4706   0.1273  -0.0179   0.0408   0.0336  -0.0006   0.0000  -0.0192  -0.0245    0.821
    14  18.2809   6.9353  -0.5549   3.6075   3.3775   0.0525  -0.0126   0.0177   0.0145  -0.0002   0.0000  -0.0206  -0.0215    1.664
    15  18.7672   7.8737  -0.4645   3.4215   3.2389  -0.0055  -0.0084  -0.0019  -0.0016   0.0000   0.0000  -0.0221  -0.0193  999.000
    16  19.2562   8.8172  -0.3736   3.2345   3.0619  -0.0509  -0.0061  -0.0191  -0.0157   0.0002   0.0000  -0.0238  -0.0177  999.000
    17  19.7425   9.7556  -0.2833   3.0486   2.8543  -0.0860  -0.0055  -0.0343  -0.0282   0.0003   0.0000  -0.0258  -0.0167   -0.664
    18  20.2208  10.6786  -0.1944   2.8657   2.6239  -0.1120  -0.0059  -0.0474  -0.0391   0.0004   0.0000  -0.0280  -0.0163   -0.468
    19  20.6858  11.5760  -0.1080   2.6879   2.3787  -0.1294  -0.0067  -0.0585  -0.0482   0.0004   0.0000  -0.0304  -0.0164   -0.381
    20  21.1299  12.4328  -0.0255   2.5181   2.1010  -0.1381  -0.0072  -0.0666  -0.0549   0.0003   0.0000  -0.0321  -0.0165   -0.335
    21  21.5482  13.2400   0.0523   2.3582   1.8520  -0.1388  -0.0072  -0.0715  -0.0589   0.0002   0.0000  -0.0331  -0.0164   -0.311
    22  21.9390  13.9941   0.1249   2.2087   1.6074  -0.1334  -0.0071  -0.0734  -0.0604   0.0001   0.0000  -0.0339  -0.0168   -0.310
    23  22.2979  14.6868   0.1916   2.0715   1.3716  -0.1229  -0.0067  -0.0720  -0.0594   0.0000   0.0000  -0.0346  -0.0177   -0.332
    24  22.6211  15.3105   0.2516   1.9479   1.1479  -0.1083  -0.0060  -0.0675  -0.0556  -0.0001   0.0000  -0.0347  -0.0186   -0.375
    25  22.9051  15.8583   0.3044   1.8393   0.9381  -0.0911  -0.0051  -0.0601  -0.0495  -0.0003   0.0000  -0.0334  -0.0188   -0.425
    26  23.1466  16.3244   0.3493   1.7470   0.7427  -0.0728  -0.0044  -0.0507  -0.0417  -0.0005   0.0000  -0.0289  -0.0165   -0.442
    27  23.5299  16.6722   0.3828   1.4928   0.4131  -0.0554  -0.0040  -0.1225  -0.0372  -0.0013   0.0000  -0.0203  -0.0053   -0.297
    28  23.9809  16.9098   0.4056   1.1466   0.2292  -0.0389  -0.0032  -0.1120  -0.0340  -0.0012   0.0000  -0.0198  -0.0054   -0.333
    29  24.2843  17.0696   0.4210   0.9138   0.1104  -0.0230  -0.0024  -0.0831  -0.0252  -0.0016   0.0000  -0.0170  -0.0051   -0.424
    30  24.4368  17.1499   0.4287   0.7967   0.0322  -0.0075  -0.0015  -0.0315  -0.0096  -0.0028   0.0000  -0.0078  -0.0026   -0.563

  Surface # 2     main_wing (YDUP)                        
     # Chordwise = 10   # Spanwise = 30     First strip = 31
     Surface area Ssurf =   63.968838     Ave. chord Cave =    3.715026

 Forces referred to Sref, Cref, Bref about Xref, Yref, Zref
 Standard axis orientation,  X fwd, Z down         
     CLsurf  =   0.02053     Clsurf  =  -0.00082
     CYsurf  =   0.00071     Cmsurf  =  -0.00724
     CDsurf  =   0.00052     Cnsurf  =   0.00003
     CDisurf =   0.00052     CDvsurf =   0.00000

 Forces referred to Ssurf, Cave 
     CLsurf  =   0.04007     CDsurf  =   0.00101

 Strip Forces referred to Strip Area, Chord
    j     Xle      Yle      Zle      Chord    Area     c_cl     ai     cl_norm    cl       cd       cdv    cm_c/4     cm_LE   C.P.x/c
    31  13.6181  -0.0114  -0.9295   7.7520   0.3539   0.9082   0.0136   0.1523   0.1183   0.0318   0.0000  -0.0120   0.0336    0.352
    32  13.6830  -0.1025  -0.9255   7.6885   1.0492   0.8852   0.0129   0.1485   0.1154   0.0067   0.0000  -0.0120   0.0331    0.354
    33  13.8120  -0.2837  -0.9176   7.5620   1.7073   0.8797   0.0112   0.1500   0.1166   0.0049   0.0000  -0.0118   0.0332    0.351
    34  14.0037  -0.5530  -0.9059   7.3741   2.3052   0.8685   0.0085   0.1518   0.1180   0.0042   0.0000  -0.0114   0.0332    0.347
    35  14.2560  -0.9075  -0.8904   7.1267   2.8223   0.8463   0.0054   0.1531   0.1189   0.0036   0.0000  -0.0111   0.0332    0.343
    36  14.5662  -1.3432  -0.8714   6.8226   3.2414   0.8089   0.0053   0.1528   0.1187   0.0029   0.0000  -0.0109   0.0330    0.342
    37  14.9309  -1.8554  -0.8490   6.4651   3.5491   0.7527   0.0149   0.1500   0.1166   0.0021   0.0000  -0.0111   0.0327    0.345
    38  15.3460  -2.4386  -0.8236   6.0582   3.7368   0.6755   0.0227   0.1436   0.1116   0.0013   0.0000  -0.0117   0.0322    0.355
    39  15.8070  -3.0862  -0.7953   5.6062   3.8005   0.5777   0.0154   0.1327   0.1031   0.0004   0.0000  -0.0127   0.0313    0.373
    40  16.2877  -3.7613  -0.7658   5.1351   3.4440   0.4684   0.0057   0.1174   0.0913  -0.0003   0.0000  -0.0139   0.0299    0.403
    41  16.7803  -4.4532  -0.7356   4.6522   3.3149   0.3542  -0.0025   0.0980   0.0762  -0.0006   0.0000  -0.0153   0.0279    0.450
    42  17.2999  -5.1831  -0.7037   4.1429   3.0930   0.2346  -0.0127   0.0729   0.0566  -0.0008   0.0000  -0.0173   0.0256    0.555
    43  17.8026  -6.0123  -0.6437   3.7903   3.4706   0.1273  -0.0179   0.0408   0.0336  -0.0006   0.0000  -0.0192   0.0245    0.821
    44  18.2809  -6.9353  -0.5549   3.6075   3.3775   0.0525  -0.0126   0.0177   0.0145  -0.0002   0.0000  -0.0206   0.0215    1.664
    45  18.7672  -7.8737  -0.4645   3.4215   3.2389  -0.0055  -0.0084  -0.0019  -0.0016   0.0000   0.0000  -0.0221   0.0193  999.000
    46  19.2562  -8.8172  -0.3736   3.2345   3.0619  -0.0509  -0.0061  -0.0191  -0.0157   0.0002   0.0000  -0.0238   0.0177  999.000
    47  19.7425  -9.7556  -0.2833   3.0486   2.8543  -0.0860  -0.0055  -0.0343  -0.0282   0.0003   0.0000  -0.0258   0.0167   -0.664
    48  20.2208 -10.6786  -0.1944   2.8657   2.6239  -0.1120  -0.0059  -0.0474  -0.0391   0.0004   0.0000  -0.0280   0.0163   -0.468
    49  20.6858 -11.5760  -0.1080   2.6879   2.3787  -0.1294  -0.0067  -0.0585  -0.0482   0.0004   0.0000  -0.0304   0.0164   -0.381
    50  21.1299 -12.4328  -0.0255   2.5181   2.1010  -0.1381  -0.0072  -0.0666  -0.0549   0.0003   0.0000  -0.0321   0.0165   -0.335
    51  21.5482 -13.2400   0.0523   2.3582   1.8520  -0.1388  -0.0072  -0.0715  -0.0589   0.0002   0.0000  -0.0331   0.0164   -0.311
    52  21.9390 -13.9941   0.1249   2.2087   1.6074  -0.1334  -0.0071  -0.0734  -0.0604   0.0001   0.0000  -0.0339   0.0168   -0.310
    53  22.2979 -14.6868   0.1916   2.0715   1.3716  -0.1229  -0.0067  -0.0720  -0.0594   0.0000   0.0000  -0.0346   0.0177   -0.332
    54  22.6211 -15.3105   0.2516   1.9479   1.1479  -0.1083  -0.0060  -0.0675  -0.0556  -0.0001   0.0000  -0.0347   0.0186   -0.375
    55  22.9051 -15.8583   0.3044   1.8393   0.9381  -0.0911  -0.0051  -0.0601  -0.0495  -0.0003   0.0000  -0.0334   0.0188   -0.425
    56  23.1466 -16.3244   0.3493   1.7470   0.7427  -0.0728  -0.0044  -0.0507  -0.0417  -0.0005   0.0000  -0.0289   0.0165   -0.442
    57  23.5299 -16.6722   0.3828   1.4928   0.4131  -0.0554  -0.0040  -0.1225  -0.0372  -0.0013   0.0000  -0.0203   0.0053   -0.297
    58  23.9809 -16.9098   0.4056   1.1466   0.2292  -0.0389  -0.0032  -0.1120  -0.0340  -0.0012   0.0000  -0.0198   0.0054   -0.333
    59  24.2843 -17.0696   0.4210   0.9138   0.1104  -0.0230  -0.0024  -0.0831  -0.0252  -0.0016   0.0000  -0.0170   0.0051   -0.424
    60  24.4368 -17.1499   0.4287   0.7967   0.0322  -0.0075  -0.0015  -0.0315  -0.0096  -0.0028   0.0000  -0.0078   0.0026   -0.563

  Surface # 3     horizontal_stabilizer                   
     # Chordwise = 10   # Spanwise = 30     First strip = 61
     Surface area Ssurf =   20.744605     Ave. chord Cave =    2.848571

 Forces referred to Sref, Cref, Bref about Xref, Yref, Zref
 Standard axis orientation,  X fwd, Z down         
     CLsurf  =  -0.03952     Clsurf  =   0.00390
     CYsurf  =   0.00629     Cmsurf  =   0.17939
     CDsurf  =   0.00027     Cnsurf  =  -0.00390
     CDisurf =   0.00027     CDvsurf =   0.00000

 Forces referred to Ssurf, Cave 
     CLsurf  =  -0.24084     CDsurf  =   0.00165

 Strip Forces referred to Strip Area, Chord
    j     Xle      Yle      Zle      Chord    Area     c_cl     ai     cl_norm    cl       cd       cdv    cm_c/4     cm_LE   C.P.x/c
    61  33.0230   0.0046   1.4667   4.2713   0.0803  -0.6719  -0.0228  -0.1954  -0.1524   0.1452   0.0000   0.0152   0.0457    0.350
    62  33.0469   0.0418   1.4723   4.2566   0.2392  -0.8802  -0.0234  -0.2646  -0.2063   0.0165   0.0000   0.0168   0.0574    0.332
    63  33.0943   0.1156   1.4835   4.2274   0.3930  -0.8967  -0.0241  -0.2718  -0.2120   0.0072   0.0000   0.0165   0.0583    0.328
    64  33.1649   0.2254   1.5002   4.1839   0.5386  -0.9011  -0.0246  -0.2761  -0.2153   0.0053   0.0000   0.0156   0.0582    0.322
    65  33.2578   0.3698   1.5221   4.1268   0.6730  -0.9026  -0.0249  -0.2804  -0.2187   0.0046   0.0000   0.0142   0.0577    0.315
    66  33.3719   0.5474   1.5490   4.0565   0.7936  -0.9025  -0.0250  -0.2852  -0.2225   0.0042   0.0000   0.0125   0.0570    0.306
    67  33.5097   0.7617   1.5816   3.9717   0.9441  -0.9008  -0.0246  -0.2908  -0.2268   0.0037   0.0000   0.0107   0.0564    0.297
    68  33.6704   1.0116   1.6195   3.8728   1.0344  -0.8970  -0.0237  -0.2970  -0.2316   0.0031   0.0000   0.0088   0.0559    0.288
    69  33.8488   1.2891   1.6616   3.7630   1.1046  -0.8906  -0.0221  -0.3035  -0.2367   0.0026   0.0000   0.0071   0.0555    0.280
    70  34.0430   1.5912   1.7075   3.6435   1.1542  -0.8809  -0.0201  -0.3101  -0.2419   0.0021   0.0000   0.0055   0.0552    0.273
    71  34.2510   1.9146   1.7565   3.5155   1.1831  -0.8676  -0.0180  -0.3166  -0.2469   0.0016   0.0000   0.0041   0.0550    0.267
    72  34.4703   2.2558   1.8083   3.3805   1.1921  -0.8503  -0.0165  -0.3227  -0.2516   0.0012   0.0000   0.0029   0.0550    0.261
    73  34.6987   2.6109   1.8622   3.2400   1.1821  -0.8289  -0.0157  -0.3282  -0.2560   0.0008   0.0000   0.0017   0.0549    0.257
    74  34.9335   2.9762   1.9177   3.0955   1.1548  -0.8035  -0.0157  -0.3330  -0.2597   0.0004   0.0000   0.0007   0.0548    0.253
    75  35.1723   3.3476   1.9740   2.9485   1.1122  -0.7742  -0.0163  -0.3369  -0.2627   0.0001   0.0000  -0.0002   0.0547    0.249
    76  35.4124   3.7210   2.0307   2.8008   1.0564  -0.7415  -0.0171  -0.3397  -0.2649  -0.0002   0.0000  -0.0011   0.0544    0.246
    77  35.6512   4.0924   2.0871   2.6538   0.9900  -0.7058  -0.0181  -0.3412  -0.2661  -0.0004   0.0000  -0.0020   0.0539    0.243
    78  35.8861   4.4577   2.1425   2.5093   0.9155  -0.6674  -0.0192  -0.3413  -0.2662  -0.0007   0.0000  -0.0030   0.0530    0.239
    79  36.1144   4.8128   2.1964   2.3687   0.8353  -0.6268  -0.0203  -0.3396  -0.2648  -0.0009   0.0000  -0.0041   0.0518    0.234
    80  36.3338   5.1540   2.2482   2.2338   0.7518  -0.5843  -0.0215  -0.3356  -0.2618  -0.0011   0.0000  -0.0056   0.0499    0.229
    81  36.5417   5.4774   2.2973   2.1058   0.6671  -0.5399  -0.0227  -0.3290  -0.2566  -0.0014   0.0000  -0.0073   0.0474    0.222
    82  36.7359   5.7795   2.3431   1.9862   0.5830  -0.4938  -0.0239  -0.3190  -0.2488  -0.0016   0.0000  -0.0093   0.0441    0.213
    83  36.9144   6.0570   2.3852   1.8764   0.5012  -0.4459  -0.0250  -0.3050  -0.2379  -0.0019   0.0000  -0.0115   0.0399    0.202
    84  37.0750   6.3069   2.4232   1.7776   0.4225  -0.3965  -0.0261  -0.2863  -0.2232  -0.0023   0.0000  -0.0138   0.0349    0.188
    85  37.2162   6.5264   2.4565   1.6907   0.3478  -0.3454  -0.0270  -0.2622  -0.2045  -0.0026   0.0000  -0.0157   0.0294    0.173
    86  37.3480   6.7314   2.4876   1.6096   0.3326  -0.2899  -0.0278  -0.2312  -0.1803  -0.0028   0.0000  -0.0170   0.0232    0.155
    87  37.4657   6.9144   2.5154   1.5372   0.2507  -0.2284  -0.0285  -0.1908  -0.1488  -0.0031   0.0000  -0.0170   0.0166    0.136
    88  37.5551   7.0535   2.5365   1.4822   0.1746  -0.1646  -0.0290  -0.1426  -0.1112  -0.0032   0.0000  -0.0148   0.0106    0.117
    89  37.6153   7.1471   2.5508   1.4451   0.1029  -0.0993  -0.0294  -0.0883  -0.0689  -0.0029   0.0000  -0.0103   0.0057    0.101
    90  37.6455   7.1941   2.5579   1.4265   0.0340  -0.0332  -0.0295  -0.0300  -0.0234  -0.0024   0.0000  -0.0037   0.0018    0.094

  Surface # 4     horizontal_stabilizer (YDUP)            
     # Chordwise = 10   # Spanwise = 30     First strip = 91
     Surface area Ssurf =   20.744605     Ave. chord Cave =    2.848571

 Forces referred to Sref, Cref, Bref about Xref, Yref, Zref
 Standard axis orientation,  X fwd, Z down         
     CLsurf  =  -0.03952     Clsurf  =  -0.00390
     CYsurf  =  -0.00629     Cmsurf  =   0.17939
     CDsurf  =   0.00027     Cnsurf  =   0.00390
     CDisurf =   0.00027     CDvsurf =   0.00000

 Forces referred to Ssurf, Cave 
     CLsurf  =  -0.24084     CDsurf  =   0.00165

 Strip Forces referred to Strip Area, Chord
    j     Xle      Yle      Zle      Chord    Area     c_cl     ai     cl_norm    cl       cd       cdv    cm_c/4     cm_LE   C.P.x/c
    91  33.0230  -0.0046   1.4667   4.2713   0.0803  -0.6719  -0.0228  -0.1954  -0.1524   0.1452   0.0000   0.0152  -0.0457    0.350
    92  33.0469  -0.0418   1.4723   4.2566   0.2392  -0.8802  -0.0234  -0.2646  -0.2063   0.0165   0.0000   0.0168  -0.0574    0.332
    93  33.0943  -0.1156   1.4835   4.2274   0.3930  -0.8967  -0.0241  -0.2718  -0.2120   0.0072   0.0000   0.0165  -0.0583    0.328
    94  33.1649  -0.2254   1.5002   4.1839   0.5386  -0.9011  -0.0246  -0.2761  -0.2153   0.0053   0.0000   0.0156  -0.0582    0.322
    95  33.2578  -0.3698   1.5221   4.1268   0.6730  -0.9026  -0.0249  -0.2804  -0.2187   0.0046   0.0000   0.0142  -0.0577    0.315
    96  33.3719  -0.5474   1.5490   4.0565   0.7936  -0.9025  -0.0250  -0.2852  -0.2225   0.0042   0.0000   0.0125  -0.0570    0.306
    97  33.5097  -0.7617   1.5816   3.9717   0.9441  -0.9008  -0.0246  -0.2908  -0.2268   0.0037   0.0000   0.0107  -0.0564    0.297
    98  33.6704  -1.0116   1.6195   3.8728   1.0344  -0.8970  -0.0237  -0.2970  -0.2316   0.0031   0.0000   0.0088  -0.0559    0.288
    99  33.8488  -1.2891   1.6616   3.7630   1.1046  -0.8906  -0.0221  -0.3035  -0.2367   0.0026   0.0000   0.0071  -0.0555    0.280
   100  34.0430  -1.5912   1.7075   3.6435   1.1542  -0.8809  -0.0201  -0.3101  -0.2419   0.0021   0.0000   0.0055  -0.0552    0.273
   101  34.2510  -1.9146   1.7565   3.5155   1.1831  -0.8676  -0.0180  -0.3166  -0.2469   0.0016   0.0000   0.0041  -0.0550    0.267
   102  34.4703  -2.2558   1.8083   3.3805   1.1921  -0.8503  -0.0165  -0.3227  -0.2516   0.0012   0.0000   0.0029  -0.0550    0.261
   103  34.6987  -2.6109   1.8622   3.2400   1.1821  -0.8289  -0.0157  -0.3282  -0.2560   0.0008   0.0000   0.0017  -0.0549    0.257
   104  34.9335  -2.9762   1.9177   3.0955   1.1548  -0.8035  -0.0157  -0.3330  -0.2597   0.0004   0.0000   0.0007  -0.0548    0.253
   105  35.1723  -3.3476   1.9740   2.9485   1.1122  -0.7742  -0.0163  -0.3369  -0.2627   0.0001   0.0000  -0.0002  -0.0547    0.249
   106  35.4124  -3.7210   2.0307   2.8008   1.0564  -0.7415  -0.0171  -0.3397  -0.2649  -0.0002   0.0000  -0.0011  -0.0544    0.246
   107  35.6512  -4.0924   2.0871   2.6538   0.9900  -0.7058  -0.0181  -0.3412  -0.2661  -0.0004   0.0000  -0.0020  -0.0539    0.243
   108  35.8861  -4.4577   2.1425   2.5093   0.9155  -0.6674  -0.0192  -0.3413  -0.2662  -0.0007   0.0000  -0.0030  -0.0530    0.239
   109  36.1144  -4.8128   2.1964   2.3687   0.8353  -0.6268  -0.0203  -0.3396  -0.2648  -0.0009   0.0000  -0.0041  -0.0518    0.234
   110  36.3338  -5.1540   2.2482   2.2338   0.7518  -0.5843  -0.0215  -0.3356  -0.2618  -0.0011   0.0000  -0.0056  -0.0499    0.229
   111  36.5417  -5.4774   2.2973   2.1058   0.6671  -0.5399  -0.0227  -0.3290  -0.2566  -0.0014   0.0000  -0.0073  -0.0474    0.222
   112  36.7359  -5.7795   2.3431   1.9862   0.5830  -0.4938  -0.0239  -0.3190  -0.2488  -0.0016   0.0000  -0.0093  -0.0441    0.213
   113  36.9144  -6.0570   2.3852   1.8764   0.5012  -0.4459  -0.0250  -0.3050  -0.2379  -0.0019   0.0000  -0.0115  -0.0399    0.202
   114  37.0750  -6.3069   2.4232   1.7776   0.4225  -0.3965  -0.0261  -0.2863  -0.2232  -0.0023   0.0000  -0.0138  -0.0349    0.188
   115  37.2162  -6.5264   2.4565   1.6907   0.3478  -0.3454  -0.0270  -0.2622  -0.2045  -0.0026   0.0000  -0.0157  -0.0294    0.173
   116  37.3480  -6.7314   2.4876   1.6096   0.3326  -0.2899  -0.0278  -0.2312  -0.1803  -0.0028   0.0000  -0.0170  -0.0232    0.155
   117  37.4657  -6.9144   2.5154   1.5372   0.2507  -0.2284  -0.0285  -0.1908  -0.1488  -0.0031   0.0000  -0.0170  -0.0166    0.136
   118  37.5551  -7.0535   2.5365   1.4822   0.1746  -0.1646  -0.0290  -0.1426  -0.1112  -0.0032   0.0000  -0.0148  -0.0106    0.117
   119  37.6153  -7.1471   2.5508   1.4451   0.1029  -0.0993  -0.0294  -0.0883  -0.0689  -0.0029   0.0000  -0.0103  -0.0057    0.101
   120  37.6455  -7.1941   2.5579   1.4265   0.0340  -0.0332  -0.0295  -0.0300  -0.0234  -0.0024   0.0000  -0.0037  -0.0018    0.094

  Surface # 5     vertical_stabilizer                     
     # Chordwise = 10   # Spanwise = 30     First strip =121
     Surface area Ssurf =   34.910363     Ave. chord Cave =    4.190920

 Forces referred to Sref, Cref, Bref about Xref, Yref, Zref
 Standard axis orientation,  X fwd, Z down         
     CLsurf  =  -0.00000     Clsurf  =  -0.00000
     CYsurf  =  -0.00000     Cmsurf  =   0.00000
     CDsurf  =   0.00000     Cnsurf  =   0.00000
     CDisurf =   0.00000     CDvsurf =   0.00000

 Forces referred to Ssurf, Cave 
     CLsurf  =   0.00000     CDsurf  =   0.00000

 Strip Forces referred to Strip Area, Chord
    j     Xle      Yle      Zle      Chord    Area     c_cl     ai     cl_norm    cl       cd       cdv    cm_c/4     cm_LE   C.P.x/c
   121  27.0137   0.0000   1.5690  10.0347   0.6931   0.0000  -0.0000   0.0000   0.0000   0.0000   0.0000   0.0000   0.0000  999.000
   122  27.2327   0.0000   1.6601   9.8296   1.1101  -0.0000   0.0000  -0.0000  -0.0000   0.0000   0.0000   0.0000   0.0000  999.000
   123  27.5561   0.0000   1.7947   9.5266   1.4857  -0.0000  -0.0000  -0.0000  -0.0000   0.0000   0.0000   0.0000   0.0000    1.291
   124  27.9815   0.0000   1.9717   9.1281   1.8040  -0.0000  -0.0000  -0.0000  -0.0000   0.0000   0.0000   0.0000   0.0000    0.984
   125  28.5051   0.0000   2.1895   8.6377   2.0517  -0.0000   0.0000  -0.0000  -0.0000   0.0000   0.0000   0.0000   0.0000    1.122
   126  29.1220   0.0000   2.4462   8.0598   2.2181   0.0000   0.0000   0.0000   0.0000   0.0000   0.0000   0.0000   0.0000  999.000
   127  29.8264   0.0000   2.7392   7.4000   2.2957   0.0000   0.0000   0.0000   0.0000  -0.0000   0.0000  -0.0000  -0.0000    0.589
   128  30.6115   0.0000   3.0659   6.6646   2.2808   0.0000   0.0000   0.0000   0.0000   0.0000   0.0000  -0.0000  -0.0000    0.984
   129  31.4694   0.0000   3.4228   5.8609   2.1733   0.0000   0.0000   0.0000   0.0000  -0.0000   0.0000  -0.0000  -0.0000    0.468
   130  32.3918   0.0000   3.8066   4.9969   1.9773   0.0000   0.0000   0.0000   0.0000   0.0000   0.0000  -0.0000  -0.0000    0.277
   131  33.0131   0.0000   4.1929   4.4389   1.6667   0.0000   0.0000   0.0000   0.0000  -0.0000   0.0000   0.0000   0.0000  999.000
   132  33.3001   0.0000   4.5764   4.2198   1.6478   0.0000   0.0000   0.0000   0.0000  -0.0000   0.0000   0.0000   0.0000  999.000
   133  33.5969   0.0000   4.9729   3.9932   1.6033  -0.0000   0.0000  -0.0000  -0.0000   0.0000   0.0000   0.0000   0.0000  999.000
   134  33.9004   0.0000   5.3784   3.7615   1.5362   0.0000   0.0000   0.0000   0.0000  -0.0000   0.0000   0.0000  -0.0000    0.242
   135  34.2075   0.0000   5.7886   3.5271   1.4499   0.0000   0.0000   0.0000   0.0000   0.0000   0.0000  -0.0000  -0.0000    0.260
   136  34.5150   0.0000   6.1995   3.2923   1.3482   0.0000   0.0000   0.0000   0.0000   0.0000   0.0000   0.0000   0.0000  999.000
   137  34.8197   0.0000   6.6066   3.0597   1.2352   0.0000   0.0000   0.0000   0.0000  -0.0000   0.0000   0.0000   0.0000  999.000
   138  35.1185   0.0000   7.0058   2.8315   1.1147   0.0000   0.0000   0.0000   0.0000   0.0000   0.0000   0.0000   0.0000   -0.213
   139  35.4083   0.0000   7.3929   2.6103   0.9908   0.0000   0.0000   0.0000   0.0000  -0.0000   0.0000  -0.0000  -0.0000    0.613
   140  35.6860   0.0000   7.7640   2.3983   0.8670  -0.0000   0.0000  -0.0000  -0.0000  -0.0000   0.0000   0.0000   0.0000  999.000
   141  35.9487   0.0000   8.1150   2.1977   0.7464  -0.0000  -0.0000  -0.0000  -0.0000   0.0000   0.0000   0.0000   0.0000    0.550
   142  36.1937   0.0000   8.4424   2.0106   0.6318   0.0000   0.0000   0.0000   0.0000   0.0000   0.0000  -0.0000  -0.0000    0.859
   143  36.4185   0.0000   8.7426   1.8390   0.5251   0.0000   0.0000   0.0000   0.0000   0.0000   0.0000  -0.0000  -0.0000    1.018
   144  36.6206   0.0000   9.0127   1.6847   0.4276  -0.0000   0.0000  -0.0000  -0.0000  -0.0000   0.0000   0.0000   0.0000  999.000
   145  36.7980   0.0000   9.2496   1.5493   0.3400  -0.0000   0.0000  -0.0000  -0.0000  -0.0000   0.0000   0.0000   0.0000    1.693
   146  36.9487   0.0000   9.4510   1.4342   0.2622  -0.0000  -0.0000  -0.0000  -0.0000   0.0000   0.0000   0.0000   0.0000    0.950
   147  37.0713   0.0000   9.6148   1.3407   0.1933  -0.0000   0.0000  -0.0000  -0.0000   0.0000   0.0000   0.0000   0.0000    0.306
   148  37.1643   0.0000   9.7391   1.2696   0.1322  -0.0000   0.0000  -0.0000  -0.0000  -0.0000   0.0000   0.0000   0.0000    0.784
   149  37.2269   0.0000   9.8227   1.2218   0.0769  -0.0000   0.0000  -0.0000  -0.0000   0.0000   0.0000  -0.0000  -0.0000  999.000
   150  37.2584   0.0000   9.8647   1.1978   0.0252  -0.0000   0.0000  -0.0000  -0.0000  -0.0000   0.0000   0.0000   0.0000    1.351

  Surface # 6     fuselage_horizontal                     
     # Chordwise = 10   # Spanwise = 10     First strip =151
     Surface area Ssurf =  123.841199     Ave. chord Cave =   33.112620

 Forces referred to Sref, Cref, Bref about Xref, Yref, Zref
 Standard axis orientation,  X fwd, Z down         
     CLsurf  =  -0.00962     Clsurf  =   0.00000
     CYsurf  =  -0.00000     Cmsurf  =  -0.02512
     CDsurf  =   0.00022     Cnsurf  =   0.00000
     CDisurf =   0.00022     CDvsurf =   0.00000

 Forces referred to Ssurf, Cave 
     CLsurf  =  -0.00970     CDsurf  =   0.00022

 Strip Forces referred to Strip Area, Chord
    j     Xle      Yle      Zle      Chord    Area     c_cl     ai     cl_norm    cl       cd       cdv    cm_c/4     cm_LE   C.P.x/c
   151   5.0231  -1.6830   0.0000  26.5957   9.9468  -0.2505  -0.0657  -0.1171  -0.0094   0.0000   0.0000  -0.0004   0.0003    0.210
   152   2.9203  -1.3090   0.0000  31.2096  11.6724  -0.3357  -0.0644  -0.0418  -0.0108   0.0002   0.0000  -0.0009   0.0005    0.169
   153   1.6676  -0.9350   0.0000  34.0626  12.7394  -0.3424  -0.0322  -0.0245  -0.0100   0.0002   0.0000  -0.0020   0.0002    0.054
   154   0.7666  -0.5610   0.0000  36.1620  13.5246  -0.3396  -0.0187  -0.0158  -0.0094   0.0003   0.0000  -0.0026  -0.0001   -0.026
   155   0.1963  -0.1870   0.0000  37.5333  14.0374  -0.3381  -0.0146  -0.0105  -0.0090   0.0003   0.0000  -0.0028  -0.0004   -0.065
   156   0.1963   0.1870   0.0000  37.5333  14.0374  -0.3381  -0.0146  -0.0105  -0.0090   0.0003   0.0000  -0.0028  -0.0004   -0.065
   157   0.7666   0.5610   0.0000  36.1620  13.5246  -0.3396  -0.0187  -0.0158  -0.0094   0.0003   0.0000  -0.0026  -0.0001   -0.026
   158   1.6676   0.9350   0.0000  34.0626  12.7394  -0.3424  -0.0322  -0.0245  -0.0100   0.0002   0.0000  -0.0020   0.0002    0.054
   159   2.9202   1.3090   0.0000  31.2096  11.6724  -0.3357  -0.0644  -0.0418  -0.0108   0.0002   0.0000  -0.0009   0.0005    0.169
   160   5.0231   1.6830   0.0000  26.5957   9.9468  -0.2505  -0.0657  -0.1171  -0.0094   0.0000   0.0000  -0.0004   0.0003    0.210

  Surface # 7     fuselage_vertical                       
     # Chordwise = 10   # Spanwise = 10     First strip =161
     Surface area Ssurf =  123.841199     Ave. chord Cave =   33.112620

 Forces referred to Sref, Cref, Bref about Xref, Yref, Zref
 Standard axis orientation,  X fwd, Z down         
     CLsurf  =   0.00000     Clsurf  =  -0.00000
     CYsurf  =  -0.00000     Cmsurf  =   0.00000
     CDsurf  =   0.00000     Cnsurf  =  -0.00000
     CDisurf =   0.00000     CDvsurf =   0.00000

 Forces referred to Ssurf, Cave 
     CLsurf  =   0.00000     CDsurf  =   0.00000

 Strip Forces referred to Strip Area, Chord
    j     Xle      Yle      Zle      Chord    Area     c_cl     ai     cl_norm    cl       cd       cdv    cm_c/4     cm_LE   C.P.x/c
   161   5.0231   0.0000  -1.6830  26.5957   9.9468  -0.0000   0.0000  -0.0000  -0.0000   0.0000   0.0000   0.0000   0.0000    1.788
   162   2.9203   0.0000  -1.3090  31.2096  11.6724   0.0000   0.0000   0.0000   0.0000   0.0000   0.0000  -0.0000  -0.0000    0.486
   163   1.6676   0.0000  -0.9350  34.0626  12.7394   0.0000   0.0000   0.0000   0.0000   0.0000   0.0000   0.0000  -0.0000   -0.107
   164   0.7666   0.0000  -0.5610  36.1620  13.5246   0.0000  -0.0000   0.0000   0.0000   0.0000   0.0000  -0.0000  -0.0000    0.294
   165   0.1963   0.0000  -0.1870  37.5333  14.0374   0.0000   0.0000   0.0000   0.0000  -0.0000   0.0000  -0.0000  -0.0000    0.529
   166   0.1963   0.0000   0.1870  37.5333  14.0374   0.0000  -0.0000   0.0000   0.0000  -0.0000   0.0000  -0.0000  -0.0000    0.613
   167   0.7666   0.0000   0.5610  36.1620  13.5246   0.0000  -0.0000   0.0000   0.0000   0.0000   0.0000  -0.0000  -0.0000    0.444
   168   1.6676   0.0000   0.9350  34.0626  12.7394   0.0000  -0.0000   0.0000   0.0000   0.0000   0.0000   0.0000   0.0000   -0.881
   169   2.9202   0.0000   1.3090  31.2096  11.6724   0.0000   0.0000   0.0000   0.0000   0.0000   0.0000   0.0000  -0.0000    0.123
   170   5.0231   0.0000   1.6830  26.5957   9.9468   0.0000   0.0000   0.0000   0.0000   0.0000   0.0000  -0.0000  -0.0000    0.308
 ---------------------------------------------------------------
