 ---------------------------------------------------------------
 Surface and Strip Forces by surface

  Sref =  124.86       Cref =  4.4875       Bref =  34.320    
  Xref =  15.310       Yref =  0.0000       Zref =-0.48024    

  Surface # 1     main_wing                               
     # Chordwise = 10   # Spanwise = 30     First strip =  1
     Surface area Ssurf =   63.968838     Ave. chord Cave =    3.715026

 Forces referred to Sref, Cref, Bref about Xref, Yref, Zref
 Standard axis orientation,  X fwd, Z down         
     CLsurf  =   0.32018     Clsurf  =  -0.06198
     CYsurf  =  -0.01932     Cmsurf  =  -0.27131
     CDsurf  =   0.00914     Cnsurf  =  -0.00336
     CDisurf =   0.00914     CDvsurf =   0.00000

 Forces referred to Ssurf, Cave 
     CLsurf  =   0.62607     CDsurf  =   0.01784

 Strip Forces referred to Strip Area, Chord
    j     Xle      Yle      Zle      Chord    Area     c_cl     ai     cl_norm    cl       cd       cdv    cm_c/4     cm_LE   C.P.x/c
     1  13.6181   0.0114  -0.9295   7.7520   0.3539   4.1782   0.1406   0.6473   0.5011   0.4562   0.0000  -0.0331  -0.1375    0.316
     2  13.6830   0.1025  -0.9255   7.6885   1.0492   3.8648   0.1402   0.6418   0.4968   0.0886   0.0000  -0.0329  -0.1299    0.316
     3  13.8120   0.2837  -0.9176   7.5620   1.7073   3.8366   0.1387   0.6505   0.5036   0.0654   0.0000  -0.0310  -0.1294    0.312
     4  14.0037   0.5530  -0.9059   7.3741   2.3052   3.8168   0.1358   0.6646   0.5145   0.0581   0.0000  -0.0280  -0.1291    0.304
     5  14.2560   0.9075  -0.8904   7.1267   2.8223   3.7851   0.1307   0.6828   0.5286   0.0521   0.0000  -0.0247  -0.1292    0.297
     6  14.5662   1.3432  -0.8714   6.8226   3.2414   3.7327   0.1210   0.7042   0.5452   0.0459   0.0000  -0.0217  -0.1300    0.290
     7  14.9309   1.8554  -0.8490   6.4651   3.5491   3.6533   0.1035   0.7282   0.5638   0.0395   0.0000  -0.0192  -0.1317    0.284
     8  15.3460   2.4386  -0.8236   6.0582   3.7368   3.5420   0.0856   0.7544   0.5840   0.0326   0.0000  -0.0177  -0.1344    0.280
     9  15.8070   3.0862  -0.7953   5.6062   3.8005   3.3967   0.0736   0.7828   0.6060   0.0250   0.0000  -0.0170  -0.1383    0.278
    10  16.2877   3.7613  -0.7658   5.1351   3.4440   3.2272   0.0624   0.8129   0.6293   0.0176   0.0000  -0.0169  -0.1428    0.277
    11  16.7803   4.4532  -0.7356   4.6522   3.3149   3.0411   0.0497   0.8465   0.6553   0.0107   0.0000  -0.0170  -0.1480    0.276
    12  17.2999   5.1831  -0.7037   4.1429   3.0930   2.8387   0.0308   0.8885   0.6878   0.0007   0.0000  -0.0167  -0.1543    0.274
    13  17.8026   6.0123  -0.6437   3.7903   3.4706   2.6360   0.0183   0.8558   0.6984  -0.0030   0.0000  -0.0135  -0.1685    0.269
    14  18.2809   6.9353  -0.5549   3.6075   3.3775   2.4783   0.0180   0.8453   0.6898  -0.0020   0.0000  -0.0139  -0.1669    0.270
    15  18.7672   7.8737  -0.4645   3.4215   3.2389   2.3353   0.0158   0.8398   0.6853  -0.0021   0.0000  -0.0145  -0.1664    0.271
    16  19.2562   8.8172  -0.3736   3.2345   3.0619   2.2002   0.0143   0.8370   0.6830  -0.0024   0.0000  -0.0154  -0.1667    0.272
    17  19.7425   9.7556  -0.2833   3.0486   2.8543   2.0700   0.0139   0.8356   0.6818  -0.0029   0.0000  -0.0164  -0.1673    0.274
    18  20.2208  10.6786  -0.1944   2.8657   2.6239   1.9436   0.0143   0.8347   0.6811  -0.0034   0.0000  -0.0175  -0.1682    0.276
    19  20.6858  11.5760  -0.1080   2.6879   2.3787   1.8206   0.0153   0.8337   0.6803  -0.0040   0.0000  -0.0187  -0.1690    0.277
    20  21.1299  12.4328  -0.0255   2.5181   2.1010   1.7021   0.0174   0.8319   0.6789  -0.0042   0.0000  -0.0191  -0.1690    0.278
    21  21.5482  13.2400   0.0523   2.3582   1.8520   1.5867   0.0208   0.8281   0.6758  -0.0040   0.0000  -0.0185  -0.1678    0.277
    22  21.9390  13.9941   0.1249   2.2087   1.6074   1.4708   0.0254   0.8196   0.6688  -0.0039   0.0000  -0.0173  -0.1652    0.276
    23  22.2979  14.6868   0.1916   2.0715   1.3716   1.3505   0.0316   0.8024   0.6548  -0.0037   0.0000  -0.0153  -0.1603    0.273
    24  22.6211  15.3105   0.2516   1.9479   1.1479   1.2202   0.0393   0.7709   0.6291  -0.0033   0.0000  -0.0123  -0.1518    0.269
    25  22.9051  15.8583   0.3044   1.8393   0.9381   1.0732   0.0479   0.7180   0.5859  -0.0021   0.0000  -0.0091  -0.1394    0.265
    26  23.1466  16.3244   0.3493   1.7470   0.7427   0.9039   0.0565   0.6362   0.5192   0.0019   0.0000  -0.0099  -0.1252    0.269
    27  23.5299  16.6722   0.3828   1.4928   0.4131   0.7195   0.0649   1.6321   0.4852  -0.0155   0.0000  -0.0106  -0.0640    0.272
    28  23.9809  16.9098   0.4056   1.1466   0.2292   0.5314   0.0757   1.5753   0.4683  -0.0343   0.0000   0.0092  -0.0526    0.230
    29  24.2843  17.0696   0.4210   0.9138   0.1104   0.3273   0.0840   1.2241   0.3639  -0.0485   0.0000   0.0278  -0.0311    0.174
    30  24.4368  17.1499   0.4287   0.7967   0.0322   0.1107   0.0888   0.4797   0.1426  -0.0355   0.0000   0.0184  -0.0086    0.121

  Surface # 2     main_wing (YDUP)                        
     # Chordwise = 10   # Spanwise = 30     First strip = 31
     Surface area Ssurf =   63.968838     Ave. chord Cave =    3.715026

 Forces referred to Sref, Cref, Bref about Xref, Yref, Zref
 Standard axis orientation,  X fwd, Z down         
     CLsurf  =   0.32018     Clsurf  =   0.06198
     CYsurf  =   0.01932     Cmsurf  =  -0.27131
     CDsurf  =   0.00914     Cnsurf  =   0.00336
     CDisurf =   0.00914     CDvsurf =   0.00000

 Forces referred to Ssurf, Cave 
     CLsurf  =   0.62607     CDsurf  =   0.01784

 Strip Forces referred to Strip Area, Chord
    j     Xle      Yle      Zle      Chord    Area     c_cl     ai     cl_norm    cl       cd       cdv    cm_c/4     cm_LE   C.P.x/c
    31  13.6181  -0.0114  -0.9295   7.7520   0.3539   4.1782   0.1406   0.6473   0.5011   0.4562   0.0000  -0.0331   0.1375    0.316
    32  13.6830  -0.1025  -0.9255   7.6885   1.0492   3.8648   0.1402   0.6418   0.4968   0.0886   0.0000  -0.0329   0.1299    0.316
    33  13.8120  -0.2837  -0.9176   7.5620   1.7073   3.8366   0.1387   0.6505   0.5036   0.0654   0.0000  -0.0310   0.1294    0.312
    34  14.0037  -0.5530  -0.9059   7.3741   2.3052   3.8168   0.1358   0.6646   0.5145   0.0581   0.0000  -0.0280   0.1291    0.304
    35  14.2560  -0.9075  -0.8904   7.1267   2.8223   3.7851   0.1307   0.6828   0.5286   0.0521   0.0000  -0.0247   0.1292    0.297
    36  14.5662  -1.3432  -0.8714   6.8226   3.2414   3.7327   0.1210   0.7042   0.5452   0.0459   0.0000  -0.0217   0.1300    0.290
    37  14.9309  -1.8554  -0.8490   6.4651   3.5491   3.6533   0.1035   0.7282   0.5638   0.0395   0.0000  -0.0192   0.1317    0.284
    38  15.3460  -2.4386  -0.8236   6.0582   3.7368   3.5420   0.0856   0.7544   0.5840   0.0326   0.0000  -0.0177   0.1344    0.280
    39  15.8070  -3.0862  -0.7953   5.6062   3.8005   3.3967   0.0736   0.7828   0.6060   0.0250   0.0000  -0.0170   0.1383    0.278
    40  16.2877  -3.7613  -0.7658   5.1351   3.4440   3.2272   0.0624   0.8129   0.6293   0.0176   0.0000  -0.0169   0.1428    0.277
    41  16.7803  -4.4532  -0.7356   4.6522   3.3149   3.0411   0.0497   0.8465   0.6553   0.0107   0.0000  -0.0170   0.1480    0.276
    42  17.2999  -5.1831  -0.7037   4.1429   3.0930   2.8387   0.0308   0.8885   0.6878   0.0007   0.0000  -0.0167   0.1543    0.274
    43  17.8026  -6.0123  -0.6437   3.7903   3.4706   2.6360   0.0183   0.8558   0.6984  -0.0030   0.0000  -0.0135   0.1685    0.269
    44  18.2809  -6.9353  -0.5549   3.6075   3.3775   2.4783   0.0180   0.8453   0.6898  -0.0020   0.0000  -0.0139   0.1669    0.270
    45  18.7672  -7.8737  -0.4645   3.4215   3.2389   2.3353   0.0158   0.8398   0.6853  -0.0021   0.0000  -0.0145   0.1664    0.271
    46  19.2562  -8.8172  -0.3736   3.2345   3.0619   2.2002   0.0143   0.8370   0.6830  -0.0024   0.0000  -0.0154   0.1667    0.272
    47  19.7425  -9.7556  -0.2833   3.0486   2.8543   2.0700   0.0139   0.8356   0.6818  -0.0029   0.0000  -0.0164   0.1673    0.274
    48  20.2208 -10.6786  -0.1944   2.8657   2.6239   1.9436   0.0143   0.8347   0.6811  -0.0034   0.0000  -0.0175   0.1682    0.276
    49  20.6858 -11.5760  -0.1080   2.6879   2.3787   1.8206   0.0153   0.8337   0.6803  -0.0040   0.0000  -0.0187   0.1690    0.277
    50  21.1299 -12.4328  -0.0255   2.5181   2.1010   1.7021   0.0174   0.8319   0.6789  -0.0042   0.0000  -0.0191   0.1690    0.278
    51  21.5482 -13.2400   0.0523   2.3582   1.8520   1.5867   0.0208   0.8281   0.6758  -0.0040   0.0000  -0.0185   0.1678    0.277
    52  21.9390 -13.9941   0.1249   2.2087   1.6074   1.4708   0.0254   0.8196   0.6688  -0.0039   0.0000  -0.0173   0.1652    0.276
    53  22.2979 -14.6868   0.1916   2.0715   1.3716   1.3505   0.0316   0.8024   0.6548  -0.0037   0.0000  -0.0153   0.1603    0.273
    54  22.6211 -15.3105   0.2516   1.9479   1.1479   1.2202   0.0393   0.7709   0.6291  -0.0033   0.0000  -0.0123   0.1518    0.269
    55  22.9051 -15.8583   0.3044   1.8393   0.9381   1.0732   0.0479   0.7180   0.5859  -0.0021   0.0000  -0.0091   0.1394    0.265
    56  23.1466 -16.3244   0.3493   1.7470   0.7427   0.9039   0.0565   0.6362   0.5192   0.0019   0.0000  -0.0099   0.1252    0.269
    57  23.5299 -16.6722   0.3828   1.4928   0.4131   0.7195   0.0649   1.6321   0.4852  -0.0155   0.0000  -0.0106   0.0640    0.272
    58  23.9809 -16.9098   0.4056   1.1466   0.2292   0.5314   0.0757   1.5753   0.4683  -0.0343   0.0000   0.0092   0.0526    0.230
    59  24.2843 -17.0696   0.4210   0.9138   0.1104   0.3273   0.0840   1.2241   0.3639  -0.0485   0.0000   0.0278   0.0311    0.174
    60  24.4368 -17.1499   0.4287   0.7967   0.0322   0.1107   0.0888   0.4797   0.1426  -0.0355   0.0000   0.0184   0.0086    0.121

  Surface # 3     horizontal_stabilizer                   
     # Chordwise = 10   # Spanwise = 30     First strip = 61
     Surface area Ssurf =   20.744605     Ave. chord Cave =    2.848571

 Forces referred to Sref, Cref, Bref about Xref, Yref, Zref
 Standard axis orientation,  X fwd, Z down         
     CLsurf  =   0.02623     Clsurf  =  -0.00281
     CYsurf  =  -0.00419     Cmsurf  =  -0.12111
     CDsurf  =   0.00156     Cnsurf  =   0.00239
     CDisurf =   0.00156     CDvsurf =   0.00000

 Forces referred to Ssurf, Cave 
     CLsurf  =   0.15990     CDsurf  =   0.00938

 Strip Forces referred to Strip Area, Chord
    j     Xle      Yle      Zle      Chord    Area     c_cl     ai     cl_norm    cl       cd       cdv    cm_c/4     cm_LE   C.P.x/c
    61  33.0230   0.0046   1.4667   4.2713   0.0803   0.5565   0.0928   0.1661   0.1272   0.0409   0.0000  -0.0081  -0.0349    0.314
    62  33.0469   0.0418   1.4723   4.2566   0.2392   0.5107   0.0930   0.1559   0.1194   0.0115   0.0000  -0.0079  -0.0325    0.316
    63  33.0943   0.1156   1.4835   4.2274   0.3930   0.5073   0.0929   0.1562   0.1196   0.0096   0.0000  -0.0075  -0.0323    0.313
    64  33.1649   0.2254   1.5002   4.1839   0.5386   0.5067   0.0925   0.1576   0.1208   0.0092   0.0000  -0.0069  -0.0320    0.307
    65  33.2578   0.3698   1.5221   4.1268   0.6730   0.5065   0.0915   0.1598   0.1224   0.0091   0.0000  -0.0062  -0.0317    0.300
    66  33.3719   0.5474   1.5490   4.0565   0.7936   0.5063   0.0900   0.1625   0.1245   0.0090   0.0000  -0.0053  -0.0315    0.293
    67  33.5097   0.7617   1.5816   3.9717   0.9441   0.5059   0.0876   0.1659   0.1271   0.0090   0.0000  -0.0045  -0.0313    0.286
    68  33.6704   1.0116   1.6195   3.8728   1.0344   0.5052   0.0844   0.1699   0.1302   0.0090   0.0000  -0.0038  -0.0314    0.279
    69  33.8488   1.2891   1.6616   3.7630   1.1046   0.5043   0.0804   0.1746   0.1337   0.0090   0.0000  -0.0032  -0.0316    0.274
    70  34.0430   1.5912   1.7075   3.6435   1.1542   0.5033   0.0760   0.1800   0.1379   0.0091   0.0000  -0.0027  -0.0321    0.269
    71  34.2510   1.9146   1.7565   3.5155   1.1831   0.5023   0.0716   0.1862   0.1426   0.0093   0.0000  -0.0022  -0.0327    0.265
    72  34.4703   2.2558   1.8083   3.3805   1.1921   0.5013   0.0676   0.1933   0.1480   0.0094   0.0000  -0.0018  -0.0336    0.262
    73  34.6987   2.6109   1.8622   3.2400   1.1821   0.5005   0.0643   0.2013   0.1542   0.0096   0.0000  -0.0015  -0.0346    0.259
    74  34.9335   2.9762   1.9177   3.0955   1.1548   0.4994   0.0618   0.2103   0.1611   0.0098   0.0000  -0.0011  -0.0358    0.257
    75  35.1723   3.3476   1.9740   2.9485   1.1122   0.4979   0.0599   0.2202   0.1686   0.0099   0.0000  -0.0007  -0.0371    0.254
    76  35.4124   3.7210   2.0307   2.8008   1.0564   0.4954   0.0585   0.2306   0.1767   0.0101   0.0000  -0.0003  -0.0385    0.252
    77  35.6512   4.0924   2.0871   2.6538   0.9900   0.4913   0.0576   0.2414   0.1849   0.0102   0.0000   0.0002  -0.0398    0.249
    78  35.8861   4.4577   2.1425   2.5093   0.9155   0.4849   0.0571   0.2521   0.1931   0.0102   0.0000   0.0008  -0.0411    0.246
    79  36.1144   4.8128   2.1964   2.3687   0.8353   0.4757   0.0571   0.2620   0.2007   0.0102   0.0000   0.0016  -0.0421    0.242
    80  36.3338   5.1540   2.2482   2.2338   0.7518   0.4631   0.0576   0.2705   0.2072   0.0101   0.0000   0.0025  -0.0427    0.238
    81  36.5417   5.4774   2.2973   2.1058   0.6671   0.4463   0.0584   0.2766   0.2119   0.0098   0.0000   0.0036  -0.0428    0.233
    82  36.7359   5.7795   2.3431   1.9862   0.5830   0.4249   0.0598   0.2793   0.2139   0.0095   0.0000   0.0050  -0.0420    0.226
    83  36.9144   6.0570   2.3852   1.8764   0.5012   0.3986   0.0614   0.2774   0.2124   0.0089   0.0000   0.0068  -0.0403    0.218
    84  37.0750   6.3069   2.4232   1.7776   0.4225   0.3670   0.0632   0.2696   0.2065   0.0081   0.0000   0.0087  -0.0373    0.208
    85  37.2162   6.5264   2.4565   1.6907   0.3478   0.3299   0.0651   0.2549   0.1952   0.0072   0.0000   0.0108  -0.0332    0.195
    86  37.3480   6.7314   2.4876   1.6096   0.3326   0.2853   0.0670   0.2316   0.1774   0.0060   0.0000   0.0126  -0.0277    0.179
    87  37.4657   6.9144   2.5154   1.5372   0.2507   0.2305   0.0688   0.1960   0.1501   0.0045   0.0000   0.0137  -0.0210    0.159
    88  37.5551   7.0535   2.5365   1.4822   0.1746   0.1694   0.0703   0.1495   0.1145   0.0028   0.0000   0.0128  -0.0140    0.139
    89  37.6153   7.1471   2.5508   1.4451   0.1029   0.1036   0.0713   0.0938   0.0719   0.0012   0.0000   0.0093  -0.0077    0.121
    90  37.6455   7.1941   2.5579   1.4265   0.0340   0.0349   0.0718   0.0321   0.0246  -0.0004   0.0000   0.0034  -0.0024    0.111

  Surface # 4     horizontal_stabilizer (YDUP)            
     # Chordwise = 10   # Spanwise = 30     First strip = 91
     Surface area Ssurf =   20.744605     Ave. chord Cave =    2.848571

 Forces referred to Sref, Cref, Bref about Xref, Yref, Zref
 Standard axis orientation,  X fwd, Z down         
     CLsurf  =   0.02623     Clsurf  =   0.00281
     CYsurf  =   0.00419     Cmsurf  =  -0.12111
     CDsurf  =   0.00156     Cnsurf  =  -0.00239
     CDisurf =   0.00156     CDvsurf =   0.00000

 Forces referred to Ssurf, Cave 
     CLsurf  =   0.15990     CDsurf  =   0.00938

 Strip Forces referred to Strip Area, Chord
    j     Xle      Yle      Zle      Chord    Area     c_cl     ai     cl_norm    cl       cd       cdv    cm_c/4     cm_LE   C.P.x/c
    91  33.0230  -0.0046   1.4667   4.2713   0.0803   0.5565   0.0928   0.1661   0.1272   0.0409   0.0000  -0.0081   0.0349    0.314
    92  33.0469  -0.0418   1.4723   4.2566   0.2392   0.5107   0.0930   0.1559   0.1194   0.0115   0.0000  -0.0079   0.0325    0.316
    93  33.0943  -0.1156   1.4835   4.2274   0.3930   0.5073   0.0929   0.1562   0.1196   0.0096   0.0000  -0.0075   0.0323    0.313
    94  33.1649  -0.2254   1.5002   4.1839   0.5386   0.5067   0.0925   0.1576   0.1208   0.0092   0.0000  -0.0069   0.0320    0.307
    95  33.2578  -0.3698   1.5221   4.1268   0.6730   0.5065   0.0915   0.1598   0.1224   0.0091   0.0000  -0.0062   0.0317    0.300
    96  33.3719  -0.5474   1.5490   4.0565   0.7936   0.5063   0.0900   0.1625   0.1245   0.0090   0.0000  -0.0053   0.0315    0.293
    97  33.5097  -0.7617   1.5816   3.9717   0.9441   0.5059   0.0876   0.1659   0.1271   0.0090   0.0000  -0.0045   0.0313    0.286
    98  33.6704  -1.0116   1.6195   3.8728   1.0344   0.5052   0.0844   0.1699   0.1302   0.0090   0.0000  -0.0038   0.0314    0.279
    99  33.8488  -1.2891   1.6616   3.7630   1.1046   0.5043   0.0804   0.1746   0.1337   0.0090   0.0000  -0.0032   0.0316    0.274
   100  34.0430  -1.5912   1.7075   3.6435   1.1542   0.5033   0.0760   0.1800   0.1379   0.0091   0.0000  -0.0027   0.0321    0.269
   101  34.2510  -1.9146   1.7565   3.5155   1.1831   0.5023   0.0716   0.1862   0.1426   0.0093   0.0000  -0.0022   0.0327    0.265
   102  34.4703  -2.2558   1.8083   3.3805   1.1921   0.5013   0.0676   0.1933   0.1480   0.0094   0.0000  -0.0018   0.0336    0.262
   103  34.6987  -2.6109   1.8622   3.2400   1.1821   0.5005   0.0643   0.2013   0.1542   0.0096   0.0000  -0.0015   0.0346    0.259
   104  34.9335  -2.9762   1.9177   3.0955   1.1548   0.4994   0.0618   0.2103   0.1611   0.0098   0.0000  -0.0011   0.0358    0.257
   105  35.1723  -3.3476   1.9740   2.9485   1.1122   0.4979   0.0599   0.2202   0.1686   0.0099   0.0000  -0.0007   0.0371    0.254
   106  35.4124  -3.7210   2.0307   2.8008   1.0564   0.4954   0.0585   0.2306   0.1767   0.0101   0.0000  -0.0003   0.0385    0.252
   107  35.6512  -4.0924   2.0871   2.6538   0.9900   0.4913   0.0576   0.2414   0.1849   0.0102   0.0000   0.0002   0.0398    0.249
   108  35.8861  -4.4577   2.1425   2.5093   0.9155   0.4849   0.0571   0.2521   0.1931   0.0102   0.0000   0.0008   0.0411    0.246
   109  36.1144  -4.8128   2.1964   2.3687   0.8353   0.4757   0.0571   0.2620   0.2007   0.0102   0.0000   0.0016   0.0421    0.242
   110  36.3338  -5.1540   2.2482   2.2338   0.7518   0.4631   0.0576   0.2705   0.2072   0.0101   0.0000   0.0025   0.0427    0.238
   111  36.5417  -5.4774   2.2973   2.1058   0.6671   0.4463   0.0584   0.2766   0.2119   0.0098   0.0000   0.0036   0.0428    0.233
   112  36.7359  -5.7795   2.3431   1.9862   0.5830   0.4249   0.0598   0.2793   0.2139   0.0095   0.0000   0.0050   0.0420    0.226
   113  36.9144  -6.0570   2.3852   1.8764   0.5012   0.3986   0.0614   0.2774   0.2124   0.0089   0.0000   0.0068   0.0403    0.218
   114  37.0750  -6.3069   2.4232   1.7776   0.4225   0.3670   0.0632   0.2696   0.2065   0.0081   0.0000   0.0087   0.0373    0.208
   115  37.2162  -6.5264   2.4565   1.6907   0.3478   0.3299   0.0651   0.2549   0.1952   0.0072   0.0000   0.0108   0.0332    0.195
   116  37.3480  -6.7314   2.4876   1.6096   0.3326   0.2853   0.0670   0.2316   0.1774   0.0060   0.0000   0.0126   0.0277    0.179
   117  37.4657  -6.9144   2.5154   1.5372   0.2507   0.2305   0.0688   0.1960   0.1501   0.0045   0.0000   0.0137   0.0210    0.159
   118  37.5551  -7.0535   2.5365   1.4822   0.1746   0.1694   0.0703   0.1495   0.1145   0.0028   0.0000   0.0128   0.0140    0.139
   119  37.6153  -7.1471   2.5508   1.4451   0.1029   0.1036   0.0713   0.0938   0.0719   0.0012   0.0000   0.0093   0.0077    0.121
   120  37.6455  -7.1941   2.5579   1.4265   0.0340   0.0349   0.0718   0.0321   0.0246  -0.0004   0.0000   0.0034   0.0024    0.111

  Surface # 5     vertical_stabilizer                     
     # Chordwise = 10   # Spanwise = 30     First strip =121
     Surface area Ssurf =   34.910363     Ave. chord Cave =    4.190920

 Forces referred to Sref, Cref, Bref about Xref, Yref, Zref
 Standard axis orientation,  X fwd, Z down         
     CLsurf  =  -0.00000     Clsurf  =  -0.00000
     CYsurf  =  -0.00000     Cmsurf  =   0.00000
     CDsurf  =   0.00000     Cnsurf  =   0.00000
     CDisurf =   0.00000     CDvsurf =   0.00000

 Forces referred to Ssurf, Cave 
     CLsurf  =   0.00000     CDsurf  =   0.00000

 Strip Forces referred to Strip Area, Chord
    j     Xle      Yle      Zle      Chord    Area     c_cl     ai     cl_norm    cl       cd       cdv    cm_c/4     cm_LE   C.P.x/c
   121  27.0137   0.0000   1.5690  10.0347   0.6931  -0.0000  -0.0000  -0.0000  -0.0000   0.0000   0.0000   0.0000   0.0000    1.719
   122  27.2327   0.0000   1.6601   9.8296   1.1101   0.0000  -0.0000   0.0000   0.0000  -0.0000   0.0000   0.0000  -0.0000   -0.082
   123  27.5561   0.0000   1.7947   9.5266   1.4857  -0.0000  -0.0000  -0.0000  -0.0000  -0.0000   0.0000   0.0000   0.0000    1.717
   124  27.9815   0.0000   1.9717   9.1281   1.8040  -0.0000  -0.0000  -0.0000  -0.0000   0.0000   0.0000   0.0000   0.0000    1.077
   125  28.5051   0.0000   2.1895   8.6377   2.0517  -0.0000  -0.0000  -0.0000  -0.0000   0.0000   0.0000   0.0000   0.0000  999.000
   126  29.1220   0.0000   2.4462   8.0598   2.2181  -0.0000  -0.0000  -0.0000  -0.0000   0.0000   0.0000   0.0000   0.0000    1.891
   127  29.8264   0.0000   2.7392   7.4000   2.2957   0.0000  -0.0000   0.0000   0.0000   0.0000   0.0000  -0.0000  -0.0000  999.000
   128  30.6115   0.0000   3.0659   6.6646   2.2808  -0.0000   0.0000  -0.0000  -0.0000   0.0000   0.0000  -0.0000  -0.0000   -0.465
   129  31.4694   0.0000   3.4228   5.8609   2.1733  -0.0000  -0.0000  -0.0000  -0.0000   0.0000   0.0000   0.0000   0.0000    0.571
   130  32.3918   0.0000   3.8066   4.9969   1.9773  -0.0000  -0.0000  -0.0000  -0.0000  -0.0000   0.0000  -0.0000  -0.0000   -0.788
   131  33.0131   0.0000   4.1929   4.4389   1.6667   0.0000   0.0000   0.0000   0.0000  -0.0000   0.0000  -0.0000  -0.0000    0.509
   132  33.3001   0.0000   4.5764   4.2198   1.6478   0.0000   0.0000   0.0000   0.0000   0.0000   0.0000  -0.0000  -0.0000    0.661
   133  33.5969   0.0000   4.9729   3.9932   1.6033   0.0000   0.0000   0.0000   0.0000   0.0000   0.0000  -0.0000  -0.0000    0.311
   134  33.9004   0.0000   5.3784   3.7615   1.5362   0.0000   0.0000   0.0000   0.0000  -0.0000   0.0000   0.0000  -0.0000    0.164
   135  34.2075   0.0000   5.7886   3.5271   1.4499   0.0000   0.0000   0.0000   0.0000  -0.0000   0.0000  -0.0000  -0.0000    0.341
   136  34.5150   0.0000   6.1995   3.2923   1.3482   0.0000   0.0000   0.0000   0.0000   0.0000   0.0000  -0.0000  -0.0000    0.345
   137  34.8197   0.0000   6.6066   3.0597   1.2352   0.0000  -0.0000   0.0000   0.0000  -0.0000   0.0000   0.0000  -0.0000    0.180
   138  35.1185   0.0000   7.0058   2.8315   1.1147   0.0000   0.0000   0.0000   0.0000   0.0000   0.0000   0.0000  -0.0000    0.109
   139  35.4083   0.0000   7.3929   2.6103   0.9908   0.0000   0.0000   0.0000   0.0000  -0.0000   0.0000  -0.0000  -0.0000    0.253
   140  35.6860   0.0000   7.7640   2.3983   0.8670   0.0000  -0.0000   0.0000   0.0000   0.0000   0.0000   0.0000  -0.0000    0.121
   141  35.9487   0.0000   8.1150   2.1977   0.7464   0.0000  -0.0000   0.0000   0.0000   0.0000   0.0000   0.0000   0.0000   -0.108
   142  36.1937   0.0000   8.4424   2.0106   0.6318   0.0000  -0.0000   0.0000   0.0000   0.0000   0.0000   0.0000  -0.0000    0.147
   143  36.4185   0.0000   8.7426   1.8390   0.5251   0.0000  -0.0000   0.0000   0.0000  -0.0000   0.0000   0.0000  -0.0000    0.177
   144  36.6206   0.0000   9.0127   1.6847   0.4276   0.0000   0.0000   0.0000   0.0000  -0.0000   0.0000  -0.0000  -0.0000    0.288
   145  36.7980   0.0000   9.2496   1.5493   0.3400   0.0000   0.0000   0.0000   0.0000   0.0000   0.0000   0.0000   0.0000   -0.132
   146  36.9487   0.0000   9.4510   1.4342   0.2622   0.0000  -0.0000   0.0000   0.0000  -0.0000   0.0000   0.0000   0.0000   -0.229
   147  37.0713   0.0000   9.6148   1.3407   0.1933   0.0000   0.0000   0.0000   0.0000  -0.0000   0.0000   0.0000  -0.0000    0.117
   148  37.1643   0.0000   9.7391   1.2696   0.1322   0.0000   0.0000   0.0000   0.0000   0.0000   0.0000   0.0000   0.0000   -0.151
   149  37.2269   0.0000   9.8227   1.2218   0.0769   0.0000   0.0000   0.0000   0.0000   0.0000   0.0000   0.0000   0.0000   -0.114
   150  37.2584   0.0000   9.8647   1.1978   0.0252   0.0000   0.0000   0.0000   0.0000  -0.0000   0.0000   0.0000  -0.0000   -0.066

  Surface # 6     fuselage_horizontal                     
     # Chordwise = 10   # Spanwise = 10     First strip =151
     Surface area Ssurf =  123.841199     Ave. chord Cave =   33.112620

 Forces referred to Sref, Cref, Bref about Xref, Yref, Zref
 Standard axis orientation,  X fwd, Z down         
     CLsurf  =   0.00624     Clsurf  =   0.00000
     CYsurf  =  -0.00000     Cmsurf  =   0.04353
     CDsurf  =  -0.00021     Cnsurf  =  -0.00000
     CDisurf =  -0.00021     CDvsurf =   0.00000

 Forces referred to Ssurf, Cave 
     CLsurf  =   0.00629     CDsurf  =  -0.00021

 Strip Forces referred to Strip Area, Chord
    j     Xle      Yle      Zle      Chord    Area     c_cl     ai     cl_norm    cl       cd       cdv    cm_c/4     cm_LE   C.P.x/c
   151   5.0231  -1.6830   0.0000  26.5957   9.9468   0.1362   0.1279   0.0616   0.0053  -0.0020   0.0000   0.0036   0.0003   -0.425
   152   2.9203  -1.3090   0.0000  31.2096  11.6724   0.1991   0.1397   0.0247   0.0065  -0.0007   0.0000   0.0044   0.0007   -0.424
   153   1.6676  -0.9350   0.0000  34.0626  12.7394   0.2215   0.1331   0.0158   0.0065  -0.0001   0.0000   0.0051   0.0012   -0.526
   154   0.7666  -0.5610   0.0000  36.1620  13.5246   0.2349   0.1320   0.0109   0.0065   0.0003   0.0000   0.0054   0.0017   -0.581
   155   0.1963  -0.1870   0.0000  37.5333  14.0374   0.2427   0.1333   0.0074   0.0064   0.0009   0.0000   0.0055   0.0027   -0.604
   156   0.1963   0.1870   0.0000  37.5333  14.0374   0.2427   0.1333   0.0074   0.0064   0.0009   0.0000   0.0055   0.0027   -0.604
   157   0.7666   0.5610   0.0000  36.1620  13.5246   0.2349   0.1320   0.0109   0.0065   0.0003   0.0000   0.0054   0.0017   -0.581
   158   1.6676   0.9350   0.0000  34.0626  12.7394   0.2215   0.1331   0.0158   0.0065  -0.0001   0.0000   0.0051   0.0012   -0.526
   159   2.9202   1.3090   0.0000  31.2096  11.6724   0.1991   0.1397   0.0247   0.0065  -0.0007   0.0000   0.0044   0.0007   -0.424
   160   5.0231   1.6830   0.0000  26.5957   9.9468   0.1362   0.1279   0.0616   0.0053  -0.0020   0.0000   0.0036   0.0003   -0.425

  Surface # 7     fuselage_vertical                       
     # Chordwise = 10   # Spanwise = 10     First strip =161
     Surface area Ssurf =  123.841199     Ave. chord Cave =   33.112620

 Forces referred to Sref, Cref, Bref about Xref, Yref, Zref
 Standard axis orientation,  X fwd, Z down         
     CLsurf  =   0.00000     Clsurf  =  -0.00000
     CYsurf  =  -0.00000     Cmsurf  =  -0.00000
     CDsurf  =   0.00000     Cnsurf  =   0.00000
     CDisurf =   0.00000     CDvsurf =   0.00000

 Forces referred to Ssurf, Cave 
     CLsurf  =   0.00000     CDsurf  =   0.00000

 Strip Forces referred to Strip Area, Chord
    j     Xle      Yle      Zle      Chord    Area     c_cl     ai     cl_norm    cl       cd       cdv    cm_c/4     cm_LE   C.P.x/c
   161   5.0231   0.0000  -1.6830  26.5957   9.9468   0.0000   0.0000   0.0000   0.0000  -0.0000   0.0000   0.0000   0.0000   -0.265
   162   2.9203   0.0000  -1.3090  31.2096  11.6724   0.0000   0.0000   0.0000   0.0000  -0.0000   0.0000  -0.0000  -0.0000    0.644
   163   1.6676   0.0000  -0.9350  34.0626  12.7394   0.0000   0.0000   0.0000   0.0000   0.0000   0.0000  -0.0000  -0.0000    0.940
   164   0.7666   0.0000  -0.5610  36.1620  13.5246   0.0000  -0.0000   0.0000   0.0000   0.0000   0.0000  -0.0000  -0.0000    1.198
   165   0.1963   0.0000  -0.1870  37.5333  14.0374   0.0000  -0.0000   0.0000   0.0000   0.0000   0.0000  -0.0000  -0.0000    0.992
   166   0.1963   0.0000   0.1870  37.5333  14.0374   0.0000   0.0000   0.0000   0.0000   0.0000   0.0000  -0.0000  -0.0000    0.910
   167   0.7666   0.0000   0.5610  36.1620  13.5246   0.0000  -0.0000   0.0000   0.0000   0.0000   0.0000  -0.0000  -0.0000    0.851
   168   1.6676   0.0000   0.9350  34.0626  12.7394   0.0000  -0.0000   0.0000   0.0000   0.0000   0.0000  -0.0000  -0.0000    1.623
   169   2.9202   0.0000   1.3090  31.2096  11.6724   0.0000   0.0000   0.0000   0.0000  -0.0000   0.0000  -0.0000  -0.0000    1.716
   170   5.0231   0.0000   1.6830  26.5957   9.9468   0.0000  -0.0000   0.0000   0.0000   0.0000   0.0000  -0.0000  -0.0000    1.259
 ---------------------------------------------------------------
