 ---------------------------------------------------------------
 Surface and Strip Forces by surface

  Sref =  124.86       Cref =  4.4875       Bref =  34.320    
  Xref =  15.310       Yref =  0.0000       Zref =-0.48024    

  Surface # 1     main_wing                               
     # Chordwise = 10   # Spanwise = 30     First strip =  1
     Surface area Ssurf =   63.968838     Ave. chord Cave =    3.715026

 Forces referred to Sref, Cref, Bref about Xref, Yref, Zref
 Standard axis orientation,  X fwd, Z down         
     CLsurf  =   0.37994     Clsurf  =  -0.07393
     CYsurf  =  -0.02047     Cmsurf  =  -0.32145
     CDsurf  =   0.01260     Cnsurf  =  -0.00699
     CDisurf =   0.01260     CDvsurf =   0.00000

 Forces referred to Ssurf, Cave 
     CLsurf  =   0.74261     CDsurf  =   0.02459

 Strip Forces referred to Strip Area, Chord
    j     Xle      Yle      Zle      Chord    Area     c_cl     ai     cl_norm    cl       cd       cdv    cm_c/4     cm_LE   C.P.x/c
     1  13.6181   0.0114  -0.9295   7.7520   0.3539   4.8877   0.1737   0.7274   0.5634   0.5840   0.0000  -0.0345  -0.1577    0.311
     2  13.6830   0.1025  -0.9255   7.6885   1.0492   4.4907   0.1733   0.7412   0.5741   0.1167   0.0000  -0.0345  -0.1484    0.310
     3  13.8120   0.2837  -0.9176   7.5620   1.7073   4.4561   0.1719   0.7526   0.5829   0.0874   0.0000  -0.0322  -0.1476    0.305
     4  14.0037   0.5530  -0.9059   7.3741   2.3052   4.4338   0.1689   0.7698   0.5962   0.0776   0.0000  -0.0287  -0.1471    0.298
     5  14.2560   0.9075  -0.8904   7.1267   2.8223   4.3991   0.1629   0.7919   0.6134   0.0693   0.0000  -0.0248  -0.1473    0.290
     6  14.5662   1.3432  -0.8714   6.8226   3.2414   4.3422   0.1502   0.8182   0.6337   0.0611   0.0000  -0.0213  -0.1484    0.284
     7  14.9309   1.8554  -0.8490   6.4651   3.5491   4.2559   0.1248   0.8479   0.6567   0.0528   0.0000  -0.0185  -0.1507    0.278
     8  15.3460   2.4386  -0.8236   6.0582   3.7368   4.1345   0.0995   0.8808   0.6822   0.0440   0.0000  -0.0167  -0.1542    0.274
     9  15.8070   3.0862  -0.7953   5.6062   3.8005   3.9757   0.0860   0.9170   0.7103   0.0343   0.0000  -0.0159  -0.1590    0.272
    10  16.2877   3.7613  -0.7658   5.1351   3.4440   3.7890   0.0744   0.9559   0.7403   0.0249   0.0000  -0.0158  -0.1648    0.271
    11  16.7803   4.4532  -0.7356   4.6522   3.3149   3.5831   0.0605   0.9994   0.7740   0.0159   0.0000  -0.0158  -0.1715    0.270
    12  17.2999   5.1831  -0.7037   4.1429   3.0930   3.3586   0.0392   1.0542   0.8165   0.0027   0.0000  -0.0155  -0.1796    0.269
    13  17.8026   6.0123  -0.6437   3.7903   3.4706   3.1275   0.0248   1.0207   0.8316  -0.0024   0.0000  -0.0112  -0.1965    0.263
    14  18.2809   6.9353  -0.5549   3.6075   3.3775   2.9480   0.0232   1.0107   0.8235  -0.0011   0.0000  -0.0116  -0.1951    0.264
    15  18.7672   7.8737  -0.4645   3.4215   3.2389   2.7838   0.0195   1.0063   0.8199  -0.0013   0.0000  -0.0122  -0.1948    0.265
    16  19.2562   8.8172  -0.3736   3.2345   3.0619   2.6275   0.0170   1.0048   0.8186  -0.0018   0.0000  -0.0130  -0.1952    0.266
    17  19.7425   9.7556  -0.2833   3.0486   2.8543   2.4757   0.0162   1.0046   0.8185  -0.0025   0.0000  -0.0139  -0.1960    0.267
    18  20.2208  10.6786  -0.1944   2.8657   2.6239   2.3273   0.0167   1.0048   0.8186  -0.0033   0.0000  -0.0149  -0.1969    0.268
    19  20.6858  11.5760  -0.1080   2.6879   2.3787   2.1822   0.0180   1.0046   0.8185  -0.0042   0.0000  -0.0160  -0.1978    0.269
    20  21.1299  12.4328  -0.0255   2.5181   2.1010   2.0415   0.0206   1.0032   0.8174  -0.0046   0.0000  -0.0163  -0.1978    0.270
    21  21.5482  13.2400   0.0523   2.3582   1.8520   1.9040   0.0246   0.9991   0.8140  -0.0044   0.0000  -0.0157  -0.1965    0.269
    22  21.9390  13.9941   0.1249   2.2087   1.6074   1.7659   0.0301   0.9893   0.8060  -0.0043   0.0000  -0.0144  -0.1936    0.268
    23  22.2979  14.6868   0.1916   2.0715   1.3716   1.6229   0.0377   0.9694   0.7898  -0.0039   0.0000  -0.0123  -0.1881    0.266
    24  22.6211  15.3105   0.2516   1.9479   1.1479   1.4683   0.0474   0.9326   0.7598  -0.0031   0.0000  -0.0091  -0.1786    0.262
    25  22.9051  15.8583   0.3044   1.8393   0.9381   1.2938   0.0583   0.8700   0.7088  -0.0012   0.0000  -0.0057  -0.1642    0.258
    26  23.1466  16.3244   0.3493   1.7470   0.7427   1.0918   0.0693   0.7720   0.6290   0.0052   0.0000  -0.0070  -0.1475    0.261
    27  23.5299  16.6722   0.3828   1.4928   0.4131   0.8704   0.0801   1.9710   0.5900  -0.0201   0.0000  -0.0088  -0.0768    0.265
    28  23.9809  16.9098   0.4056   1.1466   0.2292   0.6444   0.0945   1.9116   0.5722  -0.0477   0.0000   0.0139  -0.0638    0.226
    29  24.2843  17.0696   0.4210   0.9138   0.1104   0.3978   0.1060   1.4940   0.4472  -0.0687   0.0000   0.0356  -0.0381    0.170
    30  24.4368  17.1499   0.4287   0.7967   0.0322   0.1347   0.1125   0.5905   0.1767  -0.0514   0.0000   0.0232  -0.0105    0.119

  Surface # 2     main_wing (YDUP)                        
     # Chordwise = 10   # Spanwise = 30     First strip = 31
     Surface area Ssurf =   63.968838     Ave. chord Cave =    3.715026

 Forces referred to Sref, Cref, Bref about Xref, Yref, Zref
 Standard axis orientation,  X fwd, Z down         
     CLsurf  =   0.37994     Clsurf  =   0.07393
     CYsurf  =   0.02047     Cmsurf  =  -0.32145
     CDsurf  =   0.01260     Cnsurf  =   0.00699
     CDisurf =   0.01260     CDvsurf =   0.00000

 Forces referred to Ssurf, Cave 
     CLsurf  =   0.74261     CDsurf  =   0.02459

 Strip Forces referred to Strip Area, Chord
    j     Xle      Yle      Zle      Chord    Area     c_cl     ai     cl_norm    cl       cd       cdv    cm_c/4     cm_LE   C.P.x/c
    31  13.6181  -0.0114  -0.9295   7.7520   0.3539   4.8877   0.1737   0.7274   0.5634   0.5840   0.0000  -0.0345   0.1577    0.311
    32  13.6830  -0.1025  -0.9255   7.6885   1.0492   4.4907   0.1733   0.7412   0.5741   0.1167   0.0000  -0.0345   0.1484    0.310
    33  13.8120  -0.2837  -0.9176   7.5620   1.7073   4.4561   0.1719   0.7526   0.5829   0.0874   0.0000  -0.0322   0.1476    0.305
    34  14.0037  -0.5530  -0.9059   7.3741   2.3052   4.4338   0.1689   0.7698   0.5962   0.0776   0.0000  -0.0287   0.1471    0.298
    35  14.2560  -0.9075  -0.8904   7.1267   2.8223   4.3991   0.1629   0.7919   0.6134   0.0693   0.0000  -0.0248   0.1473    0.290
    36  14.5662  -1.3432  -0.8714   6.8226   3.2414   4.3422   0.1502   0.8182   0.6337   0.0611   0.0000  -0.0213   0.1484    0.284
    37  14.9309  -1.8554  -0.8490   6.4651   3.5491   4.2559   0.1248   0.8479   0.6567   0.0528   0.0000  -0.0185   0.1507    0.278
    38  15.3460  -2.4386  -0.8236   6.0582   3.7368   4.1345   0.0995   0.8808   0.6822   0.0440   0.0000  -0.0167   0.1542    0.274
    39  15.8070  -3.0862  -0.7953   5.6062   3.8005   3.9757   0.0860   0.9170   0.7103   0.0343   0.0000  -0.0159   0.1590    0.272
    40  16.2877  -3.7613  -0.7658   5.1351   3.4440   3.7890   0.0744   0.9559   0.7403   0.0249   0.0000  -0.0158   0.1648    0.271
    41  16.7803  -4.4532  -0.7356   4.6522   3.3149   3.5831   0.0605   0.9994   0.7740   0.0159   0.0000  -0.0158   0.1715    0.270
    42  17.2999  -5.1831  -0.7037   4.1429   3.0930   3.3586   0.0392   1.0542   0.8165   0.0027   0.0000  -0.0155   0.1796    0.269
    43  17.8026  -6.0123  -0.6437   3.7903   3.4706   3.1275   0.0248   1.0207   0.8316  -0.0024   0.0000  -0.0112   0.1965    0.263
    44  18.2809  -6.9353  -0.5549   3.6075   3.3775   2.9480   0.0232   1.0107   0.8235  -0.0011   0.0000  -0.0116   0.1951    0.264
    45  18.7672  -7.8737  -0.4645   3.4215   3.2389   2.7838   0.0195   1.0063   0.8199  -0.0013   0.0000  -0.0122   0.1948    0.265
    46  19.2562  -8.8172  -0.3736   3.2345   3.0619   2.6275   0.0170   1.0048   0.8186  -0.0018   0.0000  -0.0130   0.1952    0.266
    47  19.7425  -9.7556  -0.2833   3.0486   2.8543   2.4757   0.0162   1.0046   0.8185  -0.0025   0.0000  -0.0139   0.1960    0.267
    48  20.2208 -10.6786  -0.1944   2.8657   2.6239   2.3273   0.0167   1.0048   0.8186  -0.0033   0.0000  -0.0149   0.1969    0.268
    49  20.6858 -11.5760  -0.1080   2.6879   2.3787   2.1822   0.0180   1.0046   0.8185  -0.0042   0.0000  -0.0160   0.1978    0.269
    50  21.1299 -12.4328  -0.0255   2.5181   2.1010   2.0415   0.0206   1.0032   0.8174  -0.0046   0.0000  -0.0163   0.1978    0.270
    51  21.5482 -13.2400   0.0523   2.3582   1.8520   1.9040   0.0246   0.9991   0.8140  -0.0044   0.0000  -0.0157   0.1965    0.269
    52  21.9390 -13.9941   0.1249   2.2087   1.6074   1.7659   0.0301   0.9893   0.8060  -0.0043   0.0000  -0.0144   0.1936    0.268
    53  22.2979 -14.6868   0.1916   2.0715   1.3716   1.6229   0.0377   0.9694   0.7898  -0.0039   0.0000  -0.0123   0.1881    0.266
    54  22.6211 -15.3105   0.2516   1.9479   1.1479   1.4683   0.0474   0.9326   0.7598  -0.0031   0.0000  -0.0091   0.1786    0.262
    55  22.9051 -15.8583   0.3044   1.8393   0.9381   1.2938   0.0583   0.8700   0.7088  -0.0012   0.0000  -0.0057   0.1642    0.258
    56  23.1466 -16.3244   0.3493   1.7470   0.7427   1.0918   0.0693   0.7720   0.6290   0.0052   0.0000  -0.0070   0.1475    0.261
    57  23.5299 -16.6722   0.3828   1.4928   0.4131   0.8704   0.0801   1.9710   0.5900  -0.0201   0.0000  -0.0088   0.0768    0.265
    58  23.9809 -16.9098   0.4056   1.1466   0.2292   0.6444   0.0945   1.9116   0.5722  -0.0477   0.0000   0.0139   0.0638    0.226
    59  24.2843 -17.0696   0.4210   0.9138   0.1104   0.3978   0.1060   1.4940   0.4472  -0.0687   0.0000   0.0356   0.0381    0.170
    60  24.4368 -17.1499   0.4287   0.7967   0.0322   0.1347   0.1125   0.5905   0.1767  -0.0514   0.0000   0.0232   0.0105    0.119

  Surface # 3     horizontal_stabilizer                   
     # Chordwise = 10   # Spanwise = 30     First strip = 61
     Surface area Ssurf =   20.744605     Ave. chord Cave =    2.848571

 Forces referred to Sref, Cref, Bref about Xref, Yref, Zref
 Standard axis orientation,  X fwd, Z down         
     CLsurf  =   0.04129     Clsurf  =  -0.00432
     CYsurf  =  -0.00654     Cmsurf  =  -0.19069
     CDsurf  =   0.00311     Cnsurf  =   0.00361
     CDisurf =   0.00311     CDvsurf =   0.00000

 Forces referred to Ssurf, Cave 
     CLsurf  =   0.25161     CDsurf  =   0.01873

 Strip Forces referred to Strip Area, Chord
    j     Xle      Yle      Zle      Chord    Area     c_cl     ai     cl_norm    cl       cd       cdv    cm_c/4     cm_LE   C.P.x/c
    61  33.0230   0.0046   1.4667   4.2713   0.0803   0.9594   0.1216   0.2802   0.2139   0.1010   0.0000  -0.0111  -0.0581    0.302
    62  33.0469   0.0418   1.4723   4.2566   0.2392   0.8434   0.1220   0.2574   0.1964   0.0259   0.0000  -0.0110  -0.0524    0.306
    63  33.0943   0.1156   1.4835   4.2274   0.3930   0.8347   0.1221   0.2573   0.1963   0.0210   0.0000  -0.0105  -0.0518    0.303
    64  33.1649   0.2254   1.5002   4.1839   0.5386   0.8327   0.1216   0.2595   0.1981   0.0200   0.0000  -0.0094  -0.0513    0.298
    65  33.2578   0.3698   1.5221   4.1268   0.6730   0.8319   0.1204   0.2629   0.2007   0.0195   0.0000  -0.0081  -0.0508    0.291
    66  33.3719   0.5474   1.5490   4.0565   0.7936   0.8310   0.1184   0.2673   0.2040   0.0192   0.0000  -0.0068  -0.0504    0.283
    67  33.5097   0.7617   1.5816   3.9717   0.9441   0.8296   0.1152   0.2727   0.2081   0.0189   0.0000  -0.0056  -0.0502    0.277
    68  33.6704   1.0116   1.6195   3.8728   1.0344   0.8274   0.1107   0.2790   0.2129   0.0188   0.0000  -0.0044  -0.0503    0.271
    69  33.8488   1.2891   1.6616   3.7630   1.1046   0.8243   0.1051   0.2861   0.2184   0.0187   0.0000  -0.0034  -0.0507    0.266
    70  34.0430   1.5912   1.7075   3.6435   1.1542   0.8203   0.0987   0.2942   0.2245   0.0188   0.0000  -0.0026  -0.0513    0.262
    71  34.2510   1.9146   1.7565   3.5155   1.1831   0.8155   0.0924   0.3032   0.2314   0.0188   0.0000  -0.0020  -0.0523    0.259
    72  34.4703   2.2558   1.8083   3.3805   1.1921   0.8099   0.0867   0.3132   0.2390   0.0190   0.0000  -0.0014  -0.0535    0.256
    73  34.6987   2.6109   1.8622   3.2400   1.1821   0.8035   0.0822   0.3243   0.2475   0.0191   0.0000  -0.0009  -0.0549    0.254
    74  34.9335   2.9762   1.9177   3.0955   1.1548   0.7959   0.0788   0.3363   0.2567   0.0193   0.0000  -0.0004  -0.0565    0.252
    75  35.1723   3.3476   1.9740   2.9485   1.1122   0.7870   0.0764   0.3492   0.2665   0.0194   0.0000   0.0001  -0.0582    0.250
    76  35.4124   3.7210   2.0307   2.8008   1.0564   0.7761   0.0747   0.3626   0.2768   0.0195   0.0000   0.0006  -0.0600    0.248
    77  35.6512   4.0924   2.0871   2.6538   0.9900   0.7627   0.0736   0.3762   0.2871   0.0195   0.0000   0.0012  -0.0617    0.246
    78  35.8861   4.4577   2.1425   2.5093   0.9155   0.7461   0.0732   0.3894   0.2972   0.0194   0.0000   0.0019  -0.0633    0.244
    79  36.1144   4.8128   2.1964   2.3687   0.8353   0.7257   0.0733   0.4014   0.3063   0.0191   0.0000   0.0028  -0.0646    0.241
    80  36.3338   5.1540   2.2482   2.2338   0.7518   0.7009   0.0741   0.4112   0.3138   0.0187   0.0000   0.0039  -0.0653    0.238
    81  36.5417   5.4774   2.2973   2.1058   0.6671   0.6710   0.0755   0.4177   0.3188   0.0182   0.0000   0.0053  -0.0652    0.233
    82  36.7359   5.7795   2.3431   1.9862   0.5830   0.6353   0.0776   0.4194   0.3201   0.0174   0.0000   0.0070  -0.0639    0.228
    83  36.9144   6.0570   2.3852   1.8764   0.5012   0.5933   0.0802   0.4148   0.3165   0.0163   0.0000   0.0092  -0.0613    0.221
    84  37.0750   6.3069   2.4232   1.7776   0.4225   0.5445   0.0833   0.4020   0.3068   0.0149   0.0000   0.0118  -0.0570    0.212
    85  37.2162   6.5264   2.4565   1.6907   0.3478   0.4885   0.0865   0.3793   0.2895   0.0131   0.0000   0.0146  -0.0509    0.200
    86  37.3480   6.7314   2.4876   1.6096   0.3326   0.4218   0.0898   0.3442   0.2626   0.0111   0.0000   0.0172  -0.0428    0.184
    87  37.4657   6.9144   2.5154   1.5372   0.2507   0.3406   0.0930   0.2912   0.2222   0.0083   0.0000   0.0188  -0.0327    0.165
    88  37.5551   7.0535   2.5365   1.4822   0.1746   0.2503   0.0955   0.2221   0.1695   0.0053   0.0000   0.0178  -0.0220    0.145
    89  37.6153   7.1471   2.5508   1.4451   0.1029   0.1531   0.0973   0.1394   0.1064   0.0023   0.0000   0.0131  -0.0122    0.127
    90  37.6455   7.1941   2.5579   1.4265   0.0340   0.0515   0.0982   0.0478   0.0365  -0.0007   0.0000   0.0049  -0.0038    0.117

  Surface # 4     horizontal_stabilizer (YDUP)            
     # Chordwise = 10   # Spanwise = 30     First strip = 91
     Surface area Ssurf =   20.744605     Ave. chord Cave =    2.848571

 Forces referred to Sref, Cref, Bref about Xref, Yref, Zref
 Standard axis orientation,  X fwd, Z down         
     CLsurf  =   0.04129     Clsurf  =   0.00432
     CYsurf  =   0.00654     Cmsurf  =  -0.19069
     CDsurf  =   0.00311     Cnsurf  =  -0.00361
     CDisurf =   0.00311     CDvsurf =   0.00000

 Forces referred to Ssurf, Cave 
     CLsurf  =   0.25161     CDsurf  =   0.01873

 Strip Forces referred to Strip Area, Chord
    j     Xle      Yle      Zle      Chord    Area     c_cl     ai     cl_norm    cl       cd       cdv    cm_c/4     cm_LE   C.P.x/c
    91  33.0230  -0.0046   1.4667   4.2713   0.0803   0.9594   0.1216   0.2802   0.2139   0.1010   0.0000  -0.0111   0.0581    0.302
    92  33.0469  -0.0418   1.4723   4.2566   0.2392   0.8434   0.1220   0.2574   0.1964   0.0259   0.0000  -0.0110   0.0524    0.306
    93  33.0943  -0.1156   1.4835   4.2274   0.3930   0.8347   0.1221   0.2573   0.1963   0.0210   0.0000  -0.0105   0.0518    0.303
    94  33.1649  -0.2254   1.5002   4.1839   0.5386   0.8327   0.1216   0.2595   0.1981   0.0200   0.0000  -0.0094   0.0513    0.298
    95  33.2578  -0.3698   1.5221   4.1268   0.6730   0.8319   0.1204   0.2629   0.2007   0.0195   0.0000  -0.0081   0.0508    0.291
    96  33.3719  -0.5474   1.5490   4.0565   0.7936   0.8310   0.1184   0.2673   0.2040   0.0192   0.0000  -0.0068   0.0504    0.283
    97  33.5097  -0.7617   1.5816   3.9717   0.9441   0.8296   0.1152   0.2727   0.2081   0.0189   0.0000  -0.0056   0.0502    0.277
    98  33.6704  -1.0116   1.6195   3.8728   1.0344   0.8274   0.1107   0.2790   0.2129   0.0188   0.0000  -0.0044   0.0503    0.271
    99  33.8488  -1.2891   1.6616   3.7630   1.1046   0.8243   0.1051   0.2861   0.2184   0.0187   0.0000  -0.0034   0.0507    0.266
   100  34.0430  -1.5912   1.7075   3.6435   1.1542   0.8203   0.0987   0.2942   0.2245   0.0188   0.0000  -0.0026   0.0513    0.262
   101  34.2510  -1.9146   1.7565   3.5155   1.1831   0.8155   0.0924   0.3032   0.2314   0.0188   0.0000  -0.0020   0.0523    0.259
   102  34.4703  -2.2558   1.8083   3.3805   1.1921   0.8099   0.0867   0.3132   0.2390   0.0190   0.0000  -0.0014   0.0535    0.256
   103  34.6987  -2.6109   1.8622   3.2400   1.1821   0.8035   0.0822   0.3243   0.2475   0.0191   0.0000  -0.0009   0.0549    0.254
   104  34.9335  -2.9762   1.9177   3.0955   1.1548   0.7959   0.0788   0.3363   0.2567   0.0193   0.0000  -0.0004   0.0565    0.252
   105  35.1723  -3.3476   1.9740   2.9485   1.1122   0.7870   0.0764   0.3492   0.2665   0.0194   0.0000   0.0001   0.0582    0.250
   106  35.4124  -3.7210   2.0307   2.8008   1.0564   0.7761   0.0747   0.3626   0.2768   0.0195   0.0000   0.0006   0.0600    0.248
   107  35.6512  -4.0924   2.0871   2.6538   0.9900   0.7627   0.0736   0.3762   0.2871   0.0195   0.0000   0.0012   0.0617    0.246
   108  35.8861  -4.4577   2.1425   2.5093   0.9155   0.7461   0.0732   0.3894   0.2972   0.0194   0.0000   0.0019   0.0633    0.244
   109  36.1144  -4.8128   2.1964   2.3687   0.8353   0.7257   0.0733   0.4014   0.3063   0.0191   0.0000   0.0028   0.0646    0.241
   110  36.3338  -5.1540   2.2482   2.2338   0.7518   0.7009   0.0741   0.4112   0.3138   0.0187   0.0000   0.0039   0.0653    0.238
   111  36.5417  -5.4774   2.2973   2.1058   0.6671   0.6710   0.0755   0.4177   0.3188   0.0182   0.0000   0.0053   0.0652    0.233
   112  36.7359  -5.7795   2.3431   1.9862   0.5830   0.6353   0.0776   0.4194   0.3201   0.0174   0.0000   0.0070   0.0639    0.228
   113  36.9144  -6.0570   2.3852   1.8764   0.5012   0.5933   0.0802   0.4148   0.3165   0.0163   0.0000   0.0092   0.0613    0.221
   114  37.0750  -6.3069   2.4232   1.7776   0.4225   0.5445   0.0833   0.4020   0.3068   0.0149   0.0000   0.0118   0.0570    0.212
   115  37.2162  -6.5264   2.4565   1.6907   0.3478   0.4885   0.0865   0.3793   0.2895   0.0131   0.0000   0.0146   0.0509    0.200
   116  37.3480  -6.7314   2.4876   1.6096   0.3326   0.4218   0.0898   0.3442   0.2626   0.0111   0.0000   0.0172   0.0428    0.184
   117  37.4657  -6.9144   2.5154   1.5372   0.2507   0.3406   0.0930   0.2912   0.2222   0.0083   0.0000   0.0188   0.0327    0.165
   118  37.5551  -7.0535   2.5365   1.4822   0.1746   0.2503   0.0955   0.2221   0.1695   0.0053   0.0000   0.0178   0.0220    0.145
   119  37.6153  -7.1471   2.5508   1.4451   0.1029   0.1531   0.0973   0.1394   0.1064   0.0023   0.0000   0.0131   0.0122    0.127
   120  37.6455  -7.1941   2.5579   1.4265   0.0340   0.0515   0.0982   0.0478   0.0365  -0.0007   0.0000   0.0049   0.0038    0.117

  Surface # 5     vertical_stabilizer                     
     # Chordwise = 10   # Spanwise = 30     First strip =121
     Surface area Ssurf =   34.910363     Ave. chord Cave =    4.190920

 Forces referred to Sref, Cref, Bref about Xref, Yref, Zref
 Standard axis orientation,  X fwd, Z down         
     CLsurf  =  -0.00000     Clsurf  =   0.00000
     CYsurf  =   0.00000     Cmsurf  =   0.00000
     CDsurf  =   0.00000     Cnsurf  =  -0.00000
     CDisurf =   0.00000     CDvsurf =   0.00000

 Forces referred to Ssurf, Cave 
     CLsurf  =  -0.00000     CDsurf  =   0.00000

 Strip Forces referred to Strip Area, Chord
    j     Xle      Yle      Zle      Chord    Area     c_cl     ai     cl_norm    cl       cd       cdv    cm_c/4     cm_LE   C.P.x/c
   121  27.0137   0.0000   1.5690  10.0347   0.6931  -0.0000   0.0000  -0.0000  -0.0000   0.0000   0.0000  -0.0000   0.0000   -0.148
   122  27.2327   0.0000   1.6601   9.8296   1.1101  -0.0000   0.0000  -0.0000  -0.0000   0.0000   0.0000  -0.0000   0.0000    0.241
   123  27.5561   0.0000   1.7947   9.5266   1.4857  -0.0000  -0.0000  -0.0000  -0.0000  -0.0000   0.0000   0.0000   0.0000    0.579
   124  27.9815   0.0000   1.9717   9.1281   1.8040  -0.0000  -0.0000  -0.0000  -0.0000   0.0000   0.0000   0.0000   0.0000    0.547
   125  28.5051   0.0000   2.1895   8.6377   2.0517  -0.0000  -0.0000  -0.0000  -0.0000   0.0000   0.0000  -0.0000   0.0000    0.176
   126  29.1220   0.0000   2.4462   8.0598   2.2181  -0.0000  -0.0000  -0.0000  -0.0000  -0.0000   0.0000   0.0000   0.0000    0.369
   127  29.8264   0.0000   2.7392   7.4000   2.2957   0.0000   0.0000   0.0000   0.0000   0.0000   0.0000  -0.0000  -0.0000  999.000
   128  30.6115   0.0000   3.0659   6.6646   2.2808  -0.0000  -0.0000  -0.0000  -0.0000  -0.0000   0.0000  -0.0000  -0.0000  999.000
   129  31.4694   0.0000   3.4228   5.8609   2.1733   0.0000   0.0000   0.0000   0.0000   0.0000   0.0000  -0.0000  -0.0000    1.737
   130  32.3918   0.0000   3.8066   4.9969   1.9773   0.0000   0.0000   0.0000   0.0000  -0.0000   0.0000  -0.0000  -0.0000  999.000
   131  33.0131   0.0000   4.1929   4.4389   1.6667   0.0000   0.0000   0.0000   0.0000  -0.0000   0.0000  -0.0000  -0.0000  999.000
   132  33.3001   0.0000   4.5764   4.2198   1.6478  -0.0000  -0.0000  -0.0000  -0.0000  -0.0000   0.0000  -0.0000  -0.0000   -0.292
   133  33.5969   0.0000   4.9729   3.9932   1.6033  -0.0000   0.0000  -0.0000  -0.0000   0.0000   0.0000  -0.0000   0.0000    0.006
   134  33.9004   0.0000   5.3784   3.7615   1.5362  -0.0000  -0.0000  -0.0000  -0.0000  -0.0000   0.0000  -0.0000  -0.0000   -0.105
   135  34.2075   0.0000   5.7886   3.5271   1.4499   0.0000   0.0000   0.0000   0.0000   0.0000   0.0000  -0.0000  -0.0000  999.000
   136  34.5150   0.0000   6.1995   3.2923   1.3482  -0.0000   0.0000  -0.0000  -0.0000   0.0000   0.0000  -0.0000  -0.0000  999.000
   137  34.8197   0.0000   6.6066   3.0597   1.2352  -0.0000  -0.0000  -0.0000  -0.0000  -0.0000   0.0000  -0.0000   0.0000    0.209
   138  35.1185   0.0000   7.0058   2.8315   1.1147  -0.0000   0.0000  -0.0000  -0.0000  -0.0000   0.0000  -0.0000   0.0000    0.184
   139  35.4083   0.0000   7.3929   2.6103   0.9908  -0.0000  -0.0000  -0.0000  -0.0000  -0.0000   0.0000   0.0000   0.0000    0.292
   140  35.6860   0.0000   7.7640   2.3983   0.8670  -0.0000   0.0000  -0.0000  -0.0000  -0.0000   0.0000  -0.0000  -0.0000  999.000
   141  35.9487   0.0000   8.1150   2.1977   0.7464  -0.0000  -0.0000  -0.0000  -0.0000   0.0000   0.0000  -0.0000  -0.0000   -0.499
   142  36.1937   0.0000   8.4424   2.0106   0.6318  -0.0000   0.0000  -0.0000  -0.0000  -0.0000   0.0000  -0.0000  -0.0000   -0.285
   143  36.4185   0.0000   8.7426   1.8390   0.5251  -0.0000   0.0000  -0.0000  -0.0000  -0.0000   0.0000   0.0000   0.0000    0.416
   144  36.6206   0.0000   9.0127   1.6847   0.4276  -0.0000  -0.0000  -0.0000  -0.0000  -0.0000   0.0000   0.0000   0.0000    0.421
   145  36.7980   0.0000   9.2496   1.5493   0.3400  -0.0000   0.0000  -0.0000  -0.0000   0.0000   0.0000  -0.0000   0.0000    0.204
   146  36.9487   0.0000   9.4510   1.4342   0.2622  -0.0000  -0.0000  -0.0000  -0.0000  -0.0000   0.0000   0.0000   0.0000    0.320
   147  37.0713   0.0000   9.6148   1.3407   0.1933  -0.0000   0.0000  -0.0000  -0.0000   0.0000   0.0000   0.0000   0.0000    0.667
   148  37.1643   0.0000   9.7391   1.2696   0.1322  -0.0000   0.0000  -0.0000  -0.0000   0.0000   0.0000   0.0000   0.0000    0.656
   149  37.2269   0.0000   9.8227   1.2218   0.0769  -0.0000  -0.0000  -0.0000  -0.0000   0.0000   0.0000   0.0000   0.0000    0.562
   150  37.2584   0.0000   9.8647   1.1978   0.0252  -0.0000   0.0000  -0.0000  -0.0000   0.0000   0.0000  -0.0000   0.0000    0.092

  Surface # 6     fuselage_horizontal                     
     # Chordwise = 10   # Spanwise = 10     First strip =151
     Surface area Ssurf =  123.841199     Ave. chord Cave =   33.112620

 Forces referred to Sref, Cref, Bref about Xref, Yref, Zref
 Standard axis orientation,  X fwd, Z down         
     CLsurf  =   0.01087     Clsurf  =   0.00000
     CYsurf  =   0.00000     Cmsurf  =   0.06300
     CDsurf  =  -0.00024     Cnsurf  =   0.00000
     CDisurf =  -0.00024     CDvsurf =   0.00000

 Forces referred to Ssurf, Cave 
     CLsurf  =   0.01096     CDsurf  =  -0.00024

 Strip Forces referred to Strip Area, Chord
    j     Xle      Yle      Zle      Chord    Area     c_cl     ai     cl_norm    cl       cd       cdv    cm_c/4     cm_LE   C.P.x/c
   151   5.0231  -1.6830   0.0000  26.5957   9.9468   0.2468   0.1786   0.1046   0.0097  -0.0031   0.0000   0.0048   0.0003   -0.241
   152   2.9203  -1.3090   0.0000  31.2096  11.6724   0.3494   0.1916   0.0426   0.0114  -0.0010   0.0000   0.0059   0.0008   -0.271
   153   1.6676  -0.9350   0.0000  34.0626  12.7394   0.3838   0.1775   0.0272   0.0114  -0.0002   0.0000   0.0071   0.0014   -0.373
   154   0.7666  -0.5610   0.0000  36.1620  13.5246   0.4027   0.1726   0.0186   0.0112   0.0005   0.0000   0.0076   0.0022   -0.433
   155   0.1963  -0.1870   0.0000  37.5333  14.0374   0.4134   0.1727   0.0126   0.0109   0.0016   0.0000   0.0078   0.0034   -0.461
   156   0.1963   0.1870   0.0000  37.5333  14.0374   0.4134   0.1727   0.0126   0.0109   0.0016   0.0000   0.0078   0.0034   -0.461
   157   0.7666   0.5610   0.0000  36.1620  13.5246   0.4027   0.1726   0.0186   0.0112   0.0005   0.0000   0.0076   0.0022   -0.433
   158   1.6676   0.9350   0.0000  34.0626  12.7394   0.3838   0.1775   0.0272   0.0114  -0.0002   0.0000   0.0071   0.0014   -0.373
   159   2.9202   1.3090   0.0000  31.2096  11.6724   0.3494   0.1916   0.0426   0.0114  -0.0010   0.0000   0.0059   0.0008   -0.271
   160   5.0231   1.6830   0.0000  26.5957   9.9468   0.2468   0.1786   0.1046   0.0097  -0.0031   0.0000   0.0048   0.0003   -0.241

  Surface # 7     fuselage_vertical                       
     # Chordwise = 10   # Spanwise = 10     First strip =161
     Surface area Ssurf =  123.841199     Ave. chord Cave =   33.112620

 Forces referred to Sref, Cref, Bref about Xref, Yref, Zref
 Standard axis orientation,  X fwd, Z down         
     CLsurf  =  -0.00000     Clsurf  =   0.00000
     CYsurf  =   0.00000     Cmsurf  =   0.00000
     CDsurf  =  -0.00000     Cnsurf  =  -0.00000
     CDisurf =  -0.00000     CDvsurf =   0.00000

 Forces referred to Ssurf, Cave 
     CLsurf  =  -0.00000     CDsurf  =  -0.00000

 Strip Forces referred to Strip Area, Chord
    j     Xle      Yle      Zle      Chord    Area     c_cl     ai     cl_norm    cl       cd       cdv    cm_c/4     cm_LE   C.P.x/c
   161   5.0231   0.0000  -1.6830  26.5957   9.9468   0.0000  -0.0000   0.0000   0.0000   0.0000   0.0000   0.0000   0.0000  999.000
   162   2.9203   0.0000  -1.3090  31.2096  11.6724   0.0000   0.0000   0.0000   0.0000   0.0000   0.0000   0.0000   0.0000   -0.421
   163   1.6676   0.0000  -0.9350  34.0626  12.7394  -0.0000  -0.0000  -0.0000  -0.0000   0.0000   0.0000   0.0000   0.0000  999.000
   164   0.7666   0.0000  -0.5610  36.1620  13.5246  -0.0000   0.0000  -0.0000  -0.0000  -0.0000   0.0000   0.0000   0.0000    1.229
   165   0.1963   0.0000  -0.1870  37.5333  14.0374  -0.0000   0.0000  -0.0000  -0.0000   0.0000   0.0000   0.0000   0.0000    0.331
   166   0.1963   0.0000   0.1870  37.5333  14.0374  -0.0000  -0.0000  -0.0000  -0.0000  -0.0000   0.0000   0.0000   0.0000    1.152
   167   0.7666   0.0000   0.5610  36.1620  13.5246  -0.0000  -0.0000  -0.0000  -0.0000   0.0000   0.0000   0.0000   0.0000    0.996
   168   1.6676   0.0000   0.9350  34.0626  12.7394  -0.0000  -0.0000  -0.0000  -0.0000  -0.0000   0.0000   0.0000   0.0000    1.064
   169   2.9202   0.0000   1.3090  31.2096  11.6724  -0.0000  -0.0000  -0.0000  -0.0000   0.0000   0.0000   0.0000   0.0000    0.979
   170   5.0231   0.0000   1.6830  26.5957   9.9468  -0.0000   0.0000  -0.0000  -0.0000  -0.0000   0.0000   0.0000   0.0000    1.176
 ---------------------------------------------------------------
