 ---------------------------------------------------------------
 Surface and Strip Forces by surface

  Sref =  124.86       Cref =  4.4875       Bref =  34.320    
  Xref =  15.310       Yref =  0.0000       Zref =-0.48024    

  Surface # 1     main_wing                               
     # Chordwise = 10   # Spanwise = 30     First strip =  1
     Surface area Ssurf =   63.968838     Ave. chord Cave =    3.715026

 Forces referred to Sref, Cref, Bref about Xref, Yref, Zref
 Standard axis orientation,  X fwd, Z down         
     CLsurf  =   0.11296     Clsurf  =  -0.01898
     CYsurf  =  -0.00789     Cmsurf  =  -0.08924
     CDsurf  =   0.00162     Cnsurf  =   0.00088
     CDisurf =   0.00162     CDvsurf =   0.00000

 Forces referred to Ssurf, Cave 
     CLsurf  =   0.22103     CDsurf  =   0.00315

 Strip Forces referred to Strip Area, Chord
    j     Xle      Yle      Zle      Chord    Area     c_cl     ai     cl_norm    cl       cd       cdv    cm_c/4     cm_LE   C.P.x/c
     1  13.6181   0.0114  -0.9295   7.7520   0.3539   1.8412   0.0508   0.3062   0.2375   0.1050   0.0000  -0.0182  -0.0632    0.327
     2  13.6830   0.1025  -0.9255   7.6885   1.0492   1.7687   0.0501   0.2966   0.2300   0.0211   0.0000  -0.0181  -0.0616    0.329
     3  13.8120   0.2837  -0.9176   7.5620   1.7073   1.7592   0.0485   0.2999   0.2326   0.0156   0.0000  -0.0174  -0.0615    0.325
     4  14.0037   0.5530  -0.9059   7.3741   2.3052   1.7463   0.0458   0.3053   0.2368   0.0138   0.0000  -0.0162  -0.0615    0.318
     5  14.2560   0.9075  -0.8904   7.1267   2.8223   1.7219   0.0424   0.3115   0.2416   0.0121   0.0000  -0.0149  -0.0614    0.312
     6  14.5662   1.3432  -0.8714   6.8226   3.2414   1.6810   0.0399   0.3177   0.2464   0.0104   0.0000  -0.0139  -0.0615    0.306
     7  14.9309   1.8554  -0.8490   6.4651   3.5491   1.6193   0.0419   0.3229   0.2505   0.0084   0.0000  -0.0132  -0.0618    0.303
     8  15.3460   2.4386  -0.8236   6.0582   3.7368   1.5339   0.0423   0.3264   0.2532   0.0062   0.0000  -0.0130  -0.0622    0.301
     9  15.8070   3.0862  -0.7953   5.6062   3.8005   1.4245   0.0337   0.3276   0.2541   0.0038   0.0000  -0.0134  -0.0627    0.303
    10  16.2877   3.7613  -0.7658   5.1351   3.4440   1.3004   0.0236   0.3265   0.2532   0.0017   0.0000  -0.0140  -0.0630    0.305
    11  16.7803   4.4532  -0.7356   4.6522   3.3149   1.1684   0.0141   0.3238   0.2512  -0.0000   0.0000  -0.0147  -0.0632    0.309
    12  17.2999   5.1831  -0.7037   4.1429   3.0930   1.0280   0.0013   0.3200   0.2481  -0.0022   0.0000  -0.0157  -0.0634    0.313
    13  17.8026   6.0123  -0.6437   3.7903   3.4706   0.8994  -0.0059   0.2890   0.2373  -0.0028   0.0000  -0.0161  -0.0670    0.318
    14  18.2809   6.9353  -0.5549   3.6075   3.3775   0.8045  -0.0026   0.2716   0.2230  -0.0022   0.0000  -0.0168  -0.0645    0.325
    15  18.7672   7.8737  -0.4645   3.4215   3.2389   0.7253  -0.0006   0.2582   0.2120  -0.0019   0.0000  -0.0178  -0.0629    0.334
    16  19.2562   8.8172  -0.3736   3.2345   3.0619   0.6567   0.0005   0.2473   0.2030  -0.0017   0.0000  -0.0189  -0.0619    0.343
    17  19.7425   9.7556  -0.2833   3.0486   2.8543   0.5961   0.0009   0.2381   0.1955  -0.0015   0.0000  -0.0203  -0.0615    0.354
    18  20.2208  10.6786  -0.1944   2.8657   2.6239   0.5422   0.0010   0.2304   0.1892  -0.0014   0.0000  -0.0218  -0.0614    0.365
    19  20.6858  11.5760  -0.1080   2.6879   2.3787   0.4943   0.0010   0.2240   0.1839  -0.0014   0.0000  -0.0235  -0.0617    0.378
    20  21.1299  12.4328  -0.0255   2.5181   2.1010   0.4530   0.0015   0.2191   0.1799  -0.0013   0.0000  -0.0244  -0.0617    0.386
    21  21.5482  13.2400   0.0523   2.3582   1.8520   0.4169   0.0026   0.2153   0.1768  -0.0011   0.0000  -0.0245  -0.0611    0.389
    22  21.9390  13.9941   0.1249   2.2087   1.6074   0.3838   0.0042   0.2116   0.1738  -0.0009   0.0000  -0.0243  -0.0602    0.390
    23  22.2979  14.6868   0.1916   2.0715   1.3716   0.3516   0.0062   0.2067   0.1697  -0.0008   0.0000  -0.0238  -0.0589    0.390
    24  22.6211  15.3105   0.2516   1.9479   1.1479   0.3182   0.0087   0.1989   0.1633  -0.0007   0.0000  -0.0228  -0.0566    0.390
    25  22.9051  15.8583   0.3044   1.8393   0.9381   0.2811   0.0116   0.1861   0.1528  -0.0005   0.0000  -0.0213  -0.0529    0.390
    26  23.1466  16.3244   0.3493   1.7470   0.7427   0.2381   0.0145   0.1660   0.1363  -0.0004   0.0000  -0.0197  -0.0478    0.394
    27  23.5299  16.6722   0.3828   1.4928   0.4131   0.1904   0.0170   0.4258   0.1276  -0.0011   0.0000  -0.0158  -0.0223    0.374
    28  23.9809  16.9098   0.4056   1.1466   0.2292   0.1412   0.0203   0.4111   0.1232  -0.0022   0.0000  -0.0092  -0.0187    0.325
    29  24.2843  17.0696   0.4210   0.9138   0.1104   0.0873   0.0229   0.3188   0.0955  -0.0030   0.0000  -0.0018  -0.0120    0.269
    30  24.4368  17.1499   0.4287   0.7967   0.0322   0.0296   0.0247   0.1240   0.0372  -0.0020   0.0000   0.0008  -0.0040    0.228

  Surface # 2     main_wing (YDUP)                        
     # Chordwise = 10   # Spanwise = 30     First strip = 31
     Surface area Ssurf =   63.968838     Ave. chord Cave =    3.715026

 Forces referred to Sref, Cref, Bref about Xref, Yref, Zref
 Standard axis orientation,  X fwd, Z down         
     CLsurf  =   0.11296     Clsurf  =   0.01898
     CYsurf  =   0.00789     Cmsurf  =  -0.08924
     CDsurf  =   0.00162     Cnsurf  =  -0.00088
     CDisurf =   0.00162     CDvsurf =   0.00000

 Forces referred to Ssurf, Cave 
     CLsurf  =   0.22103     CDsurf  =   0.00315

 Strip Forces referred to Strip Area, Chord
    j     Xle      Yle      Zle      Chord    Area     c_cl     ai     cl_norm    cl       cd       cdv    cm_c/4     cm_LE   C.P.x/c
    31  13.6181  -0.0114  -0.9295   7.7520   0.3539   1.8412   0.0508   0.3062   0.2375   0.1050   0.0000  -0.0182   0.0632    0.327
    32  13.6830  -0.1025  -0.9255   7.6885   1.0492   1.7687   0.0501   0.2966   0.2300   0.0211   0.0000  -0.0181   0.0616    0.329
    33  13.8120  -0.2837  -0.9176   7.5620   1.7073   1.7592   0.0485   0.2999   0.2326   0.0156   0.0000  -0.0174   0.0615    0.325
    34  14.0037  -0.5530  -0.9059   7.3741   2.3052   1.7463   0.0458   0.3053   0.2368   0.0138   0.0000  -0.0162   0.0615    0.318
    35  14.2560  -0.9075  -0.8904   7.1267   2.8223   1.7219   0.0424   0.3115   0.2416   0.0121   0.0000  -0.0149   0.0614    0.312
    36  14.5662  -1.3432  -0.8714   6.8226   3.2414   1.6810   0.0399   0.3177   0.2464   0.0104   0.0000  -0.0139   0.0615    0.306
    37  14.9309  -1.8554  -0.8490   6.4651   3.5491   1.6193   0.0419   0.3229   0.2505   0.0084   0.0000  -0.0132   0.0618    0.303
    38  15.3460  -2.4386  -0.8236   6.0582   3.7368   1.5339   0.0423   0.3264   0.2532   0.0062   0.0000  -0.0130   0.0622    0.301
    39  15.8070  -3.0862  -0.7953   5.6062   3.8005   1.4245   0.0337   0.3276   0.2541   0.0038   0.0000  -0.0134   0.0627    0.303
    40  16.2877  -3.7613  -0.7658   5.1351   3.4440   1.3004   0.0236   0.3265   0.2532   0.0017   0.0000  -0.0140   0.0630    0.305
    41  16.7803  -4.4532  -0.7356   4.6522   3.3149   1.1684   0.0141   0.3238   0.2512  -0.0000   0.0000  -0.0147   0.0632    0.309
    42  17.2999  -5.1831  -0.7037   4.1429   3.0930   1.0280   0.0013   0.3200   0.2481  -0.0022   0.0000  -0.0157   0.0634    0.313
    43  17.8026  -6.0123  -0.6437   3.7903   3.4706   0.8994  -0.0059   0.2890   0.2373  -0.0028   0.0000  -0.0161   0.0670    0.318
    44  18.2809  -6.9353  -0.5549   3.6075   3.3775   0.8045  -0.0026   0.2716   0.2230  -0.0022   0.0000  -0.0168   0.0645    0.325
    45  18.7672  -7.8737  -0.4645   3.4215   3.2389   0.7253  -0.0006   0.2582   0.2120  -0.0019   0.0000  -0.0178   0.0629    0.334
    46  19.2562  -8.8172  -0.3736   3.2345   3.0619   0.6567   0.0005   0.2473   0.2030  -0.0017   0.0000  -0.0189   0.0619    0.343
    47  19.7425  -9.7556  -0.2833   3.0486   2.8543   0.5961   0.0009   0.2381   0.1955  -0.0015   0.0000  -0.0203   0.0615    0.354
    48  20.2208 -10.6786  -0.1944   2.8657   2.6239   0.5422   0.0010   0.2304   0.1892  -0.0014   0.0000  -0.0218   0.0614    0.365
    49  20.6858 -11.5760  -0.1080   2.6879   2.3787   0.4943   0.0010   0.2240   0.1839  -0.0014   0.0000  -0.0235   0.0617    0.378
    50  21.1299 -12.4328  -0.0255   2.5181   2.1010   0.4530   0.0015   0.2191   0.1799  -0.0013   0.0000  -0.0244   0.0617    0.386
    51  21.5482 -13.2400   0.0523   2.3582   1.8520   0.4169   0.0026   0.2153   0.1768  -0.0011   0.0000  -0.0245   0.0611    0.389
    52  21.9390 -13.9941   0.1249   2.2087   1.6074   0.3838   0.0042   0.2116   0.1738  -0.0009   0.0000  -0.0243   0.0602    0.390
    53  22.2979 -14.6868   0.1916   2.0715   1.3716   0.3516   0.0062   0.2067   0.1697  -0.0008   0.0000  -0.0238   0.0589    0.390
    54  22.6211 -15.3105   0.2516   1.9479   1.1479   0.3182   0.0087   0.1989   0.1633  -0.0007   0.0000  -0.0228   0.0566    0.390
    55  22.9051 -15.8583   0.3044   1.8393   0.9381   0.2811   0.0116   0.1861   0.1528  -0.0005   0.0000  -0.0213   0.0529    0.390
    56  23.1466 -16.3244   0.3493   1.7470   0.7427   0.2381   0.0145   0.1660   0.1363  -0.0004   0.0000  -0.0197   0.0478    0.394
    57  23.5299 -16.6722   0.3828   1.4928   0.4131   0.1904   0.0170   0.4258   0.1276  -0.0011   0.0000  -0.0158   0.0223    0.374
    58  23.9809 -16.9098   0.4056   1.1466   0.2292   0.1412   0.0203   0.4111   0.1232  -0.0022   0.0000  -0.0092   0.0187    0.325
    59  24.2843 -17.0696   0.4210   0.9138   0.1104   0.0873   0.0229   0.3188   0.0955  -0.0030   0.0000  -0.0018   0.0120    0.269
    60  24.4368 -17.1499   0.4287   0.7967   0.0322   0.0296   0.0247   0.1240   0.0372  -0.0020   0.0000   0.0008   0.0040    0.228

  Surface # 3     horizontal_stabilizer                   
     # Chordwise = 10   # Spanwise = 30     First strip = 61
     Surface area Ssurf =   20.744605     Ave. chord Cave =    2.848571

 Forces referred to Sref, Cref, Bref about Xref, Yref, Zref
 Standard axis orientation,  X fwd, Z down         
     CLsurf  =  -0.01612     Clsurf  =   0.00150
     CYsurf  =   0.00260     Cmsurf  =   0.07287
     CDsurf  =  -0.00024     Cnsurf  =  -0.00156
     CDisurf =  -0.00024     CDvsurf =   0.00000

 Forces referred to Ssurf, Cave 
     CLsurf  =  -0.09829     CDsurf  =  -0.00143

 Strip Forces referred to Strip Area, Chord
    j     Xle      Yle      Zle      Chord    Area     c_cl     ai     cl_norm    cl       cd       cdv    cm_c/4     cm_LE   C.P.x/c
    61  33.0230   0.0046   1.4667   4.2713   0.0803  -0.3661   0.0125  -0.1106  -0.0857   0.0226   0.0000   0.0052   0.0225    0.311
    62  33.0469   0.0418   1.4723   4.2566   0.2392  -0.4001   0.0122  -0.1212  -0.0940   0.0011   0.0000   0.0051   0.0241    0.304
    63  33.0943   0.1156   1.4835   4.2274   0.3930  -0.4028   0.0118  -0.1229  -0.0953  -0.0004   0.0000   0.0048   0.0242    0.301
    64  33.1649   0.2254   1.5002   4.1839   0.5386  -0.4034   0.0114  -0.1244  -0.0964  -0.0008   0.0000   0.0043   0.0240    0.295
    65  33.2578   0.3698   1.5221   4.1268   0.6730  -0.4034   0.0110  -0.1261  -0.0978  -0.0009   0.0000   0.0037   0.0237    0.288
    66  33.3719   0.5474   1.5490   4.0565   0.7936  -0.4028   0.0106  -0.1281  -0.0993  -0.0011   0.0000   0.0030   0.0234    0.280
    67  33.5097   0.7617   1.5816   3.9717   0.9441  -0.4013   0.0103  -0.1303  -0.1010  -0.0013   0.0000   0.0022   0.0232    0.272
    68  33.6704   1.0116   1.6195   3.8728   1.0344  -0.3985   0.0102  -0.1327  -0.1029  -0.0014   0.0000   0.0015   0.0230    0.265
    69  33.8488   1.2891   1.6616   3.7630   1.1046  -0.3940   0.0103  -0.1351  -0.1047  -0.0016   0.0000   0.0009   0.0228    0.258
    70  34.0430   1.5912   1.7075   3.6435   1.1542  -0.3875   0.0106  -0.1372  -0.1064  -0.0017   0.0000   0.0003   0.0227    0.253
    71  34.2510   1.9146   1.7565   3.5155   1.1831  -0.3786   0.0110  -0.1389  -0.1077  -0.0018   0.0000  -0.0001   0.0226    0.249
    72  34.4703   2.2558   1.8083   3.3805   1.1921  -0.3672   0.0111  -0.1401  -0.1086  -0.0019   0.0000  -0.0005   0.0225    0.245
    73  34.6987   2.6109   1.8622   3.2400   1.1821  -0.3532   0.0109  -0.1406  -0.1090  -0.0020   0.0000  -0.0008   0.0223    0.243
    74  34.9335   2.9762   1.9177   3.0955   1.1548  -0.3368   0.0103  -0.1404  -0.1088  -0.0020   0.0000  -0.0010   0.0221    0.241
    75  35.1723   3.3476   1.9740   2.9485   1.1122  -0.3183   0.0095  -0.1392  -0.1079  -0.0020   0.0000  -0.0012   0.0218    0.239
    76  35.4124   3.7210   2.0307   2.8008   1.0564  -0.2981   0.0087  -0.1373  -0.1064  -0.0019   0.0000  -0.0013   0.0214    0.238
    77  35.6512   4.0924   2.0871   2.6538   0.9900  -0.2767   0.0079  -0.1345  -0.1043  -0.0019   0.0000  -0.0014   0.0208    0.237
    78  35.8861   4.4577   2.1425   2.5093   0.9155  -0.2547   0.0072  -0.1309  -0.1015  -0.0018   0.0000  -0.0014   0.0202    0.236
    79  36.1144   4.8128   2.1964   2.3687   0.8353  -0.2326   0.0065  -0.1267  -0.0982  -0.0017   0.0000  -0.0016   0.0194    0.234
    80  36.3338   5.1540   2.2482   2.2338   0.7518  -0.2108   0.0058  -0.1217  -0.0944  -0.0016   0.0000  -0.0017   0.0185    0.232
    81  36.5417   5.4774   2.2973   2.1058   0.6671  -0.1896   0.0052  -0.1161  -0.0900  -0.0014   0.0000  -0.0019   0.0174    0.228
    82  36.7359   5.7795   2.3431   1.9862   0.5830  -0.1690   0.0046  -0.1097  -0.0851  -0.0013   0.0000  -0.0023   0.0161    0.224
    83  36.9144   6.0570   2.3852   1.8764   0.5012  -0.1492   0.0040  -0.1025  -0.0795  -0.0012   0.0000  -0.0027   0.0145    0.217
    84  37.0750   6.3069   2.4232   1.7776   0.4225  -0.1300   0.0034  -0.0943  -0.0731  -0.0011   0.0000  -0.0031   0.0128    0.207
    85  37.2162   6.5264   2.4565   1.6907   0.3478  -0.1113   0.0029  -0.0849  -0.0658  -0.0010   0.0000  -0.0036   0.0109    0.196
    86  37.3480   6.7314   2.4876   1.6096   0.3326  -0.0920   0.0024  -0.0737  -0.0572  -0.0009   0.0000  -0.0039   0.0087    0.181
    87  37.4657   6.9144   2.5154   1.5372   0.2507  -0.0715   0.0020  -0.0600  -0.0465  -0.0007   0.0000  -0.0041   0.0064    0.163
    88  37.5551   7.0535   2.5365   1.4822   0.1746  -0.0511   0.0016  -0.0445  -0.0345  -0.0006   0.0000  -0.0036   0.0042    0.144
    89  37.6153   7.1471   2.5508   1.4451   0.1029  -0.0306   0.0014  -0.0274  -0.0212  -0.0004   0.0000  -0.0026   0.0023    0.128
    90  37.6455   7.1941   2.5579   1.4265   0.0340  -0.0102   0.0013  -0.0092  -0.0072  -0.0002   0.0000  -0.0009   0.0007    0.120

  Surface # 4     horizontal_stabilizer (YDUP)            
     # Chordwise = 10   # Spanwise = 30     First strip = 91
     Surface area Ssurf =   20.744605     Ave. chord Cave =    2.848571

 Forces referred to Sref, Cref, Bref about Xref, Yref, Zref
 Standard axis orientation,  X fwd, Z down         
     CLsurf  =  -0.01612     Clsurf  =  -0.00150
     CYsurf  =  -0.00260     Cmsurf  =   0.07287
     CDsurf  =  -0.00024     Cnsurf  =   0.00156
     CDisurf =  -0.00024     CDvsurf =   0.00000

 Forces referred to Ssurf, Cave 
     CLsurf  =  -0.09829     CDsurf  =  -0.00143

 Strip Forces referred to Strip Area, Chord
    j     Xle      Yle      Zle      Chord    Area     c_cl     ai     cl_norm    cl       cd       cdv    cm_c/4     cm_LE   C.P.x/c
    91  33.0230  -0.0046   1.4667   4.2713   0.0803  -0.3661   0.0125  -0.1106  -0.0857   0.0226   0.0000   0.0052  -0.0225    0.311
    92  33.0469  -0.0418   1.4723   4.2566   0.2392  -0.4001   0.0122  -0.1212  -0.0940   0.0011   0.0000   0.0051  -0.0241    0.304
    93  33.0943  -0.1156   1.4835   4.2274   0.3930  -0.4028   0.0118  -0.1229  -0.0953  -0.0004   0.0000   0.0048  -0.0242    0.301
    94  33.1649  -0.2254   1.5002   4.1839   0.5386  -0.4034   0.0114  -0.1244  -0.0964  -0.0008   0.0000   0.0043  -0.0240    0.295
    95  33.2578  -0.3698   1.5221   4.1268   0.6730  -0.4034   0.0110  -0.1261  -0.0978  -0.0009   0.0000   0.0037  -0.0237    0.288
    96  33.3719  -0.5474   1.5490   4.0565   0.7936  -0.4028   0.0106  -0.1281  -0.0993  -0.0011   0.0000   0.0030  -0.0234    0.280
    97  33.5097  -0.7617   1.5816   3.9717   0.9441  -0.4013   0.0103  -0.1303  -0.1010  -0.0013   0.0000   0.0022  -0.0232    0.272
    98  33.6704  -1.0116   1.6195   3.8728   1.0344  -0.3985   0.0102  -0.1327  -0.1029  -0.0014   0.0000   0.0015  -0.0230    0.265
    99  33.8488  -1.2891   1.6616   3.7630   1.1046  -0.3940   0.0103  -0.1351  -0.1047  -0.0016   0.0000   0.0009  -0.0228    0.258
   100  34.0430  -1.5912   1.7075   3.6435   1.1542  -0.3875   0.0106  -0.1372  -0.1064  -0.0017   0.0000   0.0003  -0.0227    0.253
   101  34.2510  -1.9146   1.7565   3.5155   1.1831  -0.3786   0.0110  -0.1389  -0.1077  -0.0018   0.0000  -0.0001  -0.0226    0.249
   102  34.4703  -2.2558   1.8083   3.3805   1.1921  -0.3672   0.0111  -0.1401  -0.1086  -0.0019   0.0000  -0.0005  -0.0225    0.245
   103  34.6987  -2.6109   1.8622   3.2400   1.1821  -0.3532   0.0109  -0.1406  -0.1090  -0.0020   0.0000  -0.0008  -0.0223    0.243
   104  34.9335  -2.9762   1.9177   3.0955   1.1548  -0.3368   0.0103  -0.1404  -0.1088  -0.0020   0.0000  -0.0010  -0.0221    0.241
   105  35.1723  -3.3476   1.9740   2.9485   1.1122  -0.3183   0.0095  -0.1392  -0.1079  -0.0020   0.0000  -0.0012  -0.0218    0.239
   106  35.4124  -3.7210   2.0307   2.8008   1.0564  -0.2981   0.0087  -0.1373  -0.1064  -0.0019   0.0000  -0.0013  -0.0214    0.238
   107  35.6512  -4.0924   2.0871   2.6538   0.9900  -0.2767   0.0079  -0.1345  -0.1043  -0.0019   0.0000  -0.0014  -0.0208    0.237
   108  35.8861  -4.4577   2.1425   2.5093   0.9155  -0.2547   0.0072  -0.1309  -0.1015  -0.0018   0.0000  -0.0014  -0.0202    0.236
   109  36.1144  -4.8128   2.1964   2.3687   0.8353  -0.2326   0.0065  -0.1267  -0.0982  -0.0017   0.0000  -0.0016  -0.0194    0.234
   110  36.3338  -5.1540   2.2482   2.2338   0.7518  -0.2108   0.0058  -0.1217  -0.0944  -0.0016   0.0000  -0.0017  -0.0185    0.232
   111  36.5417  -5.4774   2.2973   2.1058   0.6671  -0.1896   0.0052  -0.1161  -0.0900  -0.0014   0.0000  -0.0019  -0.0174    0.228
   112  36.7359  -5.7795   2.3431   1.9862   0.5830  -0.1690   0.0046  -0.1097  -0.0851  -0.0013   0.0000  -0.0023  -0.0161    0.224
   113  36.9144  -6.0570   2.3852   1.8764   0.5012  -0.1492   0.0040  -0.1025  -0.0795  -0.0012   0.0000  -0.0027  -0.0145    0.217
   114  37.0750  -6.3069   2.4232   1.7776   0.4225  -0.1300   0.0034  -0.0943  -0.0731  -0.0011   0.0000  -0.0031  -0.0128    0.207
   115  37.2162  -6.5264   2.4565   1.6907   0.3478  -0.1113   0.0029  -0.0849  -0.0658  -0.0010   0.0000  -0.0036  -0.0109    0.196
   116  37.3480  -6.7314   2.4876   1.6096   0.3326  -0.0920   0.0024  -0.0737  -0.0572  -0.0009   0.0000  -0.0039  -0.0087    0.181
   117  37.4657  -6.9144   2.5154   1.5372   0.2507  -0.0715   0.0020  -0.0600  -0.0465  -0.0007   0.0000  -0.0041  -0.0064    0.163
   118  37.5551  -7.0535   2.5365   1.4822   0.1746  -0.0511   0.0016  -0.0445  -0.0345  -0.0006   0.0000  -0.0036  -0.0042    0.144
   119  37.6153  -7.1471   2.5508   1.4451   0.1029  -0.0306   0.0014  -0.0274  -0.0212  -0.0004   0.0000  -0.0026  -0.0023    0.128
   120  37.6455  -7.1941   2.5579   1.4265   0.0340  -0.0102   0.0013  -0.0092  -0.0072  -0.0002   0.0000  -0.0009  -0.0007    0.120

  Surface # 5     vertical_stabilizer                     
     # Chordwise = 10   # Spanwise = 30     First strip =121
     Surface area Ssurf =   34.910363     Ave. chord Cave =    4.190920

 Forces referred to Sref, Cref, Bref about Xref, Yref, Zref
 Standard axis orientation,  X fwd, Z down         
     CLsurf  =  -0.00000     Clsurf  =   0.00000
     CYsurf  =   0.00000     Cmsurf  =   0.00000
     CDsurf  =   0.00000     Cnsurf  =  -0.00000
     CDisurf =   0.00000     CDvsurf =   0.00000

 Forces referred to Ssurf, Cave 
     CLsurf  =  -0.00000     CDsurf  =   0.00000

 Strip Forces referred to Strip Area, Chord
    j     Xle      Yle      Zle      Chord    Area     c_cl     ai     cl_norm    cl       cd       cdv    cm_c/4     cm_LE   C.P.x/c
   121  27.0137   0.0000   1.5690  10.0347   0.6931  -0.0000  -0.0000  -0.0000  -0.0000   0.0000   0.0000   0.0000   0.0000    0.518
   122  27.2327   0.0000   1.6601   9.8296   1.1101  -0.0000  -0.0000  -0.0000  -0.0000   0.0000   0.0000   0.0000   0.0000    0.585
   123  27.5561   0.0000   1.7947   9.5266   1.4857  -0.0000  -0.0000  -0.0000  -0.0000   0.0000   0.0000   0.0000   0.0000    0.633
   124  27.9815   0.0000   1.9717   9.1281   1.8040  -0.0000   0.0000  -0.0000  -0.0000   0.0000   0.0000   0.0000   0.0000    0.600
   125  28.5051   0.0000   2.1895   8.6377   2.0517  -0.0000  -0.0000  -0.0000  -0.0000  -0.0000   0.0000   0.0000   0.0000    0.456
   126  29.1220   0.0000   2.4462   8.0598   2.2181  -0.0000  -0.0000  -0.0000  -0.0000  -0.0000   0.0000   0.0000   0.0000    0.302
   127  29.8264   0.0000   2.7392   7.4000   2.2957  -0.0000  -0.0000  -0.0000  -0.0000  -0.0000   0.0000   0.0000   0.0000    0.464
   128  30.6115   0.0000   3.0659   6.6646   2.2808  -0.0000   0.0000  -0.0000  -0.0000   0.0000   0.0000   0.0000   0.0000    0.354
   129  31.4694   0.0000   3.4228   5.8609   2.1733  -0.0000  -0.0000  -0.0000  -0.0000  -0.0000   0.0000   0.0000   0.0000    0.488
   130  32.3918   0.0000   3.8066   4.9969   1.9773  -0.0000   0.0000  -0.0000  -0.0000   0.0000   0.0000   0.0000   0.0000    0.363
   131  33.0131   0.0000   4.1929   4.4389   1.6667  -0.0000   0.0000  -0.0000  -0.0000  -0.0000   0.0000   0.0000   0.0000    0.429
   132  33.3001   0.0000   4.5764   4.2198   1.6478  -0.0000   0.0000  -0.0000  -0.0000  -0.0000   0.0000   0.0000   0.0000    0.355
   133  33.5969   0.0000   4.9729   3.9932   1.6033  -0.0000  -0.0000  -0.0000  -0.0000   0.0000   0.0000   0.0000   0.0000    0.421
   134  33.9004   0.0000   5.3784   3.7615   1.5362  -0.0000  -0.0000  -0.0000  -0.0000  -0.0000   0.0000   0.0000   0.0000    0.330
   135  34.2075   0.0000   5.7886   3.5271   1.4499  -0.0000   0.0000  -0.0000  -0.0000  -0.0000   0.0000   0.0000   0.0000    0.307
   136  34.5150   0.0000   6.1995   3.2923   1.3482  -0.0000  -0.0000  -0.0000  -0.0000   0.0000   0.0000   0.0000   0.0000    0.390
   137  34.8197   0.0000   6.6066   3.0597   1.2352  -0.0000   0.0000  -0.0000  -0.0000  -0.0000   0.0000   0.0000   0.0000    0.402
   138  35.1185   0.0000   7.0058   2.8315   1.1147  -0.0000   0.0000  -0.0000  -0.0000   0.0000   0.0000  -0.0000   0.0000    0.172
   139  35.4083   0.0000   7.3929   2.6103   0.9908  -0.0000  -0.0000  -0.0000  -0.0000   0.0000   0.0000   0.0000   0.0000    0.251
   140  35.6860   0.0000   7.7640   2.3983   0.8670  -0.0000  -0.0000  -0.0000  -0.0000   0.0000   0.0000   0.0000   0.0000    0.257
   141  35.9487   0.0000   8.1150   2.1977   0.7464  -0.0000   0.0000  -0.0000  -0.0000   0.0000   0.0000   0.0000   0.0000    0.299
   142  36.1937   0.0000   8.4424   2.0106   0.6318  -0.0000  -0.0000  -0.0000  -0.0000   0.0000   0.0000   0.0000   0.0000    0.314
   143  36.4185   0.0000   8.7426   1.8390   0.5251  -0.0000   0.0000  -0.0000  -0.0000   0.0000   0.0000   0.0000   0.0000    0.306
   144  36.6206   0.0000   9.0127   1.6847   0.4276  -0.0000  -0.0000  -0.0000  -0.0000   0.0000   0.0000  -0.0000   0.0000    0.226
   145  36.7980   0.0000   9.2496   1.5493   0.3400  -0.0000   0.0000  -0.0000  -0.0000  -0.0000   0.0000  -0.0000   0.0000    0.199
   146  36.9487   0.0000   9.4510   1.4342   0.2622  -0.0000  -0.0000  -0.0000  -0.0000  -0.0000   0.0000  -0.0000   0.0000    0.181
   147  37.0713   0.0000   9.6148   1.3407   0.1933  -0.0000  -0.0000  -0.0000  -0.0000   0.0000   0.0000  -0.0000   0.0000    0.132
   148  37.1643   0.0000   9.7391   1.2696   0.1322  -0.0000  -0.0000  -0.0000  -0.0000  -0.0000   0.0000  -0.0000   0.0000    0.079
   149  37.2269   0.0000   9.8227   1.2218   0.0769  -0.0000  -0.0000  -0.0000  -0.0000   0.0000   0.0000  -0.0000   0.0000    0.142
   150  37.2584   0.0000   9.8647   1.1978   0.0252  -0.0000   0.0000  -0.0000  -0.0000  -0.0000   0.0000  -0.0000   0.0000    0.151

  Surface # 6     fuselage_horizontal                     
     # Chordwise = 10   # Spanwise = 10     First strip =151
     Surface area Ssurf =  123.841199     Ave. chord Cave =   33.112620

 Forces referred to Sref, Cref, Bref about Xref, Yref, Zref
 Standard axis orientation,  X fwd, Z down         
     CLsurf  =  -0.00514     Clsurf  =   0.00000
     CYsurf  =   0.00000     Cmsurf  =  -0.00473
     CDsurf  =   0.00003     Cnsurf  =   0.00000
     CDisurf =   0.00003     CDvsurf =   0.00000

 Forces referred to Ssurf, Cave 
     CLsurf  =  -0.00518     CDsurf  =   0.00003

 Strip Forces referred to Strip Area, Chord
    j     Xle      Yle      Zle      Chord    Area     c_cl     ai     cl_norm    cl       cd       cdv    cm_c/4     cm_LE   C.P.x/c
   151   5.0231  -1.6830   0.0000  26.5957   9.9468  -0.1384  -0.0072  -0.0656  -0.0052  -0.0002   0.0000   0.0008   0.0003    0.397
   152   2.9203  -1.3090   0.0000  31.2096  11.6724  -0.1796  -0.0015  -0.0224  -0.0058  -0.0000   0.0000   0.0006   0.0005    0.357
   153   1.6676  -0.9350   0.0000  34.0626  12.7394  -0.1824   0.0157  -0.0131  -0.0054   0.0001   0.0000   0.0001   0.0005    0.276
   154   0.7666  -0.5610   0.0000  36.1620  13.5246  -0.1795   0.0246  -0.0083  -0.0050   0.0001   0.0000  -0.0002   0.0005    0.220
   155   0.1963  -0.1870   0.0000  37.5333  14.0374  -0.1775   0.0283  -0.0055  -0.0047   0.0001   0.0000  -0.0003   0.0006    0.192
   156   0.1963   0.1870   0.0000  37.5333  14.0374  -0.1775   0.0283  -0.0055  -0.0047   0.0001   0.0000  -0.0003   0.0006    0.192
   157   0.7666   0.5610   0.0000  36.1620  13.5246  -0.1795   0.0246  -0.0083  -0.0050   0.0001   0.0000  -0.0002   0.0005    0.220
   158   1.6676   0.9350   0.0000  34.0626  12.7394  -0.1824   0.0157  -0.0131  -0.0054   0.0001   0.0000   0.0001   0.0005    0.276
   159   2.9202   1.3090   0.0000  31.2096  11.6724  -0.1796  -0.0015  -0.0224  -0.0058  -0.0000   0.0000   0.0006   0.0005    0.357
   160   5.0231   1.6830   0.0000  26.5957   9.9468  -0.1384  -0.0072  -0.0656  -0.0052  -0.0002   0.0000   0.0008   0.0003    0.397

  Surface # 7     fuselage_vertical                       
     # Chordwise = 10   # Spanwise = 10     First strip =161
     Surface area Ssurf =  123.841199     Ave. chord Cave =   33.112620

 Forces referred to Sref, Cref, Bref about Xref, Yref, Zref
 Standard axis orientation,  X fwd, Z down         
     CLsurf  =   0.00000     Clsurf  =   0.00000
     CYsurf  =   0.00000     Cmsurf  =  -0.00000
     CDsurf  =   0.00000     Cnsurf  =  -0.00000
     CDisurf =   0.00000     CDvsurf =   0.00000

 Forces referred to Ssurf, Cave 
     CLsurf  =  -0.00000     CDsurf  =   0.00000

 Strip Forces referred to Strip Area, Chord
    j     Xle      Yle      Zle      Chord    Area     c_cl     ai     cl_norm    cl       cd       cdv    cm_c/4     cm_LE   C.P.x/c
   161   5.0231   0.0000  -1.6830  26.5957   9.9468   0.0000  -0.0000   0.0000   0.0000  -0.0000   0.0000  -0.0000  -0.0000    1.091
   162   2.9203   0.0000  -1.3090  31.2096  11.6724   0.0000  -0.0000   0.0000   0.0000   0.0000   0.0000  -0.0000  -0.0000  999.000
   163   1.6676   0.0000  -0.9350  34.0626  12.7394  -0.0000   0.0000  -0.0000  -0.0000   0.0000   0.0000  -0.0000   0.0000    0.004
   164   0.7666   0.0000  -0.5610  36.1620  13.5246  -0.0000   0.0000  -0.0000  -0.0000   0.0000   0.0000   0.0000   0.0000    0.755
   165   0.1963   0.0000  -0.1870  37.5333  14.0374  -0.0000   0.0000  -0.0000  -0.0000   0.0000   0.0000   0.0000   0.0000    0.801
   166   0.1963   0.0000   0.1870  37.5333  14.0374  -0.0000   0.0000  -0.0000  -0.0000  -0.0000   0.0000   0.0000   0.0000    0.623
   167   0.7666   0.0000   0.5610  36.1620  13.5246  -0.0000   0.0000  -0.0000  -0.0000   0.0000   0.0000   0.0000   0.0000    0.890
   168   1.6676   0.0000   0.9350  34.0626  12.7394  -0.0000   0.0000  -0.0000  -0.0000   0.0000   0.0000   0.0000   0.0000    0.814
   169   2.9202   0.0000   1.3090  31.2096  11.6724  -0.0000   0.0000  -0.0000  -0.0000   0.0000   0.0000  -0.0000  -0.0000   -0.072
   170   5.0231   0.0000   1.6830  26.5957   9.9468  -0.0000  -0.0000  -0.0000  -0.0000  -0.0000   0.0000   0.0000   0.0000    0.886
 ---------------------------------------------------------------
