 ---------------------------------------------------------------
 Surface and Strip Forces by surface

  Sref =  124.86       Cref =  4.4875       Bref =  34.320    
  Xref =  15.310       Yref =  0.0000       Zref =-0.48024    

  Surface # 1     main_wing                               
     # Chordwise = 10   # Spanwise = 30     First strip =  1
     Surface area Ssurf =   63.968838     Ave. chord Cave =    3.715026

 Forces referred to Sref, Cref, Bref about Xref, Yref, Zref
 Standard axis orientation,  X fwd, Z down         
     CLsurf  =   0.01607     Clsurf  =   0.00138
     CYsurf  =  -0.00039     Cmsurf  =  -0.00275
     CDsurf  =   0.00044     Cnsurf  =  -0.00009
     CDisurf =   0.00044     CDvsurf =   0.00000

 Forces referred to Ssurf, Cave 
     CLsurf  =   0.03134     CDsurf  =   0.00085

 Strip Forces referred to Strip Area, Chord
    j     Xle      Yle      Zle      Chord    Area     c_cl     ai     cl_norm    cl       cd       cdv    cm_c/4     cm_LE   C.P.x/c
     1  13.6181   0.0114  -0.9295   7.7520   0.3539   0.8200   0.0132   0.1372   0.1066   0.0228   0.0000  -0.0090  -0.0288    0.334
     2  13.6830   0.1025  -0.9255   7.6885   1.0492   0.8044   0.0124   0.1350   0.1049   0.0054   0.0000  -0.0090  -0.0286    0.335
     3  13.8120   0.2837  -0.9176   7.5620   1.7073   0.7996   0.0107   0.1363   0.1059   0.0041   0.0000  -0.0087  -0.0286    0.332
     4  14.0037   0.5530  -0.9059   7.3741   2.3052   0.7887   0.0081   0.1379   0.1071   0.0036   0.0000  -0.0083  -0.0285    0.328
     5  14.2560   0.9075  -0.8904   7.1267   2.8223   0.7670   0.0054   0.1387   0.1078   0.0030   0.0000  -0.0080  -0.0284    0.324
     6  14.5662   1.3432  -0.8714   6.8226   3.2414   0.7307   0.0057   0.1380   0.1072   0.0024   0.0000  -0.0079  -0.0282    0.324
     7  14.9309   1.8554  -0.8490   6.4651   3.5491   0.6762   0.0154   0.1347   0.1047   0.0017   0.0000  -0.0081  -0.0278    0.327
     8  15.3460   2.4386  -0.8236   6.0582   3.7368   0.6017   0.0232   0.1279   0.0994   0.0010   0.0000  -0.0086  -0.0272    0.337
     9  15.8070   3.0862  -0.7953   5.6062   3.8005   0.5076   0.0159   0.1166   0.0906   0.0003   0.0000  -0.0096  -0.0262    0.356
    10  16.2877   3.7613  -0.7658   5.1351   3.4440   0.4030   0.0062   0.1010   0.0785  -0.0002   0.0000  -0.0107  -0.0247    0.386
    11  16.7803   4.4532  -0.7356   4.6522   3.3149   0.2945  -0.0021   0.0815   0.0633  -0.0005   0.0000  -0.0118  -0.0225    0.437
    12  17.2999   5.1831  -0.7037   4.1429   3.0930   0.1817  -0.0122   0.0564   0.0439  -0.0006   0.0000  -0.0135  -0.0199    0.558
    13  17.8026   6.0123  -0.6437   3.7903   3.4706   0.0826  -0.0172   0.0265   0.0218  -0.0004   0.0000  -0.0152  -0.0183    0.946
    14  18.2809   6.9353  -0.5549   3.6075   3.3775   0.0149  -0.0126   0.0050   0.0041  -0.0001   0.0000  -0.0163  -0.0154  999.000
    15  18.7672   7.8737  -0.4645   3.4215   3.2389  -0.0359  -0.0089  -0.0128  -0.0105   0.0001   0.0000  -0.0174  -0.0132  999.000
    16  19.2562   8.8172  -0.3736   3.2345   3.0619  -0.0745  -0.0067  -0.0280  -0.0230   0.0002   0.0000  -0.0187  -0.0115   -0.561
    17  19.7425   9.7556  -0.2833   3.0486   2.8543  -0.1034  -0.0060  -0.0412  -0.0339   0.0003   0.0000  -0.0202  -0.0105   -0.345
    18  20.2208  10.6786  -0.1944   2.8657   2.6239  -0.1239  -0.0061  -0.0525  -0.0433   0.0003   0.0000  -0.0219  -0.0099   -0.255
    19  20.6858  11.5760  -0.1080   2.6879   2.3787  -0.1369  -0.0067  -0.0619  -0.0510   0.0004   0.0000  -0.0237  -0.0098   -0.214
    20  21.1299  12.4328  -0.0255   2.5181   2.1010  -0.1422  -0.0069  -0.0686  -0.0565   0.0003   0.0000  -0.0249  -0.0097   -0.191
    21  21.5482  13.2400   0.0523   2.3582   1.8520  -0.1406  -0.0068  -0.0724  -0.0597   0.0002   0.0000  -0.0254  -0.0095   -0.176
    22  21.9390  13.9941   0.1249   2.2087   1.6074  -0.1342  -0.0067  -0.0738  -0.0608   0.0002   0.0000  -0.0259  -0.0096   -0.176
    23  22.2979  14.6868   0.1916   2.0715   1.3716  -0.1236  -0.0065  -0.0725  -0.0597   0.0001   0.0000  -0.0264  -0.0103   -0.192
    24  22.6211  15.3105   0.2516   1.9479   1.1479  -0.1095  -0.0061  -0.0683  -0.0563   0.0000   0.0000  -0.0267  -0.0113   -0.225
    25  22.9051  15.8583   0.3044   1.8393   0.9381  -0.0928  -0.0054  -0.0613  -0.0505  -0.0001   0.0000  -0.0262  -0.0122   -0.270
    26  23.1466  16.3244   0.3493   1.7470   0.7427  -0.0746  -0.0047  -0.0519  -0.0428  -0.0001   0.0000  -0.0234  -0.0114   -0.298
    27  23.5299  16.6722   0.3828   1.4928   0.4131  -0.0572  -0.0045  -0.1263  -0.0383  -0.0008   0.0000  -0.0174  -0.0038   -0.204
    28  23.9809  16.9098   0.4056   1.1466   0.2292  -0.0404  -0.0039  -0.1162  -0.0353  -0.0009   0.0000  -0.0176  -0.0043   -0.250
    29  24.2843  17.0696   0.4210   0.9138   0.1104  -0.0239  -0.0030  -0.0863  -0.0262  -0.0013   0.0000  -0.0157  -0.0044   -0.350
    30  24.4368  17.1499   0.4287   0.7967   0.0322  -0.0078  -0.0020  -0.0327  -0.0099  -0.0023   0.0000  -0.0074  -0.0023   -0.491

  Surface # 2     main_wing (YDUP)                        
     # Chordwise = 10   # Spanwise = 30     First strip = 31
     Surface area Ssurf =   63.968838     Ave. chord Cave =    3.715026

 Forces referred to Sref, Cref, Bref about Xref, Yref, Zref
 Standard axis orientation,  X fwd, Z down         
     CLsurf  =   0.01607     Clsurf  =  -0.00138
     CYsurf  =   0.00039     Cmsurf  =  -0.00275
     CDsurf  =   0.00044     Cnsurf  =   0.00009
     CDisurf =   0.00044     CDvsurf =   0.00000

 Forces referred to Ssurf, Cave 
     CLsurf  =   0.03134     CDsurf  =   0.00085

 Strip Forces referred to Strip Area, Chord
    j     Xle      Yle      Zle      Chord    Area     c_cl     ai     cl_norm    cl       cd       cdv    cm_c/4     cm_LE   C.P.x/c
    31  13.6181  -0.0114  -0.9295   7.7520   0.3539   0.8200   0.0132   0.1372   0.1066   0.0228   0.0000  -0.0090   0.0288    0.334
    32  13.6830  -0.1025  -0.9255   7.6885   1.0492   0.8044   0.0124   0.1350   0.1049   0.0054   0.0000  -0.0090   0.0286    0.335
    33  13.8120  -0.2837  -0.9176   7.5620   1.7073   0.7996   0.0107   0.1363   0.1059   0.0041   0.0000  -0.0087   0.0286    0.332
    34  14.0037  -0.5530  -0.9059   7.3741   2.3052   0.7887   0.0081   0.1379   0.1071   0.0036   0.0000  -0.0083   0.0285    0.328
    35  14.2560  -0.9075  -0.8904   7.1267   2.8223   0.7670   0.0054   0.1387   0.1078   0.0030   0.0000  -0.0080   0.0284    0.324
    36  14.5662  -1.3432  -0.8714   6.8226   3.2414   0.7307   0.0057   0.1380   0.1072   0.0024   0.0000  -0.0079   0.0282    0.324
    37  14.9309  -1.8554  -0.8490   6.4651   3.5491   0.6762   0.0154   0.1347   0.1047   0.0017   0.0000  -0.0081   0.0278    0.327
    38  15.3460  -2.4386  -0.8236   6.0582   3.7368   0.6017   0.0232   0.1279   0.0994   0.0010   0.0000  -0.0086   0.0272    0.337
    39  15.8070  -3.0862  -0.7953   5.6062   3.8005   0.5076   0.0159   0.1166   0.0906   0.0003   0.0000  -0.0096   0.0262    0.356
    40  16.2877  -3.7613  -0.7658   5.1351   3.4440   0.4030   0.0062   0.1010   0.0785  -0.0002   0.0000  -0.0107   0.0247    0.386
    41  16.7803  -4.4532  -0.7356   4.6522   3.3149   0.2945  -0.0021   0.0815   0.0633  -0.0005   0.0000  -0.0118   0.0225    0.437
    42  17.2999  -5.1831  -0.7037   4.1429   3.0930   0.1817  -0.0122   0.0564   0.0439  -0.0006   0.0000  -0.0135   0.0199    0.558
    43  17.8026  -6.0123  -0.6437   3.7903   3.4706   0.0826  -0.0172   0.0265   0.0218  -0.0004   0.0000  -0.0152   0.0183    0.946
    44  18.2809  -6.9353  -0.5549   3.6075   3.3775   0.0149  -0.0126   0.0050   0.0041  -0.0001   0.0000  -0.0163   0.0154  999.000
    45  18.7672  -7.8737  -0.4645   3.4215   3.2389  -0.0359  -0.0089  -0.0128  -0.0105   0.0001   0.0000  -0.0174   0.0132  999.000
    46  19.2562  -8.8172  -0.3736   3.2345   3.0619  -0.0745  -0.0067  -0.0280  -0.0230   0.0002   0.0000  -0.0187   0.0115   -0.561
    47  19.7425  -9.7556  -0.2833   3.0486   2.8543  -0.1034  -0.0060  -0.0412  -0.0339   0.0003   0.0000  -0.0202   0.0105   -0.345
    48  20.2208 -10.6786  -0.1944   2.8657   2.6239  -0.1239  -0.0061  -0.0525  -0.0433   0.0003   0.0000  -0.0219   0.0099   -0.255
    49  20.6858 -11.5760  -0.1080   2.6879   2.3787  -0.1369  -0.0067  -0.0619  -0.0510   0.0004   0.0000  -0.0237   0.0098   -0.214
    50  21.1299 -12.4328  -0.0255   2.5181   2.1010  -0.1422  -0.0069  -0.0686  -0.0565   0.0003   0.0000  -0.0249   0.0097   -0.191
    51  21.5482 -13.2400   0.0523   2.3582   1.8520  -0.1406  -0.0068  -0.0724  -0.0597   0.0002   0.0000  -0.0254   0.0095   -0.176
    52  21.9390 -13.9941   0.1249   2.2087   1.6074  -0.1342  -0.0067  -0.0738  -0.0608   0.0002   0.0000  -0.0259   0.0096   -0.176
    53  22.2979 -14.6868   0.1916   2.0715   1.3716  -0.1236  -0.0065  -0.0725  -0.0597   0.0001   0.0000  -0.0264   0.0103   -0.192
    54  22.6211 -15.3105   0.2516   1.9479   1.1479  -0.1095  -0.0061  -0.0683  -0.0563   0.0000   0.0000  -0.0267   0.0113   -0.225
    55  22.9051 -15.8583   0.3044   1.8393   0.9381  -0.0928  -0.0054  -0.0613  -0.0505  -0.0001   0.0000  -0.0262   0.0122   -0.270
    56  23.1466 -16.3244   0.3493   1.7470   0.7427  -0.0746  -0.0047  -0.0519  -0.0428  -0.0001   0.0000  -0.0234   0.0114   -0.298
    57  23.5299 -16.6722   0.3828   1.4928   0.4131  -0.0572  -0.0045  -0.1263  -0.0383  -0.0008   0.0000  -0.0174   0.0038   -0.204
    58  23.9809 -16.9098   0.4056   1.1466   0.2292  -0.0404  -0.0039  -0.1162  -0.0353  -0.0009   0.0000  -0.0176   0.0043   -0.250
    59  24.2843 -17.0696   0.4210   0.9138   0.1104  -0.0239  -0.0030  -0.0863  -0.0262  -0.0013   0.0000  -0.0157   0.0044   -0.350
    60  24.4368 -17.1499   0.4287   0.7967   0.0322  -0.0078  -0.0020  -0.0327  -0.0099  -0.0023   0.0000  -0.0074   0.0023   -0.491

  Surface # 3     horizontal_stabilizer                   
     # Chordwise = 10   # Spanwise = 30     First strip = 61
     Surface area Ssurf =   20.744605     Ave. chord Cave =    2.848571

 Forces referred to Sref, Cref, Bref about Xref, Yref, Zref
 Standard axis orientation,  X fwd, Z down         
     CLsurf  =  -0.03307     Clsurf  =   0.00325
     CYsurf  =   0.00530     Cmsurf  =   0.14988
     CDsurf  =   0.00016     Cnsurf  =  -0.00327
     CDisurf =   0.00016     CDvsurf =   0.00000

 Forces referred to Ssurf, Cave 
     CLsurf  =  -0.20162     CDsurf  =   0.00098

 Strip Forces referred to Strip Area, Chord
    j     Xle      Yle      Zle      Chord    Area     c_cl     ai     cl_norm    cl       cd       cdv    cm_c/4     cm_LE   C.P.x/c
    61  33.0230   0.0046   1.4667   4.2713   0.0803  -0.6317  -0.0213  -0.1859  -0.1450   0.0861   0.0000   0.0110   0.0402    0.326
    62  33.0469   0.0418   1.4723   4.2566   0.2392  -0.7534  -0.0218  -0.2266  -0.1768   0.0100   0.0000   0.0110   0.0463    0.312
    63  33.0943   0.1156   1.4835   4.2274   0.3930  -0.7630  -0.0224  -0.2313  -0.1804   0.0048   0.0000   0.0105   0.0466    0.308
    64  33.1649   0.2254   1.5002   4.1839   0.5386  -0.7655  -0.0227  -0.2346  -0.1829   0.0037   0.0000   0.0096   0.0463    0.302
    65  33.2578   0.3698   1.5221   4.1268   0.6730  -0.7662  -0.0229  -0.2381  -0.1857   0.0032   0.0000   0.0084   0.0459    0.295
    66  33.3719   0.5474   1.5490   4.0565   0.7936  -0.7657  -0.0228  -0.2421  -0.1888   0.0027   0.0000   0.0070   0.0454    0.287
    67  33.5097   0.7617   1.5816   3.9717   0.9441  -0.7639  -0.0222  -0.2467  -0.1924   0.0022   0.0000   0.0056   0.0450    0.279
    68  33.6704   1.0116   1.6195   3.8728   1.0344  -0.7600  -0.0210  -0.2517  -0.1963   0.0018   0.0000   0.0043   0.0447    0.272
    69  33.8488   1.2891   1.6616   3.7630   1.1046  -0.7536  -0.0192  -0.2569  -0.2003   0.0014   0.0000   0.0032   0.0445    0.266
    70  34.0430   1.5912   1.7075   3.6435   1.1542  -0.7442  -0.0170  -0.2620  -0.2043   0.0010   0.0000   0.0022   0.0445    0.261
    71  34.2510   1.9146   1.7565   3.5155   1.1831  -0.7315  -0.0147  -0.2669  -0.2082   0.0007   0.0000   0.0013   0.0446    0.256
    72  34.4703   2.2558   1.8083   3.3805   1.1921  -0.7151  -0.0129  -0.2714  -0.2117   0.0004   0.0000   0.0006   0.0447    0.253
    73  34.6987   2.6109   1.8622   3.2400   1.1821  -0.6952  -0.0120  -0.2753  -0.2147   0.0002   0.0000   0.0001   0.0449    0.250
    74  34.9335   2.9762   1.9177   3.0955   1.1548  -0.6717  -0.0118  -0.2784  -0.2171  -0.0000   0.0000  -0.0004   0.0450    0.248
    75  35.1723   3.3476   1.9740   2.9485   1.1122  -0.6451  -0.0121  -0.2807  -0.2189  -0.0002   0.0000  -0.0008   0.0450    0.246
    76  35.4124   3.7210   2.0307   2.8008   1.0564  -0.6158  -0.0127  -0.2821  -0.2200  -0.0003   0.0000  -0.0011   0.0450    0.245
    77  35.6512   4.0924   2.0871   2.6538   0.9900  -0.5843  -0.0135  -0.2825  -0.2203  -0.0004   0.0000  -0.0015   0.0447    0.243
    78  35.8861   4.4577   2.1425   2.5093   0.9155  -0.5510  -0.0144  -0.2817  -0.2197  -0.0004   0.0000  -0.0019   0.0442    0.241
    79  36.1144   4.8128   2.1964   2.3687   0.8353  -0.5164  -0.0154  -0.2797  -0.2181  -0.0005   0.0000  -0.0024   0.0435    0.239
    80  36.3338   5.1540   2.2482   2.2338   0.7518  -0.4807  -0.0165  -0.2761  -0.2154  -0.0006   0.0000  -0.0031   0.0423    0.236
    81  36.5417   5.4774   2.2973   2.1058   0.6671  -0.4442  -0.0178  -0.2706  -0.2111  -0.0006   0.0000  -0.0040   0.0407    0.231
    82  36.7359   5.7795   2.3431   1.9862   0.5830  -0.4067  -0.0191  -0.2627  -0.2049  -0.0007   0.0000  -0.0051   0.0384    0.225
    83  36.9144   6.0570   2.3852   1.8764   0.5012  -0.3681  -0.0206  -0.2517  -0.1963  -0.0008   0.0000  -0.0065   0.0355    0.217
    84  37.0750   6.3069   2.4232   1.7776   0.4225  -0.3283  -0.0220  -0.2370  -0.1848  -0.0009   0.0000  -0.0080   0.0318    0.207
    85  37.2162   6.5264   2.4565   1.6907   0.3478  -0.2870  -0.0234  -0.2179  -0.1699  -0.0011   0.0000  -0.0096   0.0274    0.194
    86  37.3480   6.7314   2.4876   1.6096   0.3326  -0.2420  -0.0246  -0.1930  -0.1505  -0.0012   0.0000  -0.0109   0.0222    0.178
    87  37.4657   6.9144   2.5154   1.5372   0.2507  -0.1914  -0.0258  -0.1598  -0.1246  -0.0013   0.0000  -0.0114   0.0164    0.159
    88  37.5551   7.0535   2.5365   1.4822   0.1746  -0.1384  -0.0267  -0.1199  -0.0935  -0.0014   0.0000  -0.0104   0.0107    0.139
    89  37.6153   7.1471   2.5508   1.4451   0.1029  -0.0838  -0.0273  -0.0744  -0.0580  -0.0013   0.0000  -0.0074   0.0058    0.123
    90  37.6455   7.1941   2.5579   1.4265   0.0340  -0.0280  -0.0276  -0.0253  -0.0197  -0.0011   0.0000  -0.0027   0.0018    0.114

  Surface # 4     horizontal_stabilizer (YDUP)            
     # Chordwise = 10   # Spanwise = 30     First strip = 91
     Surface area Ssurf =   20.744605     Ave. chord Cave =    2.848571

 Forces referred to Sref, Cref, Bref about Xref, Yref, Zref
 Standard axis orientation,  X fwd, Z down         
     CLsurf  =  -0.03307     Clsurf  =  -0.00325
     CYsurf  =  -0.00530     Cmsurf  =   0.14988
     CDsurf  =   0.00016     Cnsurf  =   0.00327
     CDisurf =   0.00016     CDvsurf =   0.00000

 Forces referred to Ssurf, Cave 
     CLsurf  =  -0.20162     CDsurf  =   0.00098

 Strip Forces referred to Strip Area, Chord
    j     Xle      Yle      Zle      Chord    Area     c_cl     ai     cl_norm    cl       cd       cdv    cm_c/4     cm_LE   C.P.x/c
    91  33.0230  -0.0046   1.4667   4.2713   0.0803  -0.6317  -0.0213  -0.1859  -0.1450   0.0861   0.0000   0.0110  -0.0402    0.326
    92  33.0469  -0.0418   1.4723   4.2566   0.2392  -0.7534  -0.0218  -0.2266  -0.1768   0.0100   0.0000   0.0110  -0.0463    0.312
    93  33.0943  -0.1156   1.4835   4.2274   0.3930  -0.7630  -0.0224  -0.2313  -0.1804   0.0048   0.0000   0.0105  -0.0466    0.308
    94  33.1649  -0.2254   1.5002   4.1839   0.5386  -0.7655  -0.0227  -0.2346  -0.1829   0.0037   0.0000   0.0096  -0.0463    0.302
    95  33.2578  -0.3698   1.5221   4.1268   0.6730  -0.7662  -0.0229  -0.2381  -0.1857   0.0032   0.0000   0.0084  -0.0459    0.295
    96  33.3719  -0.5474   1.5490   4.0565   0.7936  -0.7657  -0.0228  -0.2421  -0.1888   0.0027   0.0000   0.0070  -0.0454    0.287
    97  33.5097  -0.7617   1.5816   3.9717   0.9441  -0.7639  -0.0222  -0.2467  -0.1924   0.0022   0.0000   0.0056  -0.0450    0.279
    98  33.6704  -1.0116   1.6195   3.8728   1.0344  -0.7600  -0.0210  -0.2517  -0.1963   0.0018   0.0000   0.0043  -0.0447    0.272
    99  33.8488  -1.2891   1.6616   3.7630   1.1046  -0.7536  -0.0192  -0.2569  -0.2003   0.0014   0.0000   0.0032  -0.0445    0.266
   100  34.0430  -1.5912   1.7075   3.6435   1.1542  -0.7442  -0.0170  -0.2620  -0.2043   0.0010   0.0000   0.0022  -0.0445    0.261
   101  34.2510  -1.9146   1.7565   3.5155   1.1831  -0.7315  -0.0147  -0.2669  -0.2082   0.0007   0.0000   0.0013  -0.0446    0.256
   102  34.4703  -2.2558   1.8083   3.3805   1.1921  -0.7151  -0.0129  -0.2714  -0.2117   0.0004   0.0000   0.0006  -0.0447    0.253
   103  34.6987  -2.6109   1.8622   3.2400   1.1821  -0.6952  -0.0120  -0.2753  -0.2147   0.0002   0.0000   0.0001  -0.0449    0.250
   104  34.9335  -2.9762   1.9177   3.0955   1.1548  -0.6717  -0.0118  -0.2784  -0.2171  -0.0000   0.0000  -0.0004  -0.0450    0.248
   105  35.1723  -3.3476   1.9740   2.9485   1.1122  -0.6451  -0.0121  -0.2807  -0.2189  -0.0002   0.0000  -0.0008  -0.0450    0.246
   106  35.4124  -3.7210   2.0307   2.8008   1.0564  -0.6158  -0.0127  -0.2821  -0.2200  -0.0003   0.0000  -0.0011  -0.0450    0.245
   107  35.6512  -4.0924   2.0871   2.6538   0.9900  -0.5843  -0.0135  -0.2825  -0.2203  -0.0004   0.0000  -0.0015  -0.0447    0.243
   108  35.8861  -4.4577   2.1425   2.5093   0.9155  -0.5510  -0.0144  -0.2817  -0.2197  -0.0004   0.0000  -0.0019  -0.0442    0.241
   109  36.1144  -4.8128   2.1964   2.3687   0.8353  -0.5164  -0.0154  -0.2797  -0.2181  -0.0005   0.0000  -0.0024  -0.0435    0.239
   110  36.3338  -5.1540   2.2482   2.2338   0.7518  -0.4807  -0.0165  -0.2761  -0.2154  -0.0006   0.0000  -0.0031  -0.0423    0.236
   111  36.5417  -5.4774   2.2973   2.1058   0.6671  -0.4442  -0.0178  -0.2706  -0.2111  -0.0006   0.0000  -0.0040  -0.0407    0.231
   112  36.7359  -5.7795   2.3431   1.9862   0.5830  -0.4067  -0.0191  -0.2627  -0.2049  -0.0007   0.0000  -0.0051  -0.0384    0.225
   113  36.9144  -6.0570   2.3852   1.8764   0.5012  -0.3681  -0.0206  -0.2517  -0.1963  -0.0008   0.0000  -0.0065  -0.0355    0.217
   114  37.0750  -6.3069   2.4232   1.7776   0.4225  -0.3283  -0.0220  -0.2370  -0.1848  -0.0009   0.0000  -0.0080  -0.0318    0.207
   115  37.2162  -6.5264   2.4565   1.6907   0.3478  -0.2870  -0.0234  -0.2179  -0.1699  -0.0011   0.0000  -0.0096  -0.0274    0.194
   116  37.3480  -6.7314   2.4876   1.6096   0.3326  -0.2420  -0.0246  -0.1930  -0.1505  -0.0012   0.0000  -0.0109  -0.0222    0.178
   117  37.4657  -6.9144   2.5154   1.5372   0.2507  -0.1914  -0.0258  -0.1598  -0.1246  -0.0013   0.0000  -0.0114  -0.0164    0.159
   118  37.5551  -7.0535   2.5365   1.4822   0.1746  -0.1384  -0.0267  -0.1199  -0.0935  -0.0014   0.0000  -0.0104  -0.0107    0.139
   119  37.6153  -7.1471   2.5508   1.4451   0.1029  -0.0838  -0.0273  -0.0744  -0.0580  -0.0013   0.0000  -0.0074  -0.0058    0.123
   120  37.6455  -7.1941   2.5579   1.4265   0.0340  -0.0280  -0.0276  -0.0253  -0.0197  -0.0011   0.0000  -0.0027  -0.0018    0.114

  Surface # 5     vertical_stabilizer                     
     # Chordwise = 10   # Spanwise = 30     First strip =121
     Surface area Ssurf =   34.910363     Ave. chord Cave =    4.190920

 Forces referred to Sref, Cref, Bref about Xref, Yref, Zref
 Standard axis orientation,  X fwd, Z down         
     CLsurf  =  -0.00000     Clsurf  =   0.00000
     CYsurf  =   0.00000     Cmsurf  =   0.00000
     CDsurf  =   0.00000     Cnsurf  =  -0.00000
     CDisurf =   0.00000     CDvsurf =   0.00000

 Forces referred to Ssurf, Cave 
     CLsurf  =  -0.00000     CDsurf  =   0.00000

 Strip Forces referred to Strip Area, Chord
    j     Xle      Yle      Zle      Chord    Area     c_cl     ai     cl_norm    cl       cd       cdv    cm_c/4     cm_LE   C.P.x/c
   121  27.0137   0.0000   1.5690  10.0347   0.6931  -0.0000   0.0000  -0.0000  -0.0000   0.0000   0.0000   0.0000   0.0000    0.538
   122  27.2327   0.0000   1.6601   9.8296   1.1101  -0.0000  -0.0000  -0.0000  -0.0000   0.0000   0.0000   0.0000   0.0000    0.481
   123  27.5561   0.0000   1.7947   9.5266   1.4857  -0.0000  -0.0000  -0.0000  -0.0000   0.0000   0.0000   0.0000   0.0000    0.684
   124  27.9815   0.0000   1.9717   9.1281   1.8040  -0.0000  -0.0000  -0.0000  -0.0000   0.0000   0.0000   0.0000   0.0000    0.653
   125  28.5051   0.0000   2.1895   8.6377   2.0517  -0.0000   0.0000  -0.0000  -0.0000   0.0000   0.0000   0.0000   0.0000    0.510
   126  29.1220   0.0000   2.4462   8.0598   2.2181  -0.0000   0.0000  -0.0000  -0.0000  -0.0000   0.0000   0.0000   0.0000    0.400
   127  29.8264   0.0000   2.7392   7.4000   2.2957  -0.0000  -0.0000  -0.0000  -0.0000   0.0000   0.0000   0.0000   0.0000    0.531
   128  30.6115   0.0000   3.0659   6.6646   2.2808  -0.0000   0.0000  -0.0000  -0.0000   0.0000   0.0000   0.0000   0.0000    0.484
   129  31.4694   0.0000   3.4228   5.8609   2.1733  -0.0000   0.0000  -0.0000  -0.0000   0.0000   0.0000   0.0000   0.0000    0.494
   130  32.3918   0.0000   3.8066   4.9969   1.9773  -0.0000   0.0000  -0.0000  -0.0000   0.0000   0.0000   0.0000   0.0000    0.440
   131  33.0131   0.0000   4.1929   4.4389   1.6667  -0.0000   0.0000  -0.0000  -0.0000   0.0000   0.0000   0.0000   0.0000    0.447
   132  33.3001   0.0000   4.5764   4.2198   1.6478  -0.0000   0.0000  -0.0000  -0.0000   0.0000   0.0000   0.0000   0.0000    0.384
   133  33.5969   0.0000   4.9729   3.9932   1.6033  -0.0000  -0.0000  -0.0000  -0.0000   0.0000   0.0000   0.0000   0.0000    0.483
   134  33.9004   0.0000   5.3784   3.7615   1.5362  -0.0000  -0.0000  -0.0000  -0.0000   0.0000   0.0000   0.0000   0.0000    0.387
   135  34.2075   0.0000   5.7886   3.5271   1.4499  -0.0000   0.0000  -0.0000  -0.0000   0.0000   0.0000   0.0000   0.0000    0.383
   136  34.5150   0.0000   6.1995   3.2923   1.3482  -0.0000  -0.0000  -0.0000  -0.0000   0.0000   0.0000   0.0000   0.0000    0.377
   137  34.8197   0.0000   6.6066   3.0597   1.2352  -0.0000  -0.0000  -0.0000  -0.0000  -0.0000   0.0000   0.0000   0.0000    0.409
   138  35.1185   0.0000   7.0058   2.8315   1.1147  -0.0000   0.0000  -0.0000  -0.0000  -0.0000   0.0000   0.0000   0.0000    0.267
   139  35.4083   0.0000   7.3929   2.6103   0.9908  -0.0000  -0.0000  -0.0000  -0.0000   0.0000   0.0000   0.0000   0.0000    0.352
   140  35.6860   0.0000   7.7640   2.3983   0.8670  -0.0000  -0.0000  -0.0000  -0.0000   0.0000   0.0000   0.0000   0.0000    0.320
   141  35.9487   0.0000   8.1150   2.1977   0.7464  -0.0000   0.0000  -0.0000  -0.0000  -0.0000   0.0000   0.0000   0.0000    0.290
   142  36.1937   0.0000   8.4424   2.0106   0.6318  -0.0000   0.0000  -0.0000  -0.0000  -0.0000   0.0000   0.0000   0.0000    0.275
   143  36.4185   0.0000   8.7426   1.8390   0.5251  -0.0000   0.0000  -0.0000  -0.0000  -0.0000   0.0000   0.0000   0.0000    0.272
   144  36.6206   0.0000   9.0127   1.6847   0.4276  -0.0000   0.0000  -0.0000  -0.0000  -0.0000   0.0000  -0.0000   0.0000    0.195
   145  36.7980   0.0000   9.2496   1.5493   0.3400  -0.0000   0.0000  -0.0000  -0.0000  -0.0000   0.0000  -0.0000   0.0000    0.098
   146  36.9487   0.0000   9.4510   1.4342   0.2622  -0.0000   0.0000  -0.0000  -0.0000  -0.0000   0.0000  -0.0000   0.0000    0.122
   147  37.0713   0.0000   9.6148   1.3407   0.1933  -0.0000  -0.0000  -0.0000  -0.0000  -0.0000   0.0000  -0.0000   0.0000    0.122
   148  37.1643   0.0000   9.7391   1.2696   0.1322  -0.0000   0.0000  -0.0000  -0.0000  -0.0000   0.0000  -0.0000  -0.0000   -0.032
   149  37.2269   0.0000   9.8227   1.2218   0.0769  -0.0000  -0.0000  -0.0000  -0.0000  -0.0000   0.0000  -0.0000   0.0000    0.101
   150  37.2584   0.0000   9.8647   1.1978   0.0252  -0.0000  -0.0000  -0.0000  -0.0000  -0.0000   0.0000  -0.0000   0.0000    0.066

  Surface # 6     fuselage_horizontal                     
     # Chordwise = 10   # Spanwise = 10     First strip =151
     Surface area Ssurf =  123.841199     Ave. chord Cave =   33.112620

 Forces referred to Sref, Cref, Bref about Xref, Yref, Zref
 Standard axis orientation,  X fwd, Z down         
     CLsurf  =  -0.00970     Clsurf  =  -0.00000
     CYsurf  =   0.00000     Cmsurf  =  -0.02371
     CDsurf  =   0.00022     Cnsurf  =   0.00000
     CDisurf =   0.00022     CDvsurf =   0.00000

 Forces referred to Ssurf, Cave 
     CLsurf  =  -0.00978     CDsurf  =   0.00022

 Strip Forces referred to Strip Area, Chord
    j     Xle      Yle      Zle      Chord    Area     c_cl     ai     cl_norm    cl       cd       cdv    cm_c/4     cm_LE   C.P.x/c
   151   5.0231  -1.6830   0.0000  26.5957   9.9468  -0.2475  -0.0626  -0.1157  -0.0093   0.0001   0.0000  -0.0003   0.0003    0.213
   152   2.9203  -1.3090   0.0000  31.2096  11.6724  -0.3322  -0.0596  -0.0414  -0.0106   0.0002   0.0000  -0.0008   0.0005    0.173
   153   1.6676  -0.9350   0.0000  34.0626  12.7394  -0.3461  -0.0327  -0.0248  -0.0102   0.0002   0.0000  -0.0018   0.0003    0.077
   154   0.7666  -0.5610   0.0000  36.1620  13.5246  -0.3473  -0.0200  -0.0161  -0.0096   0.0003   0.0000  -0.0023   0.0000    0.010
   155   0.1963  -0.1870   0.0000  37.5333  14.0374  -0.3470  -0.0155  -0.0107  -0.0092   0.0003   0.0000  -0.0025  -0.0002   -0.024
   156   0.1963   0.1870   0.0000  37.5333  14.0374  -0.3470  -0.0155  -0.0107  -0.0092   0.0003   0.0000  -0.0025  -0.0002   -0.024
   157   0.7666   0.5610   0.0000  36.1620  13.5246  -0.3473  -0.0200  -0.0161  -0.0096   0.0003   0.0000  -0.0023   0.0000    0.010
   158   1.6676   0.9350   0.0000  34.0626  12.7394  -0.3461  -0.0327  -0.0248  -0.0102   0.0002   0.0000  -0.0018   0.0003    0.077
   159   2.9202   1.3090   0.0000  31.2096  11.6724  -0.3322  -0.0596  -0.0414  -0.0106   0.0002   0.0000  -0.0008   0.0005    0.173
   160   5.0231   1.6830   0.0000  26.5957   9.9468  -0.2475  -0.0626  -0.1157  -0.0093   0.0001   0.0000  -0.0003   0.0003    0.213

  Surface # 7     fuselage_vertical                       
     # Chordwise = 10   # Spanwise = 10     First strip =161
     Surface area Ssurf =  123.841199     Ave. chord Cave =   33.112620

 Forces referred to Sref, Cref, Bref about Xref, Yref, Zref
 Standard axis orientation,  X fwd, Z down         
     CLsurf  =   0.00000     Clsurf  =  -0.00000
     CYsurf  =  -0.00000     Cmsurf  =  -0.00000
     CDsurf  =   0.00000     Cnsurf  =  -0.00000
     CDisurf =   0.00000     CDvsurf =   0.00000

 Forces referred to Ssurf, Cave 
     CLsurf  =   0.00000     CDsurf  =   0.00000

 Strip Forces referred to Strip Area, Chord
    j     Xle      Yle      Zle      Chord    Area     c_cl     ai     cl_norm    cl       cd       cdv    cm_c/4     cm_LE   C.P.x/c
   161   5.0231   0.0000  -1.6830  26.5957   9.9468   0.0000  -0.0000   0.0000   0.0000   0.0000   0.0000  -0.0000  -0.0000    0.982
   162   2.9203   0.0000  -1.3090  31.2096  11.6724   0.0000  -0.0000   0.0000   0.0000   0.0000   0.0000  -0.0000  -0.0000    0.938
   163   1.6676   0.0000  -0.9350  34.0626  12.7394   0.0000   0.0000   0.0000   0.0000   0.0000   0.0000  -0.0000  -0.0000    0.753
   164   0.7666   0.0000  -0.5610  36.1620  13.5246   0.0000   0.0000   0.0000   0.0000   0.0000   0.0000  -0.0000  -0.0000    0.410
   165   0.1963   0.0000  -0.1870  37.5333  14.0374   0.0000  -0.0000   0.0000   0.0000  -0.0000   0.0000   0.0000  -0.0000    0.111
   166   0.1963   0.0000   0.1870  37.5333  14.0374   0.0000   0.0000   0.0000   0.0000   0.0000   0.0000  -0.0000  -0.0000    0.387
   167   0.7666   0.0000   0.5610  36.1620  13.5246  -0.0000  -0.0000  -0.0000  -0.0000  -0.0000   0.0000   0.0000   0.0000  999.000
   168   1.6676   0.0000   0.9350  34.0626  12.7394   0.0000   0.0000   0.0000   0.0000   0.0000   0.0000   0.0000   0.0000   -0.749
   169   2.9202   0.0000   1.3090  31.2096  11.6724   0.0000   0.0000   0.0000   0.0000   0.0000   0.0000  -0.0000  -0.0000    0.841
   170   5.0231   0.0000   1.6830  26.5957   9.9468  -0.0000  -0.0000  -0.0000  -0.0000   0.0000   0.0000   0.0000   0.0000    1.971
 ---------------------------------------------------------------
