 ---------------------------------------------------------------
 Surface and Strip Forces by surface

  Sref =  124.86       Cref =  4.4875       Bref =  34.320    
  Xref =  15.310       Yref =  0.0000       Zref =-0.48024    

  Surface # 1     main_wing                               
     # Chordwise = 10   # Spanwise = 30     First strip =  1
     Surface area Ssurf =   63.968838     Ave. chord Cave =    3.715026

 Forces referred to Sref, Cref, Bref about Xref, Yref, Zref
 Standard axis orientation,  X fwd, Z down         
     CLsurf  =   0.71830     Clsurf  =  -0.14588
     CYsurf  =  -0.03845     Cmsurf  =  -0.64554
     CDsurf  =   0.04288     Cnsurf  =  -0.02300
     CDisurf =   0.04288     CDvsurf =   0.00000

 Forces referred to Ssurf, Cave 
     CLsurf  =   1.40392     CDsurf  =   0.08369

 Strip Forces referred to Strip Area, Chord
    j     Xle      Yle      Zle      Chord    Area     c_cl     ai     cl_norm    cl       cd       cdv    cm_c/4     cm_LE   C.P.x/c
     1  13.6181   0.0114  -0.9295   7.7520   0.3539   9.3832   0.2507   1.0738   0.8334   2.2374   0.0000  -0.1128  -0.3413    0.385
     2  13.6830   0.1025  -0.9255   7.6885   1.0492   7.6983   0.2506   1.2287   0.9536   0.3568   0.0000  -0.0994  -0.2878    0.354
     3  13.8120   0.2837  -0.9176   7.5620   1.7073   7.5628   0.2495   1.2562   0.9750   0.2294   0.0000  -0.0960  -0.2848    0.348
     4  14.0037   0.5530  -0.9059   7.3741   2.3052   7.5152   0.2465   1.2869   0.9988   0.2038   0.0000  -0.0907  -0.2845    0.341
     5  14.2560   0.9075  -0.8904   7.1267   2.8223   7.4698   0.2397   1.3278   1.0305   0.1911   0.0000  -0.0840  -0.2851    0.332
     6  14.5662   1.3432  -0.8714   6.8226   3.2414   7.4040   0.2233   1.3793   1.0705   0.1777   0.0000  -0.0770  -0.2871    0.322
     7  14.9309   1.8554  -0.8490   6.4651   3.5491   7.3054   0.1873   1.4414   1.1187   0.1621   0.0000  -0.0705  -0.2911    0.313
     8  15.3460   2.4386  -0.8236   6.0582   3.7368   7.1668   0.1522   1.5149   1.1757   0.1444   0.0000  -0.0650  -0.2976    0.305
     9  15.8070   3.0862  -0.7953   5.6062   3.8005   6.9839   0.1374   1.6016   1.2430   0.1240   0.0000  -0.0608  -0.3072    0.299
    10  16.2877   3.7613  -0.7658   5.1351   3.4440   6.7656   0.1256   1.7004   1.3196   0.1030   0.0000  -0.0576  -0.3194    0.294
    11  16.7803   4.4532  -0.7356   4.6522   3.3149   6.5201   0.1102   1.8153   1.4088   0.0811   0.0000  -0.0541  -0.3340    0.288
    12  17.2999   5.1831  -0.7037   4.1429   3.0930   6.2461   0.0843   1.9619   1.5226   0.0475   0.0000  -0.0482  -0.3512    0.282
    13  17.8026   6.0123  -0.6437   3.7903   3.4706   5.9334   0.0646   1.9461   1.5836   0.0343   0.0000  -0.0300  -0.3832    0.269
    14  18.2809   6.9353  -0.5549   3.6075   3.3775   5.6902   0.0623   1.9624   1.5967   0.0284   0.0000  -0.0255  -0.3820    0.266
    15  18.7672   7.8737  -0.4645   3.4215   3.2389   5.4560   0.0568   1.9856   1.6156   0.0206   0.0000  -0.0232  -0.3839    0.264
    16  19.2562   8.8172  -0.3736   3.2345   3.0619   5.2211   0.0534   2.0117   1.6369   0.0127   0.0000  -0.0220  -0.3874    0.263
    17  19.7425   9.7556  -0.2833   3.0486   2.8543   4.9817   0.0532   2.0383   1.6585   0.0050   0.0000  -0.0216  -0.3916    0.263
    18  20.2208  10.6786  -0.1944   2.8657   2.6239   4.7365   0.0553   2.0632   1.6788  -0.0025   0.0000  -0.0214  -0.3957    0.263
    19  20.6858  11.5760  -0.1080   2.6879   2.3787   4.4846   0.0592   2.0844   1.6960  -0.0099   0.0000  -0.0208  -0.3987    0.262
    20  21.1299  12.4328  -0.0255   2.5181   2.1010   4.2264   0.0651   2.0982   1.7073  -0.0164   0.0000  -0.0185  -0.3990    0.261
    21  21.5482  13.2400   0.0523   2.3582   1.8520   3.9586   0.0733   2.0998   1.7086  -0.0220   0.0000  -0.0137  -0.3948    0.258
    22  21.9390  13.9941   0.1249   2.2087   1.6074   3.6731   0.0836   2.0816   1.6937  -0.0284   0.0000  -0.0061  -0.3845    0.254
    23  22.2979  14.6868   0.1916   2.0715   1.3716   3.3609   0.0955   2.0325   1.6538  -0.0352   0.0000   0.0047  -0.3658    0.247
    24  22.6211  15.3105   0.2516   1.9479   1.1479   3.0125   0.1080   1.9391   1.5778  -0.0415   0.0000   0.0172  -0.3374    0.239
    25  22.9051  15.8583   0.3044   1.8393   0.9381   2.6204   0.1207   1.7875   1.4544  -0.0438   0.0000   0.0258  -0.3021    0.232
    26  23.1466  16.3244   0.3493   1.7470   0.7427   2.1802   0.1336   1.5635   1.2722  -0.0276   0.0000   0.0172  -0.2694    0.236
    27  23.5299  16.6722   0.3828   1.4928   0.4131   1.7142   0.1454   3.9082   1.1944  -0.1550   0.0000   0.0078  -0.1438    0.243
    28  23.9809  16.9098   0.4056   1.1466   0.2292   1.2494   0.1574   3.7761   1.1541  -0.2617   0.0000   0.0600  -0.1127    0.198
    29  24.2843  17.0696   0.4210   0.9138   0.1104   0.7608   0.1646   2.9744   0.9090  -0.3497   0.0000   0.0992  -0.0621    0.141
    30  24.4368  17.1499   0.4287   0.7967   0.0322   0.2556   0.1684   1.2224   0.3736  -0.2634   0.0000   0.0567  -0.0156    0.098

  Surface # 2     main_wing (YDUP)                        
     # Chordwise = 10   # Spanwise = 30     First strip = 31
     Surface area Ssurf =   63.968838     Ave. chord Cave =    3.715026

 Forces referred to Sref, Cref, Bref about Xref, Yref, Zref
 Standard axis orientation,  X fwd, Z down         
     CLsurf  =   0.71830     Clsurf  =   0.14588
     CYsurf  =   0.03845     Cmsurf  =  -0.64554
     CDsurf  =   0.04288     Cnsurf  =   0.02300
     CDisurf =   0.04288     CDvsurf =   0.00000

 Forces referred to Ssurf, Cave 
     CLsurf  =   1.40392     CDsurf  =   0.08369

 Strip Forces referred to Strip Area, Chord
    j     Xle      Yle      Zle      Chord    Area     c_cl     ai     cl_norm    cl       cd       cdv    cm_c/4     cm_LE   C.P.x/c
    31  13.6181  -0.0114  -0.9295   7.7520   0.3539   9.3832   0.2507   1.0738   0.8334   2.2374   0.0000  -0.1128   0.3413    0.385
    32  13.6830  -0.1025  -0.9255   7.6885   1.0492   7.6983   0.2506   1.2287   0.9536   0.3568   0.0000  -0.0994   0.2878    0.354
    33  13.8120  -0.2837  -0.9176   7.5620   1.7073   7.5628   0.2495   1.2562   0.9750   0.2294   0.0000  -0.0960   0.2848    0.348
    34  14.0037  -0.5530  -0.9059   7.3741   2.3052   7.5152   0.2465   1.2869   0.9988   0.2038   0.0000  -0.0907   0.2845    0.341
    35  14.2560  -0.9075  -0.8904   7.1267   2.8223   7.4698   0.2397   1.3278   1.0305   0.1911   0.0000  -0.0840   0.2851    0.332
    36  14.5662  -1.3432  -0.8714   6.8226   3.2414   7.4040   0.2233   1.3793   1.0705   0.1777   0.0000  -0.0770   0.2871    0.322
    37  14.9309  -1.8554  -0.8490   6.4651   3.5491   7.3054   0.1873   1.4414   1.1187   0.1621   0.0000  -0.0705   0.2911    0.313
    38  15.3460  -2.4386  -0.8236   6.0582   3.7368   7.1668   0.1522   1.5149   1.1757   0.1444   0.0000  -0.0650   0.2976    0.305
    39  15.8070  -3.0862  -0.7953   5.6062   3.8005   6.9839   0.1374   1.6016   1.2430   0.1240   0.0000  -0.0608   0.3072    0.299
    40  16.2877  -3.7613  -0.7658   5.1351   3.4440   6.7656   0.1256   1.7004   1.3196   0.1030   0.0000  -0.0576   0.3194    0.294
    41  16.7803  -4.4532  -0.7356   4.6522   3.3149   6.5201   0.1102   1.8153   1.4088   0.0811   0.0000  -0.0541   0.3340    0.288
    42  17.2999  -5.1831  -0.7037   4.1429   3.0930   6.2461   0.0843   1.9619   1.5226   0.0475   0.0000  -0.0482   0.3512    0.282
    43  17.8026  -6.0123  -0.6437   3.7903   3.4706   5.9334   0.0646   1.9461   1.5836   0.0343   0.0000  -0.0300   0.3832    0.269
    44  18.2809  -6.9353  -0.5549   3.6075   3.3775   5.6902   0.0623   1.9624   1.5967   0.0284   0.0000  -0.0255   0.3820    0.266
    45  18.7672  -7.8737  -0.4645   3.4215   3.2389   5.4560   0.0568   1.9856   1.6156   0.0206   0.0000  -0.0232   0.3839    0.264
    46  19.2562  -8.8172  -0.3736   3.2345   3.0619   5.2211   0.0534   2.0117   1.6369   0.0127   0.0000  -0.0220   0.3874    0.263
    47  19.7425  -9.7556  -0.2833   3.0486   2.8543   4.9817   0.0532   2.0383   1.6585   0.0050   0.0000  -0.0216   0.3916    0.263
    48  20.2208 -10.6786  -0.1944   2.8657   2.6239   4.7365   0.0553   2.0632   1.6788  -0.0025   0.0000  -0.0214   0.3957    0.263
    49  20.6858 -11.5760  -0.1080   2.6879   2.3787   4.4846   0.0592   2.0844   1.6960  -0.0099   0.0000  -0.0208   0.3987    0.262
    50  21.1299 -12.4328  -0.0255   2.5181   2.1010   4.2264   0.0651   2.0982   1.7073  -0.0164   0.0000  -0.0185   0.3990    0.261
    51  21.5482 -13.2400   0.0523   2.3582   1.8520   3.9586   0.0733   2.0998   1.7086  -0.0220   0.0000  -0.0137   0.3948    0.258
    52  21.9390 -13.9941   0.1249   2.2087   1.6074   3.6731   0.0836   2.0816   1.6937  -0.0284   0.0000  -0.0061   0.3845    0.254
    53  22.2979 -14.6868   0.1916   2.0715   1.3716   3.3609   0.0955   2.0325   1.6538  -0.0352   0.0000   0.0047   0.3658    0.247
    54  22.6211 -15.3105   0.2516   1.9479   1.1479   3.0125   0.1080   1.9391   1.5778  -0.0415   0.0000   0.0172   0.3374    0.239
    55  22.9051 -15.8583   0.3044   1.8393   0.9381   2.6204   0.1207   1.7875   1.4544  -0.0438   0.0000   0.0258   0.3021    0.232
    56  23.1466 -16.3244   0.3493   1.7470   0.7427   2.1802   0.1336   1.5635   1.2722  -0.0276   0.0000   0.0172   0.2694    0.236
    57  23.5299 -16.6722   0.3828   1.4928   0.4131   1.7142   0.1454   3.9082   1.1944  -0.1550   0.0000   0.0078   0.1438    0.243
    58  23.9809 -16.9098   0.4056   1.1466   0.2292   1.2494   0.1574   3.7761   1.1541  -0.2617   0.0000   0.0600   0.1127    0.198
    59  24.2843 -17.0696   0.4210   0.9138   0.1104   0.7608   0.1646   2.9744   0.9090  -0.3497   0.0000   0.0992   0.0621    0.141
    60  24.4368 -17.1499   0.4287   0.7967   0.0322   0.2556   0.1684   1.2224   0.3736  -0.2634   0.0000   0.0567   0.0156    0.098

  Surface # 3     horizontal_stabilizer                   
     # Chordwise = 10   # Spanwise = 30     First strip = 61
     Surface area Ssurf =   20.744605     Ave. chord Cave =    2.848571

 Forces referred to Sref, Cref, Bref about Xref, Yref, Zref
 Standard axis orientation,  X fwd, Z down         
     CLsurf  =   0.07105     Clsurf  =  -0.00735
     CYsurf  =  -0.01211     Cmsurf  =  -0.32984
     CDsurf  =   0.00871     Cnsurf  =   0.00656
     CDisurf =   0.00871     CDvsurf =   0.00000

 Forces referred to Ssurf, Cave 
     CLsurf  =   0.43371     CDsurf  =   0.05244

 Strip Forces referred to Strip Area, Chord
    j     Xle      Yle      Zle      Chord    Area     c_cl     ai     cl_norm    cl       cd       cdv    cm_c/4     cm_LE   C.P.x/c
    61  33.0230   0.0046   1.4667   4.2713   0.0803   2.1140   0.1959   0.5571   0.4235   0.4472   0.0000  -0.0371  -0.1389    0.338
    62  33.0469   0.0418   1.4723   4.2566   0.2392   1.5535   0.1966   0.4672   0.3552   0.0870   0.0000  -0.0306  -0.1060    0.336
    63  33.0943   0.1156   1.4835   4.2274   0.3930   1.5095   0.1969   0.4628   0.3518   0.0610   0.0000  -0.0293  -0.1034    0.333
    64  33.1649   0.2254   1.5002   4.1839   0.5386   1.4979   0.1964   0.4652   0.3536   0.0559   0.0000  -0.0276  -0.1022    0.328
    65  33.2578   0.3698   1.5221   4.1268   0.6730   1.4925   0.1947   0.4703   0.3575   0.0546   0.0000  -0.0253  -0.1010    0.321
    66  33.3719   0.5474   1.5490   4.0565   0.7936   1.4880   0.1916   0.4774   0.3629   0.0541   0.0000  -0.0225  -0.0999    0.312
    67  33.5097   0.7617   1.5816   3.9717   0.9441   1.4825   0.1869   0.4861   0.3695   0.0536   0.0000  -0.0197  -0.0990    0.303
    68  33.6704   1.0116   1.6195   3.8728   1.0344   1.4749   0.1802   0.4963   0.3772   0.0532   0.0000  -0.0168  -0.0983    0.295
    69  33.8488   1.2891   1.6616   3.7630   1.1046   1.4652   0.1719   0.5078   0.3860   0.0530   0.0000  -0.0142  -0.0980    0.287
    70  34.0430   1.5912   1.7075   3.6435   1.1542   1.4534   0.1625   0.5205   0.3956   0.0529   0.0000  -0.0118  -0.0981    0.280
    71  34.2510   1.9146   1.7565   3.5155   1.1831   1.4397   0.1531   0.5347   0.4064   0.0529   0.0000  -0.0096  -0.0987    0.274
    72  34.4703   2.2558   1.8083   3.3805   1.1921   1.4241   0.1449   0.5504   0.4183   0.0531   0.0000  -0.0076  -0.0996    0.268
    73  34.6987   2.6109   1.8622   3.2400   1.1821   1.4068   0.1386   0.5675   0.4314   0.0534   0.0000  -0.0058  -0.1010    0.263
    74  34.9335   2.9762   1.9177   3.0955   1.1548   1.3873   0.1343   0.5862   0.4455   0.0537   0.0000  -0.0040  -0.1025    0.259
    75  35.1723   3.3476   1.9740   2.9485   1.1122   1.3654   0.1315   0.6060   0.4606   0.0540   0.0000  -0.0021  -0.1043    0.254
    76  35.4124   3.7210   2.0307   2.8008   1.0564   1.3401   0.1299   0.6265   0.4762   0.0541   0.0000  -0.0000  -0.1060    0.250
    77  35.6512   4.0924   2.0871   2.6538   0.9900   1.3106   0.1294   0.6471   0.4918   0.0541   0.0000   0.0023  -0.1074    0.245
    78  35.8861   4.4577   2.1425   2.5093   0.9155   1.2756   0.1297   0.6666   0.5067   0.0537   0.0000   0.0051  -0.1084    0.240
    79  36.1144   4.8128   2.1964   2.3687   0.8353   1.2340   0.1308   0.6836   0.5196   0.0529   0.0000   0.0084  -0.1084    0.234
    80  36.3338   5.1540   2.2482   2.2338   0.7518   1.1845   0.1325   0.6964   0.5293   0.0514   0.0000   0.0124  -0.1071    0.227
    81  36.5417   5.4774   2.2973   2.1058   0.6671   1.1258   0.1348   0.7027   0.5341   0.0492   0.0000   0.0172  -0.1041    0.218
    82  36.7359   5.7795   2.3431   1.9862   0.5830   1.0572   0.1373   0.7002   0.5322   0.0461   0.0000   0.0228  -0.0989    0.207
    83  36.9144   6.0570   2.3852   1.8764   0.5012   0.9780   0.1400   0.6864   0.5218   0.0419   0.0000   0.0288  -0.0914    0.195
    84  37.0750   6.3069   2.4232   1.7776   0.4225   0.8883   0.1425   0.6590   0.5009   0.0367   0.0000   0.0350  -0.0816    0.180
    85  37.2162   6.5264   2.4565   1.6907   0.3478   0.7884   0.1448   0.6158   0.4681   0.0303   0.0000   0.0403  -0.0698    0.164
    86  37.3480   6.7314   2.4876   1.6096   0.3326   0.6733   0.1469   0.5534   0.4206   0.0233   0.0000   0.0439  -0.0561    0.146
    87  37.4657   6.9144   2.5154   1.5372   0.2507   0.5381   0.1487   0.4643   0.3529   0.0144   0.0000   0.0440  -0.0409    0.125
    88  37.5551   7.0535   2.5365   1.4822   0.1746   0.3921   0.1501   0.3521   0.2676   0.0053   0.0000   0.0385  -0.0266    0.106
    89  37.6153   7.1471   2.5508   1.4451   0.1029   0.2383   0.1510   0.2208   0.1678  -0.0020   0.0000   0.0266  -0.0144    0.091
    90  37.6455   7.1941   2.5579   1.4265   0.0340   0.0800   0.1515   0.0770   0.0585  -0.0090   0.0000   0.0095  -0.0045    0.088

  Surface # 4     horizontal_stabilizer (YDUP)            
     # Chordwise = 10   # Spanwise = 30     First strip = 91
     Surface area Ssurf =   20.744605     Ave. chord Cave =    2.848571

 Forces referred to Sref, Cref, Bref about Xref, Yref, Zref
 Standard axis orientation,  X fwd, Z down         
     CLsurf  =   0.07105     Clsurf  =   0.00735
     CYsurf  =   0.01211     Cmsurf  =  -0.32984
     CDsurf  =   0.00871     Cnsurf  =  -0.00656
     CDisurf =   0.00871     CDvsurf =   0.00000

 Forces referred to Ssurf, Cave 
     CLsurf  =   0.43371     CDsurf  =   0.05244

 Strip Forces referred to Strip Area, Chord
    j     Xle      Yle      Zle      Chord    Area     c_cl     ai     cl_norm    cl       cd       cdv    cm_c/4     cm_LE   C.P.x/c
    91  33.0230  -0.0046   1.4667   4.2713   0.0803   2.1140   0.1959   0.5571   0.4235   0.4472   0.0000  -0.0371   0.1389    0.338
    92  33.0469  -0.0418   1.4723   4.2566   0.2392   1.5535   0.1966   0.4672   0.3552   0.0870   0.0000  -0.0306   0.1060    0.336
    93  33.0943  -0.1156   1.4835   4.2274   0.3930   1.5095   0.1969   0.4628   0.3518   0.0610   0.0000  -0.0293   0.1034    0.333
    94  33.1649  -0.2254   1.5002   4.1839   0.5386   1.4979   0.1964   0.4652   0.3536   0.0559   0.0000  -0.0276   0.1022    0.328
    95  33.2578  -0.3698   1.5221   4.1268   0.6730   1.4925   0.1947   0.4703   0.3575   0.0546   0.0000  -0.0253   0.1010    0.321
    96  33.3719  -0.5474   1.5490   4.0565   0.7936   1.4880   0.1916   0.4774   0.3629   0.0541   0.0000  -0.0225   0.0999    0.312
    97  33.5097  -0.7617   1.5816   3.9717   0.9441   1.4825   0.1869   0.4861   0.3695   0.0536   0.0000  -0.0197   0.0990    0.303
    98  33.6704  -1.0116   1.6195   3.8728   1.0344   1.4749   0.1802   0.4963   0.3772   0.0532   0.0000  -0.0168   0.0983    0.295
    99  33.8488  -1.2891   1.6616   3.7630   1.1046   1.4652   0.1719   0.5078   0.3860   0.0530   0.0000  -0.0142   0.0980    0.287
   100  34.0430  -1.5912   1.7075   3.6435   1.1542   1.4534   0.1625   0.5205   0.3956   0.0529   0.0000  -0.0118   0.0981    0.280
   101  34.2510  -1.9146   1.7565   3.5155   1.1831   1.4397   0.1531   0.5347   0.4064   0.0529   0.0000  -0.0096   0.0987    0.274
   102  34.4703  -2.2558   1.8083   3.3805   1.1921   1.4241   0.1449   0.5504   0.4183   0.0531   0.0000  -0.0076   0.0996    0.268
   103  34.6987  -2.6109   1.8622   3.2400   1.1821   1.4068   0.1386   0.5675   0.4314   0.0534   0.0000  -0.0058   0.1010    0.263
   104  34.9335  -2.9762   1.9177   3.0955   1.1548   1.3873   0.1343   0.5862   0.4455   0.0537   0.0000  -0.0040   0.1025    0.259
   105  35.1723  -3.3476   1.9740   2.9485   1.1122   1.3654   0.1315   0.6060   0.4606   0.0540   0.0000  -0.0021   0.1043    0.254
   106  35.4124  -3.7210   2.0307   2.8008   1.0564   1.3401   0.1299   0.6265   0.4762   0.0541   0.0000  -0.0000   0.1060    0.250
   107  35.6512  -4.0924   2.0871   2.6538   0.9900   1.3106   0.1294   0.6471   0.4918   0.0541   0.0000   0.0023   0.1074    0.245
   108  35.8861  -4.4577   2.1425   2.5093   0.9155   1.2756   0.1297   0.6666   0.5067   0.0537   0.0000   0.0051   0.1084    0.240
   109  36.1144  -4.8128   2.1964   2.3687   0.8353   1.2340   0.1308   0.6836   0.5196   0.0529   0.0000   0.0084   0.1084    0.234
   110  36.3338  -5.1540   2.2482   2.2338   0.7518   1.1845   0.1325   0.6964   0.5293   0.0514   0.0000   0.0124   0.1071    0.227
   111  36.5417  -5.4774   2.2973   2.1058   0.6671   1.1258   0.1348   0.7027   0.5341   0.0492   0.0000   0.0172   0.1041    0.218
   112  36.7359  -5.7795   2.3431   1.9862   0.5830   1.0572   0.1373   0.7002   0.5322   0.0461   0.0000   0.0228   0.0989    0.207
   113  36.9144  -6.0570   2.3852   1.8764   0.5012   0.9780   0.1400   0.6864   0.5218   0.0419   0.0000   0.0288   0.0914    0.195
   114  37.0750  -6.3069   2.4232   1.7776   0.4225   0.8883   0.1425   0.6590   0.5009   0.0367   0.0000   0.0350   0.0816    0.180
   115  37.2162  -6.5264   2.4565   1.6907   0.3478   0.7884   0.1448   0.6158   0.4681   0.0303   0.0000   0.0403   0.0698    0.164
   116  37.3480  -6.7314   2.4876   1.6096   0.3326   0.6733   0.1469   0.5534   0.4206   0.0233   0.0000   0.0439   0.0561    0.146
   117  37.4657  -6.9144   2.5154   1.5372   0.2507   0.5381   0.1487   0.4643   0.3529   0.0144   0.0000   0.0440   0.0409    0.125
   118  37.5551  -7.0535   2.5365   1.4822   0.1746   0.3921   0.1501   0.3521   0.2676   0.0053   0.0000   0.0385   0.0266    0.106
   119  37.6153  -7.1471   2.5508   1.4451   0.1029   0.2383   0.1510   0.2208   0.1678  -0.0020   0.0000   0.0266   0.0144    0.091
   120  37.6455  -7.1941   2.5579   1.4265   0.0340   0.0800   0.1515   0.0770   0.0585  -0.0090   0.0000   0.0095   0.0045    0.088

  Surface # 5     vertical_stabilizer                     
     # Chordwise = 10   # Spanwise = 30     First strip =121
     Surface area Ssurf =   34.910363     Ave. chord Cave =    4.190920

 Forces referred to Sref, Cref, Bref about Xref, Yref, Zref
 Standard axis orientation,  X fwd, Z down         
     CLsurf  =   0.00000     Clsurf  =  -0.00000
     CYsurf  =  -0.00000     Cmsurf  =  -0.00000
     CDsurf  =  -0.00000     Cnsurf  =   0.00000
     CDisurf =  -0.00000     CDvsurf =   0.00000

 Forces referred to Ssurf, Cave 
     CLsurf  =   0.00000     CDsurf  =  -0.00000

 Strip Forces referred to Strip Area, Chord
    j     Xle      Yle      Zle      Chord    Area     c_cl     ai     cl_norm    cl       cd       cdv    cm_c/4     cm_LE   C.P.x/c
   121  27.0137   0.0000   1.5690  10.0347   0.6931   0.0000   0.0000   0.0000   0.0000  -0.0000   0.0000   0.0000  -0.0000   -0.339
   122  27.2327   0.0000   1.6601   9.8296   1.1101   0.0000   0.0000   0.0000   0.0000  -0.0000   0.0000   0.0000  -0.0000   -0.292
   123  27.5561   0.0000   1.7947   9.5266   1.4857   0.0000   0.0000   0.0000   0.0000  -0.0000   0.0000   0.0000  -0.0000   -0.097
   124  27.9815   0.0000   1.9717   9.1281   1.8040   0.0000  -0.0000   0.0000   0.0000   0.0000   0.0000   0.0000  -0.0000    0.026
   125  28.5051   0.0000   2.1895   8.6377   2.0517   0.0000  -0.0000   0.0000   0.0000  -0.0000   0.0000   0.0000  -0.0000   -0.301
   126  29.1220   0.0000   2.4462   8.0598   2.2181   0.0000  -0.0000   0.0000   0.0000  -0.0000   0.0000   0.0000  -0.0000   -0.344
   127  29.8264   0.0000   2.7392   7.4000   2.2957   0.0000  -0.0000   0.0000   0.0000  -0.0000   0.0000   0.0000  -0.0000   -0.155
   128  30.6115   0.0000   3.0659   6.6646   2.2808   0.0000  -0.0000   0.0000   0.0000  -0.0000   0.0000   0.0000  -0.0000    0.010
   129  31.4694   0.0000   3.4228   5.8609   2.1733   0.0000  -0.0000   0.0000   0.0000   0.0000   0.0000   0.0000  -0.0000    0.216
   130  32.3918   0.0000   3.8066   4.9969   1.9773   0.0000  -0.0000   0.0000   0.0000  -0.0000   0.0000  -0.0000  -0.0000    0.290
   131  33.0131   0.0000   4.1929   4.4389   1.6667   0.0000  -0.0000   0.0000   0.0000  -0.0000   0.0000   0.0000  -0.0000    0.199
   132  33.3001   0.0000   4.5764   4.2198   1.6478   0.0000  -0.0000   0.0000   0.0000  -0.0000   0.0000  -0.0000  -0.0000    0.321
   133  33.5969   0.0000   4.9729   3.9932   1.6033   0.0000  -0.0000   0.0000   0.0000  -0.0000   0.0000   0.0000  -0.0000    0.232
   134  33.9004   0.0000   5.3784   3.7615   1.5362   0.0000  -0.0000   0.0000   0.0000  -0.0000   0.0000   0.0000  -0.0000    0.094
   135  34.2075   0.0000   5.7886   3.5271   1.4499   0.0000  -0.0000   0.0000   0.0000  -0.0000   0.0000   0.0000  -0.0000    0.217
   136  34.5150   0.0000   6.1995   3.2923   1.3482   0.0000  -0.0000   0.0000   0.0000  -0.0000   0.0000  -0.0000  -0.0000    0.323
   137  34.8197   0.0000   6.6066   3.0597   1.2352   0.0000  -0.0000   0.0000   0.0000  -0.0000   0.0000  -0.0000  -0.0000    0.383
   138  35.1185   0.0000   7.0058   2.8315   1.1147   0.0000  -0.0000   0.0000   0.0000  -0.0000   0.0000  -0.0000  -0.0000    0.469
   139  35.4083   0.0000   7.3929   2.6103   0.9908   0.0000  -0.0000   0.0000   0.0000   0.0000   0.0000  -0.0000  -0.0000    0.351
   140  35.6860   0.0000   7.7640   2.3983   0.8670   0.0000  -0.0000   0.0000   0.0000   0.0000   0.0000  -0.0000  -0.0000    0.438
   141  35.9487   0.0000   8.1150   2.1977   0.7464   0.0000   0.0000   0.0000   0.0000  -0.0000   0.0000  -0.0000  -0.0000    0.344
   142  36.1937   0.0000   8.4424   2.0106   0.6318   0.0000  -0.0000   0.0000   0.0000  -0.0000   0.0000  -0.0000  -0.0000    0.311
   143  36.4185   0.0000   8.7426   1.8390   0.5251   0.0000  -0.0000   0.0000   0.0000  -0.0000   0.0000  -0.0000  -0.0000    0.260
   144  36.6206   0.0000   9.0127   1.6847   0.4276   0.0000  -0.0000   0.0000   0.0000   0.0000   0.0000  -0.0000  -0.0000    0.317
   145  36.7980   0.0000   9.2496   1.5493   0.3400   0.0000  -0.0000   0.0000   0.0000  -0.0000   0.0000  -0.0000  -0.0000    0.379
   146  36.9487   0.0000   9.4510   1.4342   0.2622   0.0000  -0.0000   0.0000   0.0000  -0.0000   0.0000  -0.0000  -0.0000    0.257
   147  37.0713   0.0000   9.6148   1.3407   0.1933   0.0000  -0.0000   0.0000   0.0000  -0.0000   0.0000   0.0000  -0.0000   -0.021
   148  37.1643   0.0000   9.7391   1.2696   0.1322   0.0000  -0.0000   0.0000   0.0000  -0.0000   0.0000   0.0000  -0.0000    0.071
   149  37.2269   0.0000   9.8227   1.2218   0.0769   0.0000   0.0000   0.0000   0.0000  -0.0000   0.0000  -0.0000  -0.0000    0.250
   150  37.2584   0.0000   9.8647   1.1978   0.0252   0.0000  -0.0000   0.0000   0.0000  -0.0000   0.0000   0.0000  -0.0000    0.034

  Surface # 6     fuselage_horizontal                     
     # Chordwise = 10   # Spanwise = 10     First strip =151
     Surface area Ssurf =  123.841199     Ave. chord Cave =   33.112620

 Forces referred to Sref, Cref, Bref about Xref, Yref, Zref
 Standard axis orientation,  X fwd, Z down         
     CLsurf  =   0.01609     Clsurf  =   0.00000
     CYsurf  =   0.00000     Cmsurf  =   0.08303
     CDsurf  =  -0.00004     Cnsurf  =  -0.00000
     CDisurf =  -0.00004     CDvsurf =   0.00000

 Forces referred to Ssurf, Cave 
     CLsurf  =   0.01622     CDsurf  =  -0.00004

 Strip Forces referred to Strip Area, Chord
    j     Xle      Yle      Zle      Chord    Area     c_cl     ai     cl_norm    cl       cd       cdv    cm_c/4     cm_LE   C.P.x/c
   151   5.0231  -1.6830   0.0000  26.5957   9.9468   0.3715   0.2808   0.1431   0.0153  -0.0064   0.0000   0.0054   0.0003   -0.102
   152   2.9203  -1.3090   0.0000  31.2096  11.6724   0.5245   0.3022   0.0624   0.0174  -0.0019   0.0000   0.0071   0.0007   -0.160
   153   1.6676  -0.9350   0.0000  34.0626  12.7394   0.5586   0.2683   0.0389   0.0166   0.0002   0.0000   0.0092   0.0017   -0.305
   154   0.7666  -0.5610   0.0000  36.1620  13.5246   0.5848   0.2597   0.0266   0.0161   0.0017   0.0000   0.0101   0.0027   -0.375
   155   0.1963  -0.1870   0.0000  37.5333  14.0374   0.6037   0.2609   0.0180   0.0156   0.0042   0.0000   0.0103   0.0043   -0.409
   156   0.1963   0.1870   0.0000  37.5333  14.0374   0.6037   0.2609   0.0180   0.0156   0.0042   0.0000   0.0103   0.0043   -0.409
   157   0.7666   0.5610   0.0000  36.1620  13.5246   0.5848   0.2597   0.0266   0.0161   0.0017   0.0000   0.0101   0.0027   -0.375
   158   1.6676   0.9350   0.0000  34.0626  12.7394   0.5586   0.2683   0.0389   0.0166   0.0002   0.0000   0.0092   0.0017   -0.305
   159   2.9202   1.3090   0.0000  31.2096  11.6724   0.5245   0.3022   0.0624   0.0174  -0.0019   0.0000   0.0071   0.0007   -0.160
   160   5.0231   1.6830   0.0000  26.5957   9.9468   0.3715   0.2808   0.1431   0.0153  -0.0064   0.0000   0.0054   0.0003   -0.102

  Surface # 7     fuselage_vertical                       
     # Chordwise = 10   # Spanwise = 10     First strip =161
     Surface area Ssurf =  123.841199     Ave. chord Cave =   33.112620

 Forces referred to Sref, Cref, Bref about Xref, Yref, Zref
 Standard axis orientation,  X fwd, Z down         
     CLsurf  =   0.00000     Clsurf  =   0.00000
     CYsurf  =  -0.00000     Cmsurf  =  -0.00000
     CDsurf  =   0.00000     Cnsurf  =   0.00000
     CDisurf =   0.00000     CDvsurf =   0.00000

 Forces referred to Ssurf, Cave 
     CLsurf  =   0.00000     CDsurf  =   0.00000

 Strip Forces referred to Strip Area, Chord
    j     Xle      Yle      Zle      Chord    Area     c_cl     ai     cl_norm    cl       cd       cdv    cm_c/4     cm_LE   C.P.x/c
   161   5.0231   0.0000  -1.6830  26.5957   9.9468  -0.0000   0.0000  -0.0000  -0.0000   0.0000   0.0000  -0.0000  -0.0000  999.000
   162   2.9203   0.0000  -1.3090  31.2096  11.6724   0.0000   0.0000   0.0000   0.0000   0.0000   0.0000   0.0000   0.0000  999.000
   163   1.6676   0.0000  -0.9350  34.0626  12.7394   0.0000   0.0000   0.0000   0.0000   0.0000   0.0000   0.0000   0.0000   -0.190
   164   0.7666   0.0000  -0.5610  36.1620  13.5246   0.0000  -0.0000   0.0000   0.0000   0.0000   0.0000   0.0000   0.0000    0.165
   165   0.1963   0.0000  -0.1870  37.5333  14.0374   0.0000   0.0000   0.0000   0.0000  -0.0000   0.0000  -0.0000  -0.0000    0.400
   166   0.1963   0.0000   0.1870  37.5333  14.0374   0.0000  -0.0000   0.0000   0.0000  -0.0000   0.0000  -0.0000  -0.0000    0.629
   167   0.7666   0.0000   0.5610  36.1620  13.5246   0.0000  -0.0000   0.0000   0.0000   0.0000   0.0000  -0.0000  -0.0000    0.674
   168   1.6676   0.0000   0.9350  34.0626  12.7394   0.0000  -0.0000   0.0000   0.0000   0.0000   0.0000  -0.0000  -0.0000    0.780
   169   2.9202   0.0000   1.3090  31.2096  11.6724   0.0000  -0.0000   0.0000   0.0000   0.0000   0.0000  -0.0000  -0.0000    0.741
   170   5.0231   0.0000   1.6830  26.5957   9.9468   0.0000   0.0000   0.0000   0.0000   0.0000   0.0000  -0.0000  -0.0000    0.799
 ---------------------------------------------------------------
