 ---------------------------------------------------------------
 Surface and Strip Forces by surface

  Sref =  124.86       Cref =  4.4875       Bref =  34.320    
  Xref =  15.310       Yref =  0.0000       Zref =-0.48024    

  Surface # 1     main_wing                               
     # Chordwise = 10   # Spanwise = 30     First strip =  1
     Surface area Ssurf =   63.968838     Ave. chord Cave =    3.715026

 Forces referred to Sref, Cref, Bref about Xref, Yref, Zref
 Standard axis orientation,  X fwd, Z down         
     CLsurf  =   0.49594     Clsurf  =  -0.09715
     CYsurf  =  -0.02235     Cmsurf  =  -0.42116
     CDsurf  =   0.02092     Cnsurf  =  -0.01516
     CDisurf =   0.02092     CDvsurf =   0.00000

 Forces referred to Ssurf, Cave 
     CLsurf  =   0.96876     CDsurf  =   0.04084

 Strip Forces referred to Strip Area, Chord
    j     Xle      Yle      Zle      Chord    Area     c_cl     ai     cl_norm    cl       cd       cdv    cm_c/4     cm_LE   C.P.x/c
     1  13.6181   0.0114  -0.9295   7.7520   0.3539   6.2995   0.2263   0.8519   0.6612   0.9267   0.0000  -0.0423  -0.2022    0.314
     2  13.6830   0.1025  -0.9255   7.6885   1.0492   5.6656   0.2261   0.9224   0.7159   0.1830   0.0000  -0.0425  -0.1870    0.309
     3  13.8120   0.2837  -0.9176   7.5620   1.7073   5.6130   0.2247   0.9400   0.7295   0.1367   0.0000  -0.0396  -0.1858    0.304
     4  14.0037   0.5530  -0.9059   7.3741   2.3052   5.5849   0.2216   0.9632   0.7476   0.1214   0.0000  -0.0350  -0.1852    0.297
     5  14.2560   0.9075  -0.8904   7.1267   2.8223   5.5452   0.2144   0.9932   0.7708   0.1088   0.0000  -0.0301  -0.1855    0.289
     6  14.5662   1.3432  -0.8714   6.8226   3.2414   5.4810   0.1972   1.0291   0.7987   0.0965   0.0000  -0.0255  -0.1870    0.282
     7  14.9309   1.8554  -0.8490   6.4651   3.5491   5.3839   0.1602   1.0704   0.8307   0.0841   0.0000  -0.0218  -0.1901    0.276
     8  15.3460   2.4386  -0.8236   6.0582   3.7368   5.2472   0.1240   1.1170   0.8669   0.0713   0.0000  -0.0193  -0.1950    0.272
     9  15.8070   3.0862  -0.7953   5.6062   3.8005   5.0674   0.1085   1.1696   0.9077   0.0572   0.0000  -0.0180  -0.2017    0.270
    10  16.2877   3.7613  -0.7658   5.1351   3.4440   4.8543   0.0962   1.2270   0.9522   0.0434   0.0000  -0.0175  -0.2099    0.268
    11  16.7803   4.4532  -0.7356   4.6522   3.3149   4.6173   0.0805   1.2919   1.0026   0.0296   0.0000  -0.0173  -0.2195    0.267
    12  17.2999   5.1831  -0.7037   4.1429   3.0930   4.3580   0.0555   1.3743   1.0666   0.0091   0.0000  -0.0163  -0.2310    0.265
    13  17.8026   6.0123  -0.6437   3.7903   3.4706   4.0772   0.0381   1.3422   1.0921   0.0010   0.0000  -0.0091  -0.2532    0.258
    14  18.2809   6.9353  -0.5549   3.6075   3.3775   3.8596   0.0345   1.3347   1.0860   0.0024   0.0000  -0.0094  -0.2522    0.259
    15  18.7672   7.8737  -0.4645   3.4215   3.2389   3.6577   0.0285   1.3338   1.0853   0.0015   0.0000  -0.0099  -0.2524    0.259
    16  19.2562   8.8172  -0.3736   3.2345   3.0619   3.4626   0.0244   1.3360   1.0871   0.0000   0.0000  -0.0106  -0.2534    0.260
    17  19.7425   9.7556  -0.2833   3.0486   2.8543   3.2710   0.0232   1.3394   1.0898  -0.0016   0.0000  -0.0114  -0.2547    0.260
    18  20.2208  10.6786  -0.1944   2.8657   2.6239   3.0817   0.0238   1.3427   1.0926  -0.0032   0.0000  -0.0123  -0.2560    0.261
    19  20.6858  11.5760  -0.1080   2.6879   2.3787   2.8946   0.0256   1.3450   1.0944  -0.0049   0.0000  -0.0132  -0.2572    0.262
    20  21.1299  12.4328  -0.0255   2.5181   2.1010   2.7112   0.0290   1.3450   1.0944  -0.0059   0.0000  -0.0133  -0.2572    0.262
    21  21.5482  13.2400   0.0523   2.3582   1.8520   2.5304   0.0342   1.3405   1.0907  -0.0061   0.0000  -0.0125  -0.2556    0.261
    22  21.9390  13.9941   0.1249   2.2087   1.6074   2.3477   0.0415   1.3278   1.0804  -0.0061   0.0000  -0.0108  -0.2518    0.260
    23  22.2979  14.6868   0.1916   2.0715   1.3716   2.1577   0.0515   1.3011   1.0587  -0.0057   0.0000  -0.0080  -0.2445    0.258
    24  22.6211  15.3105   0.2516   1.9479   1.1479   1.9519   0.0642   1.2515   1.0184  -0.0045   0.0000  -0.0038  -0.2318    0.254
    25  22.9051  15.8583   0.3044   1.8393   0.9381   1.7193   0.0786   1.1668   0.9494  -0.0013   0.0000   0.0005  -0.2127    0.249
    26  23.1466  16.3244   0.3493   1.7470   0.7427   1.4502   0.0930   1.0337   0.8411   0.0103   0.0000  -0.0018  -0.1909    0.252
    27  23.5299  16.6722   0.3828   1.4928   0.4131   1.1553   0.1074   2.5931   0.7925  -0.0356   0.0000  -0.0053  -0.1017    0.257
    28  23.9809  16.9098   0.4056   1.1466   0.2292   0.8551   0.1265   2.5285   0.7728  -0.0849   0.0000   0.0245  -0.0846    0.218
    29  24.2843  17.0696   0.4210   0.9138   0.1104   0.5277   0.1416   1.9918   0.6087  -0.1228   0.0000   0.0522  -0.0506    0.164
    30  24.4368  17.1499   0.4287   0.7967   0.0322   0.1786   0.1500   0.8005   0.2447  -0.0937   0.0000   0.0330  -0.0139    0.115

  Surface # 2     main_wing (YDUP)                        
     # Chordwise = 10   # Spanwise = 30     First strip = 31
     Surface area Ssurf =   63.968838     Ave. chord Cave =    3.715026

 Forces referred to Sref, Cref, Bref about Xref, Yref, Zref
 Standard axis orientation,  X fwd, Z down         
     CLsurf  =   0.49594     Clsurf  =   0.09715
     CYsurf  =   0.02235     Cmsurf  =  -0.42116
     CDsurf  =   0.02092     Cnsurf  =   0.01516
     CDisurf =   0.02092     CDvsurf =   0.00000

 Forces referred to Ssurf, Cave 
     CLsurf  =   0.96876     CDsurf  =   0.04084

 Strip Forces referred to Strip Area, Chord
    j     Xle      Yle      Zle      Chord    Area     c_cl     ai     cl_norm    cl       cd       cdv    cm_c/4     cm_LE   C.P.x/c
    31  13.6181  -0.0114  -0.9295   7.7520   0.3539   6.2995   0.2263   0.8519   0.6612   0.9267   0.0000  -0.0423   0.2022    0.314
    32  13.6830  -0.1025  -0.9255   7.6885   1.0492   5.6656   0.2261   0.9224   0.7159   0.1830   0.0000  -0.0425   0.1870    0.309
    33  13.8120  -0.2837  -0.9176   7.5620   1.7073   5.6130   0.2247   0.9400   0.7295   0.1367   0.0000  -0.0396   0.1858    0.304
    34  14.0037  -0.5530  -0.9059   7.3741   2.3052   5.5849   0.2216   0.9632   0.7476   0.1214   0.0000  -0.0350   0.1852    0.297
    35  14.2560  -0.9075  -0.8904   7.1267   2.8223   5.5452   0.2144   0.9932   0.7708   0.1088   0.0000  -0.0301   0.1855    0.289
    36  14.5662  -1.3432  -0.8714   6.8226   3.2414   5.4810   0.1972   1.0291   0.7987   0.0965   0.0000  -0.0255   0.1870    0.282
    37  14.9309  -1.8554  -0.8490   6.4651   3.5491   5.3839   0.1602   1.0704   0.8307   0.0841   0.0000  -0.0218   0.1901    0.276
    38  15.3460  -2.4386  -0.8236   6.0582   3.7368   5.2472   0.1240   1.1170   0.8669   0.0713   0.0000  -0.0193   0.1950    0.272
    39  15.8070  -3.0862  -0.7953   5.6062   3.8005   5.0674   0.1085   1.1696   0.9077   0.0572   0.0000  -0.0180   0.2017    0.270
    40  16.2877  -3.7613  -0.7658   5.1351   3.4440   4.8543   0.0962   1.2270   0.9522   0.0434   0.0000  -0.0175   0.2099    0.268
    41  16.7803  -4.4532  -0.7356   4.6522   3.3149   4.6173   0.0805   1.2919   1.0026   0.0296   0.0000  -0.0173   0.2195    0.267
    42  17.2999  -5.1831  -0.7037   4.1429   3.0930   4.3580   0.0555   1.3743   1.0666   0.0091   0.0000  -0.0163   0.2310    0.265
    43  17.8026  -6.0123  -0.6437   3.7903   3.4706   4.0772   0.0381   1.3422   1.0921   0.0010   0.0000  -0.0091   0.2532    0.258
    44  18.2809  -6.9353  -0.5549   3.6075   3.3775   3.8596   0.0345   1.3347   1.0860   0.0024   0.0000  -0.0094   0.2522    0.259
    45  18.7672  -7.8737  -0.4645   3.4215   3.2389   3.6577   0.0285   1.3338   1.0853   0.0015   0.0000  -0.0099   0.2524    0.259
    46  19.2562  -8.8172  -0.3736   3.2345   3.0619   3.4626   0.0244   1.3360   1.0871   0.0000   0.0000  -0.0106   0.2534    0.260
    47  19.7425  -9.7556  -0.2833   3.0486   2.8543   3.2710   0.0232   1.3394   1.0898  -0.0016   0.0000  -0.0114   0.2547    0.260
    48  20.2208 -10.6786  -0.1944   2.8657   2.6239   3.0817   0.0238   1.3427   1.0926  -0.0032   0.0000  -0.0123   0.2560    0.261
    49  20.6858 -11.5760  -0.1080   2.6879   2.3787   2.8946   0.0256   1.3450   1.0944  -0.0049   0.0000  -0.0132   0.2572    0.262
    50  21.1299 -12.4328  -0.0255   2.5181   2.1010   2.7112   0.0290   1.3450   1.0944  -0.0059   0.0000  -0.0133   0.2572    0.262
    51  21.5482 -13.2400   0.0523   2.3582   1.8520   2.5304   0.0342   1.3405   1.0907  -0.0061   0.0000  -0.0125   0.2556    0.261
    52  21.9390 -13.9941   0.1249   2.2087   1.6074   2.3477   0.0415   1.3278   1.0804  -0.0061   0.0000  -0.0108   0.2518    0.260
    53  22.2979 -14.6868   0.1916   2.0715   1.3716   2.1577   0.0515   1.3011   1.0587  -0.0057   0.0000  -0.0080   0.2445    0.258
    54  22.6211 -15.3105   0.2516   1.9479   1.1479   1.9519   0.0642   1.2515   1.0184  -0.0045   0.0000  -0.0038   0.2318    0.254
    55  22.9051 -15.8583   0.3044   1.8393   0.9381   1.7193   0.0786   1.1668   0.9494  -0.0013   0.0000   0.0005   0.2127    0.249
    56  23.1466 -16.3244   0.3493   1.7470   0.7427   1.4502   0.0930   1.0337   0.8411   0.0103   0.0000  -0.0018   0.1909    0.252
    57  23.5299 -16.6722   0.3828   1.4928   0.4131   1.1553   0.1074   2.5931   0.7925  -0.0356   0.0000  -0.0053   0.1017    0.257
    58  23.9809 -16.9098   0.4056   1.1466   0.2292   0.8551   0.1265   2.5285   0.7728  -0.0849   0.0000   0.0245   0.0846    0.218
    59  24.2843 -17.0696   0.4210   0.9138   0.1104   0.5277   0.1416   1.9918   0.6087  -0.1228   0.0000   0.0522   0.0506    0.164
    60  24.4368 -17.1499   0.4287   0.7967   0.0322   0.1786   0.1500   0.8005   0.2447  -0.0937   0.0000   0.0330   0.0139    0.115

  Surface # 3     horizontal_stabilizer                   
     # Chordwise = 10   # Spanwise = 30     First strip = 61
     Surface area Ssurf =   20.744605     Ave. chord Cave =    2.848571

 Forces referred to Sref, Cref, Bref about Xref, Yref, Zref
 Standard axis orientation,  X fwd, Z down         
     CLsurf  =   0.06373     Clsurf  =  -0.00655
     CYsurf  =  -0.01002     Cmsurf  =  -0.29508
     CDsurf  =   0.00647     Cnsurf  =   0.00529
     CDisurf =   0.00647     CDvsurf =   0.00000

 Forces referred to Ssurf, Cave 
     CLsurf  =   0.38827     CDsurf  =   0.03897

 Strip Forces referred to Strip Area, Chord
    j     Xle      Yle      Zle      Chord    Area     c_cl     ai     cl_norm    cl       cd       cdv    cm_c/4     cm_LE   C.P.x/c
    61  33.0230   0.0046   1.4667   4.2713   0.0803   1.6408   0.1680   0.4549   0.3458   0.2502   0.0000  -0.0161  -0.0977    0.297
    62  33.0469   0.0418   1.4723   4.2566   0.2392   1.3479   0.1686   0.4092   0.3111   0.0589   0.0000  -0.0163  -0.0835    0.302
    63  33.0943   0.1156   1.4835   4.2274   0.3930   1.3258   0.1689   0.4081   0.3102   0.0465   0.0000  -0.0153  -0.0821    0.299
    64  33.1649   0.2254   1.5002   4.1839   0.5386   1.3203   0.1683   0.4113   0.3127   0.0438   0.0000  -0.0137  -0.0812    0.294
    65  33.2578   0.3698   1.5221   4.1268   0.6730   1.3177   0.1668   0.4166   0.3167   0.0424   0.0000  -0.0116  -0.0804    0.287
    66  33.3719   0.5474   1.5490   4.0565   0.7936   1.3151   0.1639   0.4234   0.3218   0.0414   0.0000  -0.0095  -0.0797    0.280
    67  33.5097   0.7617   1.5816   3.9717   0.9441   1.3117   0.1594   0.4317   0.3281   0.0406   0.0000  -0.0075  -0.0794    0.273
    68  33.6704   1.0116   1.6195   3.8728   1.0344   1.3066   0.1530   0.4414   0.3355   0.0400   0.0000  -0.0057  -0.0794    0.267
    69  33.8488   1.2891   1.6616   3.7630   1.1046   1.2999   0.1449   0.4522   0.3437   0.0396   0.0000  -0.0041  -0.0799    0.262
    70  34.0430   1.5912   1.7075   3.6435   1.1542   1.2912   0.1357   0.4642   0.3528   0.0394   0.0000  -0.0028  -0.0809    0.258
    71  34.2510   1.9146   1.7565   3.5155   1.1831   1.2806   0.1264   0.4774   0.3629   0.0394   0.0000  -0.0018  -0.0822    0.255
    72  34.4703   2.2558   1.8083   3.3805   1.1921   1.2681   0.1182   0.4919   0.3739   0.0394   0.0000  -0.0009  -0.0838    0.252
    73  34.6987   2.6109   1.8622   3.2400   1.1821   1.2535   0.1119   0.5076   0.3858   0.0395   0.0000  -0.0002  -0.0858    0.250
    74  34.9335   2.9762   1.9177   3.0955   1.1548   1.2366   0.1072   0.5244   0.3986   0.0396   0.0000   0.0006  -0.0880    0.249
    75  35.1723   3.3476   1.9740   2.9485   1.1122   1.2171   0.1041   0.5421   0.4121   0.0396   0.0000   0.0013  -0.0903    0.247
    76  35.4124   3.7210   2.0307   2.8008   1.0564   1.1943   0.1020   0.5604   0.4259   0.0396   0.0000   0.0020  -0.0927    0.245
    77  35.6512   4.0924   2.0871   2.6538   0.9900   1.1677   0.1008   0.5786   0.4398   0.0394   0.0000   0.0029  -0.0950    0.243
    78  35.8861   4.4577   2.1425   2.5093   0.9155   1.1365   0.1004   0.5959   0.4530   0.0390   0.0000   0.0039  -0.0970    0.241
    79  36.1144   4.8128   2.1964   2.3687   0.8353   1.1001   0.1008   0.6114   0.4647   0.0384   0.0000   0.0051  -0.0985    0.239
    80  36.3338   5.1540   2.2482   2.2338   0.7518   1.0576   0.1022   0.6237   0.4741   0.0374   0.0000   0.0067  -0.0993    0.236
    81  36.5417   5.4774   2.2973   2.1058   0.6671   1.0082   0.1045   0.6311   0.4797   0.0362   0.0000   0.0087  -0.0988    0.232
    82  36.7359   5.7795   2.3431   1.9862   0.5830   0.9511   0.1077   0.6316   0.4801   0.0345   0.0000   0.0112  -0.0967    0.227
    83  36.9144   6.0570   2.3852   1.8764   0.5012   0.8855   0.1118   0.6229   0.4734   0.0323   0.0000   0.0143  -0.0926    0.220
    84  37.0750   6.3069   2.4232   1.7776   0.4225   0.8106   0.1164   0.6023   0.4578   0.0294   0.0000   0.0180  -0.0860    0.211
    85  37.2162   6.5264   2.4565   1.6907   0.3478   0.7257   0.1213   0.5673   0.4312   0.0259   0.0000   0.0220  -0.0767    0.199
    86  37.3480   6.7314   2.4876   1.6096   0.3326   0.6255   0.1263   0.5141   0.3907   0.0217   0.0000   0.0258  -0.0646    0.184
    87  37.4657   6.9144   2.5154   1.5372   0.2507   0.5045   0.1311   0.4347   0.3303   0.0162   0.0000   0.0281  -0.0493    0.165
    88  37.5551   7.0535   2.5365   1.4822   0.1746   0.3703   0.1349   0.3314   0.2519   0.0101   0.0000   0.0265  -0.0333    0.145
    89  37.6153   7.1471   2.5508   1.4451   0.1029   0.2263   0.1376   0.2082   0.1583   0.0043   0.0000   0.0195  -0.0185    0.127
    90  37.6455   7.1941   2.5579   1.4265   0.0340   0.0762   0.1391   0.0717   0.0545  -0.0017   0.0000   0.0072  -0.0058    0.118

  Surface # 4     horizontal_stabilizer (YDUP)            
     # Chordwise = 10   # Spanwise = 30     First strip = 91
     Surface area Ssurf =   20.744605     Ave. chord Cave =    2.848571

 Forces referred to Sref, Cref, Bref about Xref, Yref, Zref
 Standard axis orientation,  X fwd, Z down         
     CLsurf  =   0.06373     Clsurf  =   0.00655
     CYsurf  =   0.01002     Cmsurf  =  -0.29508
     CDsurf  =   0.00647     Cnsurf  =  -0.00529
     CDisurf =   0.00647     CDvsurf =   0.00000

 Forces referred to Ssurf, Cave 
     CLsurf  =   0.38827     CDsurf  =   0.03897

 Strip Forces referred to Strip Area, Chord
    j     Xle      Yle      Zle      Chord    Area     c_cl     ai     cl_norm    cl       cd       cdv    cm_c/4     cm_LE   C.P.x/c
    91  33.0230  -0.0046   1.4667   4.2713   0.0803   1.6408   0.1680   0.4549   0.3458   0.2502   0.0000  -0.0161   0.0977    0.297
    92  33.0469  -0.0418   1.4723   4.2566   0.2392   1.3479   0.1686   0.4092   0.3111   0.0589   0.0000  -0.0163   0.0835    0.302
    93  33.0943  -0.1156   1.4835   4.2274   0.3930   1.3258   0.1689   0.4081   0.3102   0.0465   0.0000  -0.0153   0.0821    0.299
    94  33.1649  -0.2254   1.5002   4.1839   0.5386   1.3203   0.1683   0.4113   0.3127   0.0438   0.0000  -0.0137   0.0812    0.294
    95  33.2578  -0.3698   1.5221   4.1268   0.6730   1.3177   0.1668   0.4166   0.3167   0.0424   0.0000  -0.0116   0.0804    0.287
    96  33.3719  -0.5474   1.5490   4.0565   0.7936   1.3151   0.1639   0.4234   0.3218   0.0414   0.0000  -0.0095   0.0797    0.280
    97  33.5097  -0.7617   1.5816   3.9717   0.9441   1.3117   0.1594   0.4317   0.3281   0.0406   0.0000  -0.0075   0.0794    0.273
    98  33.6704  -1.0116   1.6195   3.8728   1.0344   1.3066   0.1530   0.4414   0.3355   0.0400   0.0000  -0.0057   0.0794    0.267
    99  33.8488  -1.2891   1.6616   3.7630   1.1046   1.2999   0.1449   0.4522   0.3437   0.0396   0.0000  -0.0041   0.0799    0.262
   100  34.0430  -1.5912   1.7075   3.6435   1.1542   1.2912   0.1357   0.4642   0.3528   0.0394   0.0000  -0.0028   0.0809    0.258
   101  34.2510  -1.9146   1.7565   3.5155   1.1831   1.2806   0.1264   0.4774   0.3629   0.0394   0.0000  -0.0018   0.0822    0.255
   102  34.4703  -2.2558   1.8083   3.3805   1.1921   1.2681   0.1182   0.4919   0.3739   0.0394   0.0000  -0.0009   0.0838    0.252
   103  34.6987  -2.6109   1.8622   3.2400   1.1821   1.2535   0.1119   0.5076   0.3858   0.0395   0.0000  -0.0002   0.0858    0.250
   104  34.9335  -2.9762   1.9177   3.0955   1.1548   1.2366   0.1072   0.5244   0.3986   0.0396   0.0000   0.0006   0.0880    0.249
   105  35.1723  -3.3476   1.9740   2.9485   1.1122   1.2171   0.1041   0.5421   0.4121   0.0396   0.0000   0.0013   0.0903    0.247
   106  35.4124  -3.7210   2.0307   2.8008   1.0564   1.1943   0.1020   0.5604   0.4259   0.0396   0.0000   0.0020   0.0927    0.245
   107  35.6512  -4.0924   2.0871   2.6538   0.9900   1.1677   0.1008   0.5786   0.4398   0.0394   0.0000   0.0029   0.0950    0.243
   108  35.8861  -4.4577   2.1425   2.5093   0.9155   1.1365   0.1004   0.5959   0.4530   0.0390   0.0000   0.0039   0.0970    0.241
   109  36.1144  -4.8128   2.1964   2.3687   0.8353   1.1001   0.1008   0.6114   0.4647   0.0384   0.0000   0.0051   0.0985    0.239
   110  36.3338  -5.1540   2.2482   2.2338   0.7518   1.0576   0.1022   0.6237   0.4741   0.0374   0.0000   0.0067   0.0993    0.236
   111  36.5417  -5.4774   2.2973   2.1058   0.6671   1.0082   0.1045   0.6311   0.4797   0.0362   0.0000   0.0087   0.0988    0.232
   112  36.7359  -5.7795   2.3431   1.9862   0.5830   0.9511   0.1077   0.6316   0.4801   0.0345   0.0000   0.0112   0.0967    0.227
   113  36.9144  -6.0570   2.3852   1.8764   0.5012   0.8855   0.1118   0.6229   0.4734   0.0323   0.0000   0.0143   0.0926    0.220
   114  37.0750  -6.3069   2.4232   1.7776   0.4225   0.8106   0.1164   0.6023   0.4578   0.0294   0.0000   0.0180   0.0860    0.211
   115  37.2162  -6.5264   2.4565   1.6907   0.3478   0.7257   0.1213   0.5673   0.4312   0.0259   0.0000   0.0220   0.0767    0.199
   116  37.3480  -6.7314   2.4876   1.6096   0.3326   0.6255   0.1263   0.5141   0.3907   0.0217   0.0000   0.0258   0.0646    0.184
   117  37.4657  -6.9144   2.5154   1.5372   0.2507   0.5045   0.1311   0.4347   0.3303   0.0162   0.0000   0.0281   0.0493    0.165
   118  37.5551  -7.0535   2.5365   1.4822   0.1746   0.3703   0.1349   0.3314   0.2519   0.0101   0.0000   0.0265   0.0333    0.145
   119  37.6153  -7.1471   2.5508   1.4451   0.1029   0.2263   0.1376   0.2082   0.1583   0.0043   0.0000   0.0195   0.0185    0.127
   120  37.6455  -7.1941   2.5579   1.4265   0.0340   0.0762   0.1391   0.0717   0.0545  -0.0017   0.0000   0.0072   0.0058    0.118

  Surface # 5     vertical_stabilizer                     
     # Chordwise = 10   # Spanwise = 30     First strip =121
     Surface area Ssurf =   34.910363     Ave. chord Cave =    4.190920

 Forces referred to Sref, Cref, Bref about Xref, Yref, Zref
 Standard axis orientation,  X fwd, Z down         
     CLsurf  =   0.00000     Clsurf  =  -0.00000
     CYsurf  =  -0.00000     Cmsurf  =  -0.00000
     CDsurf  =  -0.00000     Cnsurf  =   0.00000
     CDisurf =  -0.00000     CDvsurf =   0.00000

 Forces referred to Ssurf, Cave 
     CLsurf  =   0.00000     CDsurf  =  -0.00000

 Strip Forces referred to Strip Area, Chord
    j     Xle      Yle      Zle      Chord    Area     c_cl     ai     cl_norm    cl       cd       cdv    cm_c/4     cm_LE   C.P.x/c
   121  27.0137   0.0000   1.5690  10.0347   0.6931  -0.0000   0.0000  -0.0000  -0.0000   0.0000   0.0000   0.0000   0.0000    0.325
   122  27.2327   0.0000   1.6601   9.8296   1.1101  -0.0000  -0.0000  -0.0000  -0.0000   0.0000   0.0000   0.0000   0.0000    0.459
   123  27.5561   0.0000   1.7947   9.5266   1.4857  -0.0000  -0.0000  -0.0000  -0.0000  -0.0000   0.0000  -0.0000  -0.0000   -0.622
   124  27.9815   0.0000   1.9717   9.1281   1.8040   0.0000   0.0000   0.0000   0.0000  -0.0000   0.0000  -0.0000  -0.0000  999.000
   125  28.5051   0.0000   2.1895   8.6377   2.0517   0.0000  -0.0000   0.0000   0.0000  -0.0000   0.0000  -0.0000  -0.0000  999.000
   126  29.1220   0.0000   2.4462   8.0598   2.2181  -0.0000  -0.0000  -0.0000  -0.0000  -0.0000   0.0000   0.0000   0.0000    0.551
   127  29.8264   0.0000   2.7392   7.4000   2.2957   0.0000   0.0000   0.0000   0.0000  -0.0000   0.0000  -0.0000  -0.0000    1.233
   128  30.6115   0.0000   3.0659   6.6646   2.2808   0.0000   0.0000   0.0000   0.0000  -0.0000   0.0000  -0.0000  -0.0000  999.000
   129  31.4694   0.0000   3.4228   5.8609   2.1733  -0.0000  -0.0000  -0.0000  -0.0000  -0.0000   0.0000   0.0000   0.0000    1.624
   130  32.3918   0.0000   3.8066   4.9969   1.9773   0.0000   0.0000   0.0000   0.0000  -0.0000   0.0000  -0.0000  -0.0000    0.281
   131  33.0131   0.0000   4.1929   4.4389   1.6667  -0.0000  -0.0000  -0.0000  -0.0000   0.0000   0.0000   0.0000   0.0000    0.981
   132  33.3001   0.0000   4.5764   4.2198   1.6478  -0.0000   0.0000  -0.0000  -0.0000  -0.0000   0.0000   0.0000   0.0000  999.000
   133  33.5969   0.0000   4.9729   3.9932   1.6033  -0.0000  -0.0000  -0.0000  -0.0000   0.0000   0.0000   0.0000   0.0000    1.348
   134  33.9004   0.0000   5.3784   3.7615   1.5362   0.0000  -0.0000   0.0000   0.0000   0.0000   0.0000   0.0000   0.0000  999.000
   135  34.2075   0.0000   5.7886   3.5271   1.4499   0.0000  -0.0000   0.0000   0.0000   0.0000   0.0000   0.0000   0.0000   -0.827
   136  34.5150   0.0000   6.1995   3.2923   1.3482   0.0000   0.0000   0.0000   0.0000  -0.0000   0.0000  -0.0000  -0.0000    0.639
   137  34.8197   0.0000   6.6066   3.0597   1.2352  -0.0000  -0.0000  -0.0000  -0.0000  -0.0000   0.0000   0.0000   0.0000  999.000
   138  35.1185   0.0000   7.0058   2.8315   1.1147   0.0000   0.0000   0.0000   0.0000   0.0000   0.0000  -0.0000  -0.0000    1.252
   139  35.4083   0.0000   7.3929   2.6103   0.9908   0.0000   0.0000   0.0000   0.0000   0.0000   0.0000  -0.0000  -0.0000    1.266
   140  35.6860   0.0000   7.7640   2.3983   0.8670  -0.0000  -0.0000  -0.0000  -0.0000   0.0000   0.0000   0.0000   0.0000  999.000
   141  35.9487   0.0000   8.1150   2.1977   0.7464   0.0000   0.0000   0.0000   0.0000  -0.0000   0.0000   0.0000  -0.0000    0.041
   142  36.1937   0.0000   8.4424   2.0106   0.6318   0.0000   0.0000   0.0000   0.0000   0.0000   0.0000  -0.0000  -0.0000    1.063
   143  36.4185   0.0000   8.7426   1.8390   0.5251   0.0000   0.0000   0.0000   0.0000   0.0000   0.0000  -0.0000  -0.0000    0.906
   144  36.6206   0.0000   9.0127   1.6847   0.4276   0.0000   0.0000   0.0000   0.0000   0.0000   0.0000  -0.0000  -0.0000  999.000
   145  36.7980   0.0000   9.2496   1.5493   0.3400  -0.0000  -0.0000  -0.0000  -0.0000  -0.0000   0.0000   0.0000   0.0000    1.359
   146  36.9487   0.0000   9.4510   1.4342   0.2622   0.0000   0.0000   0.0000   0.0000   0.0000   0.0000  -0.0000  -0.0000    0.739
   147  37.0713   0.0000   9.6148   1.3407   0.1933   0.0000  -0.0000   0.0000   0.0000   0.0000   0.0000  -0.0000  -0.0000    0.646
   148  37.1643   0.0000   9.7391   1.2696   0.1322  -0.0000  -0.0000  -0.0000  -0.0000   0.0000   0.0000   0.0000   0.0000  999.000
   149  37.2269   0.0000   9.8227   1.2218   0.0769  -0.0000  -0.0000  -0.0000  -0.0000  -0.0000   0.0000   0.0000   0.0000  999.000
   150  37.2584   0.0000   9.8647   1.1978   0.0252   0.0000   0.0000   0.0000   0.0000  -0.0000   0.0000   0.0000   0.0000  999.000

  Surface # 6     fuselage_horizontal                     
     # Chordwise = 10   # Spanwise = 10     First strip =151
     Surface area Ssurf =  123.841199     Ave. chord Cave =   33.112620

 Forces referred to Sref, Cref, Bref about Xref, Yref, Zref
 Standard axis orientation,  X fwd, Z down         
     CLsurf  =   0.01751     Clsurf  =  -0.00000
     CYsurf  =   0.00000     Cmsurf  =   0.09034
     CDsurf  =  -0.00019     Cnsurf  =   0.00000
     CDisurf =  -0.00019     CDvsurf =   0.00000

 Forces referred to Ssurf, Cave 
     CLsurf  =   0.01766     CDsurf  =  -0.00020

 Strip Forces referred to Strip Area, Chord
    j     Xle      Yle      Zle      Chord    Area     c_cl     ai     cl_norm    cl       cd       cdv    cm_c/4     cm_LE   C.P.x/c
   151   5.0231  -1.6830   0.0000  26.5957   9.9468   0.4042   0.2569   0.1529   0.0164  -0.0053   0.0000   0.0064   0.0003   -0.139
   152   2.9203  -1.3090   0.0000  31.2096  11.6724   0.5625   0.2725   0.0667   0.0186  -0.0016   0.0000   0.0081   0.0009   -0.187
   153   1.6676  -0.9350   0.0000  34.0626  12.7394   0.6121   0.2466   0.0428   0.0183  -0.0001   0.0000   0.0099   0.0018   -0.293
   154   0.7666  -0.5610   0.0000  36.1620  13.5246   0.6392   0.2363   0.0292   0.0177   0.0011   0.0000   0.0108   0.0028   -0.357
   155   0.1963  -0.1870   0.0000  37.5333  14.0374   0.6550   0.2348   0.0198   0.0171   0.0032   0.0000   0.0110   0.0046   -0.390
   156   0.1963   0.1870   0.0000  37.5333  14.0374   0.6550   0.2348   0.0198   0.0171   0.0032   0.0000   0.0110   0.0046   -0.390
   157   0.7666   0.5610   0.0000  36.1620  13.5246   0.6392   0.2363   0.0292   0.0177   0.0011   0.0000   0.0108   0.0028   -0.357
   158   1.6676   0.9350   0.0000  34.0626  12.7394   0.6121   0.2466   0.0428   0.0183  -0.0001   0.0000   0.0099   0.0018   -0.293
   159   2.9202   1.3090   0.0000  31.2096  11.6724   0.5625   0.2725   0.0667   0.0186  -0.0016   0.0000   0.0081   0.0009   -0.187
   160   5.0231   1.6830   0.0000  26.5957   9.9468   0.4042   0.2569   0.1529   0.0164  -0.0053   0.0000   0.0064   0.0003   -0.139

  Surface # 7     fuselage_vertical                       
     # Chordwise = 10   # Spanwise = 10     First strip =161
     Surface area Ssurf =  123.841199     Ave. chord Cave =   33.112620

 Forces referred to Sref, Cref, Bref about Xref, Yref, Zref
 Standard axis orientation,  X fwd, Z down         
     CLsurf  =  -0.00000     Clsurf  =  -0.00000
     CYsurf  =   0.00000     Cmsurf  =   0.00000
     CDsurf  =   0.00000     Cnsurf  =  -0.00000
     CDisurf =   0.00000     CDvsurf =   0.00000

 Forces referred to Ssurf, Cave 
     CLsurf  =  -0.00000     CDsurf  =   0.00000

 Strip Forces referred to Strip Area, Chord
    j     Xle      Yle      Zle      Chord    Area     c_cl     ai     cl_norm    cl       cd       cdv    cm_c/4     cm_LE   C.P.x/c
   161   5.0231   0.0000  -1.6830  26.5957   9.9468   0.0000  -0.0000   0.0000   0.0000  -0.0000   0.0000  -0.0000  -0.0000  999.000
   162   2.9203   0.0000  -1.3090  31.2096  11.6724  -0.0000  -0.0000  -0.0000  -0.0000  -0.0000   0.0000  -0.0000  -0.0000  999.000
   163   1.6676   0.0000  -0.9350  34.0626  12.7394  -0.0000  -0.0000  -0.0000  -0.0000   0.0000   0.0000  -0.0000  -0.0000    0.104
   164   0.7666   0.0000  -0.5610  36.1620  13.5246  -0.0000  -0.0000  -0.0000  -0.0000   0.0000   0.0000  -0.0000  -0.0000    0.233
   165   0.1963   0.0000  -0.1870  37.5333  14.0374  -0.0000  -0.0000  -0.0000  -0.0000   0.0000   0.0000   0.0000   0.0000    0.572
   166   0.1963   0.0000   0.1870  37.5333  14.0374  -0.0000   0.0000  -0.0000  -0.0000  -0.0000   0.0000   0.0000   0.0000    0.674
   167   0.7666   0.0000   0.5610  36.1620  13.5246  -0.0000   0.0000  -0.0000  -0.0000   0.0000   0.0000   0.0000   0.0000    0.822
   168   1.6676   0.0000   0.9350  34.0626  12.7394  -0.0000   0.0000  -0.0000  -0.0000   0.0000   0.0000   0.0000   0.0000    0.699
   169   2.9202   0.0000   1.3090  31.2096  11.6724  -0.0000   0.0000  -0.0000  -0.0000  -0.0000   0.0000   0.0000   0.0000    0.809
   170   5.0231   0.0000   1.6830  26.5957   9.9468  -0.0000   0.0000  -0.0000  -0.0000  -0.0000   0.0000   0.0000   0.0000    0.868
 ---------------------------------------------------------------
