 ---------------------------------------------------------------
 Surface and Strip Forces by surface

  Sref =  124.86       Cref =  4.4875       Bref =  34.320    
  Xref =  15.310       Yref =  0.0000       Zref =-0.48024    

  Surface # 1     main_wing                               
     # Chordwise = 10   # Spanwise = 30     First strip =  1
     Surface area Ssurf =   63.968838     Ave. chord Cave =    3.715026

 Forces referred to Sref, Cref, Bref about Xref, Yref, Zref
 Standard axis orientation,  X fwd, Z down         
     CLsurf  =   0.54729     Clsurf  =  -0.11051
     CYsurf  =  -0.03314     Cmsurf  =  -0.48987
     CDsurf  =   0.02520     Cnsurf  =  -0.01061
     CDisurf =   0.02520     CDvsurf =   0.00000

 Forces referred to Ssurf, Cave 
     CLsurf  =   1.07018     CDsurf  =   0.04918

 Strip Forces referred to Strip Area, Chord
    j     Xle      Yle      Zle      Chord    Area     c_cl     ai     cl_norm    cl       cd       cdv    cm_c/4     cm_LE   C.P.x/c
     1  13.6181   0.0114  -0.9295   7.7520   0.3539   7.0461   0.1921   0.9647   0.7472   1.3705   0.0000  -0.0859  -0.2567    0.365
     2  13.6830   0.1025  -0.9255   7.6885   1.0492   6.0213   0.1918   0.9835   0.7618   0.2217   0.0000  -0.0780  -0.2247    0.352
     3  13.8120   0.2837  -0.9176   7.5620   1.7073   5.9371   0.1905   0.9985   0.7733   0.1438   0.0000  -0.0755  -0.2231    0.348
     4  14.0037   0.5530  -0.9059   7.3741   2.3052   5.9031   0.1876   1.0210   0.7908   0.1277   0.0000  -0.0715  -0.2230    0.340
     5  14.2560   0.9075  -0.8904   7.1267   2.8223   5.8649   0.1817   1.0516   0.8145   0.1193   0.0000  -0.0664  -0.2234    0.331
     6  14.5662   1.3432  -0.8714   6.8226   3.2414   5.8065   0.1693   1.0896   0.8439   0.1101   0.0000  -0.0610  -0.2249    0.322
     7  14.9309   1.8554  -0.8490   6.4651   3.5491   5.7184   0.1447   1.1348   0.8789   0.0994   0.0000  -0.0562  -0.2278    0.314
     8  15.3460   2.4386  -0.8236   6.0582   3.7368   5.5945   0.1202   1.1874   0.9197   0.0872   0.0000  -0.0522  -0.2326    0.307
     9  15.8070   3.0862  -0.7953   5.6062   3.8005   5.4317   0.1073   1.2487   0.9672   0.0731   0.0000  -0.0493  -0.2396    0.301
    10  16.2877   3.7613  -0.7658   5.1351   3.4440   5.2389   0.0960   1.3179   1.0207   0.0588   0.0000  -0.0471  -0.2484    0.296
    11  16.7803   4.4532  -0.7356   4.6522   3.3149   5.0239   0.0823   1.3978   1.0826   0.0443   0.0000  -0.0449  -0.2589    0.291
    12  17.2999   5.1831  -0.7037   4.1429   3.0930   4.7851   0.0602   1.4990   1.1609   0.0227   0.0000  -0.0410  -0.2713    0.285
    13  17.8026   6.0123  -0.6437   3.7903   3.4706   4.5284   0.0441   1.4753   1.2020   0.0142   0.0000  -0.0290  -0.2959    0.274
    14  18.2809   6.9353  -0.5549   3.6075   3.3775   4.3274   0.0437   1.4817   1.2072   0.0114   0.0000  -0.0260  -0.2943    0.272
    15  18.7672   7.8737  -0.4645   3.4215   3.2389   4.1366   0.0406   1.4939   1.2172   0.0074   0.0000  -0.0246  -0.2952    0.270
    16  19.2562   8.8172  -0.3736   3.2345   3.0619   3.9481   0.0386   1.5089   1.2294   0.0033   0.0000  -0.0242  -0.2975    0.270
    17  19.7425   9.7556  -0.2833   3.0486   2.8543   3.7584   0.0386   1.5246   1.2422  -0.0008   0.0000  -0.0244  -0.3005    0.270
    18  20.2208  10.6786  -0.1944   2.8657   2.6239   3.5664   0.0401   1.5397   1.2544  -0.0047   0.0000  -0.0249  -0.3035    0.270
    19  20.6858  11.5760  -0.1080   2.6879   2.3787   3.3713   0.0428   1.5523   1.2647  -0.0087   0.0000  -0.0250  -0.3058    0.270
    20  21.1299  12.4328  -0.0255   2.5181   2.1010   3.1734   0.0472   1.5602   1.2712  -0.0120   0.0000  -0.0237  -0.3061    0.269
    21  21.5482  13.2400   0.0523   2.3582   1.8520   2.9702   0.0533   1.5597   1.2708  -0.0146   0.0000  -0.0203  -0.3029    0.266
    22  21.9390  13.9941   0.1249   2.2087   1.6074   2.7550   0.0611   1.5451   1.2588  -0.0176   0.0000  -0.0147  -0.2952    0.262
    23  22.2979  14.6868   0.1916   2.0715   1.3716   2.5207   0.0702   1.5080   1.2286  -0.0210   0.0000  -0.0067  -0.2812    0.255
    24  22.6211  15.3105   0.2516   1.9479   1.1479   2.2600   0.0798   1.4384   1.1719  -0.0241   0.0000   0.0029  -0.2600    0.248
    25  22.9051  15.8583   0.3044   1.8393   0.9381   1.9666   0.0895   1.3260   1.0803  -0.0250   0.0000   0.0098  -0.2332    0.241
    26  23.1466  16.3244   0.3493   1.7470   0.7427   1.6370   0.0994   1.1612   0.9461  -0.0159   0.0000   0.0046  -0.2080    0.245
    27  23.5299  16.6722   0.3828   1.4928   0.4131   1.2880   0.1084   2.9400   0.8800  -0.0857   0.0000  -0.0008  -0.1081    0.251
    28  23.9809  16.9098   0.4056   1.1466   0.2292   0.9391   0.1176   2.8176   0.8434  -0.1458   0.0000   0.0390  -0.0845    0.204
    29  24.2843  17.0696   0.4210   0.9138   0.1104   0.5721   0.1233   2.1884   0.6551  -0.1944   0.0000   0.0697  -0.0464    0.144
    30  24.4368  17.1499   0.4287   0.7967   0.0322   0.1922   0.1263   0.8723   0.2611  -0.1442   0.0000   0.0405  -0.0116    0.095

  Surface # 2     main_wing (YDUP)                        
     # Chordwise = 10   # Spanwise = 30     First strip = 31
     Surface area Ssurf =   63.968838     Ave. chord Cave =    3.715026

 Forces referred to Sref, Cref, Bref about Xref, Yref, Zref
 Standard axis orientation,  X fwd, Z down         
     CLsurf  =   0.54729     Clsurf  =   0.11051
     CYsurf  =   0.03314     Cmsurf  =  -0.48987
     CDsurf  =   0.02520     Cnsurf  =   0.01061
     CDisurf =   0.02520     CDvsurf =   0.00000

 Forces referred to Ssurf, Cave 
     CLsurf  =   1.07018     CDsurf  =   0.04918

 Strip Forces referred to Strip Area, Chord
    j     Xle      Yle      Zle      Chord    Area     c_cl     ai     cl_norm    cl       cd       cdv    cm_c/4     cm_LE   C.P.x/c
    31  13.6181  -0.0114  -0.9295   7.7520   0.3539   7.0461   0.1921   0.9647   0.7472   1.3705   0.0000  -0.0859   0.2567    0.365
    32  13.6830  -0.1025  -0.9255   7.6885   1.0492   6.0213   0.1918   0.9835   0.7618   0.2217   0.0000  -0.0780   0.2247    0.352
    33  13.8120  -0.2837  -0.9176   7.5620   1.7073   5.9371   0.1905   0.9985   0.7733   0.1438   0.0000  -0.0755   0.2231    0.348
    34  14.0037  -0.5530  -0.9059   7.3741   2.3052   5.9031   0.1876   1.0210   0.7908   0.1277   0.0000  -0.0715   0.2230    0.340
    35  14.2560  -0.9075  -0.8904   7.1267   2.8223   5.8649   0.1817   1.0516   0.8145   0.1193   0.0000  -0.0664   0.2234    0.331
    36  14.5662  -1.3432  -0.8714   6.8226   3.2414   5.8065   0.1693   1.0896   0.8439   0.1101   0.0000  -0.0610   0.2249    0.322
    37  14.9309  -1.8554  -0.8490   6.4651   3.5491   5.7184   0.1447   1.1348   0.8789   0.0994   0.0000  -0.0562   0.2278    0.314
    38  15.3460  -2.4386  -0.8236   6.0582   3.7368   5.5945   0.1202   1.1874   0.9197   0.0872   0.0000  -0.0522   0.2326    0.307
    39  15.8070  -3.0862  -0.7953   5.6062   3.8005   5.4317   0.1073   1.2487   0.9672   0.0731   0.0000  -0.0493   0.2396    0.301
    40  16.2877  -3.7613  -0.7658   5.1351   3.4440   5.2389   0.0960   1.3179   1.0207   0.0588   0.0000  -0.0471   0.2484    0.296
    41  16.7803  -4.4532  -0.7356   4.6522   3.3149   5.0239   0.0823   1.3978   1.0826   0.0443   0.0000  -0.0449   0.2589    0.291
    42  17.2999  -5.1831  -0.7037   4.1429   3.0930   4.7851   0.0602   1.4990   1.1609   0.0227   0.0000  -0.0410   0.2713    0.285
    43  17.8026  -6.0123  -0.6437   3.7903   3.4706   4.5284   0.0441   1.4753   1.2020   0.0142   0.0000  -0.0290   0.2959    0.274
    44  18.2809  -6.9353  -0.5549   3.6075   3.3775   4.3274   0.0437   1.4817   1.2072   0.0114   0.0000  -0.0260   0.2943    0.272
    45  18.7672  -7.8737  -0.4645   3.4215   3.2389   4.1366   0.0406   1.4939   1.2172   0.0074   0.0000  -0.0246   0.2952    0.270
    46  19.2562  -8.8172  -0.3736   3.2345   3.0619   3.9481   0.0386   1.5089   1.2294   0.0033   0.0000  -0.0242   0.2975    0.270
    47  19.7425  -9.7556  -0.2833   3.0486   2.8543   3.7584   0.0386   1.5246   1.2422  -0.0008   0.0000  -0.0244   0.3005    0.270
    48  20.2208 -10.6786  -0.1944   2.8657   2.6239   3.5664   0.0401   1.5397   1.2544  -0.0047   0.0000  -0.0249   0.3035    0.270
    49  20.6858 -11.5760  -0.1080   2.6879   2.3787   3.3713   0.0428   1.5523   1.2647  -0.0087   0.0000  -0.0250   0.3058    0.270
    50  21.1299 -12.4328  -0.0255   2.5181   2.1010   3.1734   0.0472   1.5602   1.2712  -0.0120   0.0000  -0.0237   0.3061    0.269
    51  21.5482 -13.2400   0.0523   2.3582   1.8520   2.9702   0.0533   1.5597   1.2708  -0.0146   0.0000  -0.0203   0.3029    0.266
    52  21.9390 -13.9941   0.1249   2.2087   1.6074   2.7550   0.0611   1.5451   1.2588  -0.0176   0.0000  -0.0147   0.2952    0.262
    53  22.2979 -14.6868   0.1916   2.0715   1.3716   2.5207   0.0702   1.5080   1.2286  -0.0210   0.0000  -0.0067   0.2812    0.255
    54  22.6211 -15.3105   0.2516   1.9479   1.1479   2.2600   0.0798   1.4384   1.1719  -0.0241   0.0000   0.0029   0.2600    0.248
    55  22.9051 -15.8583   0.3044   1.8393   0.9381   1.9666   0.0895   1.3260   1.0803  -0.0250   0.0000   0.0098   0.2332    0.241
    56  23.1466 -16.3244   0.3493   1.7470   0.7427   1.6370   0.0994   1.1612   0.9461  -0.0159   0.0000   0.0046   0.2080    0.245
    57  23.5299 -16.6722   0.3828   1.4928   0.4131   1.2880   0.1084   2.9400   0.8800  -0.0857   0.0000  -0.0008   0.1081    0.251
    58  23.9809 -16.9098   0.4056   1.1466   0.2292   0.9391   0.1176   2.8176   0.8434  -0.1458   0.0000   0.0390   0.0845    0.204
    59  24.2843 -17.0696   0.4210   0.9138   0.1104   0.5721   0.1233   2.1884   0.6551  -0.1944   0.0000   0.0697   0.0464    0.144
    60  24.4368 -17.1499   0.4287   0.7967   0.0322   0.1922   0.1263   0.8723   0.2611  -0.1442   0.0000   0.0405   0.0116    0.095

  Surface # 3     horizontal_stabilizer                   
     # Chordwise = 10   # Spanwise = 30     First strip = 61
     Surface area Ssurf =   20.744605     Ave. chord Cave =    2.848571

 Forces referred to Sref, Cref, Bref about Xref, Yref, Zref
 Standard axis orientation,  X fwd, Z down         
     CLsurf  =   0.04397     Clsurf  =  -0.00461
     CYsurf  =  -0.00736     Cmsurf  =  -0.20335
     CDsurf  =   0.00396     Cnsurf  =   0.00413
     CDisurf =   0.00396     CDvsurf =   0.00000

 Forces referred to Ssurf, Cave 
     CLsurf  =   0.26827     CDsurf  =   0.02381

 Strip Forces referred to Strip Area, Chord
    j     Xle      Yle      Zle      Chord    Area     c_cl     ai     cl_norm    cl       cd       cdv    cm_c/4     cm_LE   C.P.x/c
    61  33.0230   0.0046   1.4667   4.2713   0.0803   1.1224   0.1417   0.3207   0.2447   0.1631   0.0000  -0.0217  -0.0751    0.339
    62  33.0469   0.0418   1.4723   4.2566   0.2392   0.9212   0.1420   0.2801   0.2137   0.0350   0.0000  -0.0191  -0.0632    0.340
    63  33.0943   0.1156   1.4835   4.2274   0.3930   0.9055   0.1421   0.2786   0.2126   0.0258   0.0000  -0.0185  -0.0622    0.337
    64  33.1649   0.2254   1.5002   4.1839   0.5386   0.9014   0.1415   0.2805   0.2141   0.0240   0.0000  -0.0175  -0.0617    0.332
    65  33.2578   0.3698   1.5221   4.1268   0.6730   0.8993   0.1402   0.2839   0.2166   0.0236   0.0000  -0.0162  -0.0611    0.325
    66  33.3719   0.5474   1.5490   4.0565   0.7936   0.8974   0.1379   0.2882   0.2200   0.0235   0.0000  -0.0146  -0.0604    0.316
    67  33.5097   0.7617   1.5816   3.9717   0.9441   0.8947   0.1344   0.2936   0.2241   0.0234   0.0000  -0.0129  -0.0599    0.307
    68  33.6704   1.0116   1.6195   3.8728   1.0344   0.8909   0.1297   0.2999   0.2289   0.0234   0.0000  -0.0112  -0.0596    0.299
    69  33.8488   1.2891   1.6616   3.7630   1.1046   0.8860   0.1238   0.3070   0.2343   0.0235   0.0000  -0.0097  -0.0595    0.291
    70  34.0430   1.5912   1.7075   3.6435   1.1542   0.8800   0.1172   0.3150   0.2404   0.0236   0.0000  -0.0083  -0.0596    0.284
    71  34.2510   1.9146   1.7565   3.5155   1.1831   0.8733   0.1106   0.3241   0.2474   0.0238   0.0000  -0.0070  -0.0601    0.278
    72  34.4703   2.2558   1.8083   3.3805   1.1921   0.8660   0.1049   0.3343   0.2551   0.0240   0.0000  -0.0058  -0.0608    0.273
    73  34.6987   2.6109   1.8622   3.2400   1.1821   0.8582   0.1003   0.3457   0.2639   0.0243   0.0000  -0.0047  -0.0618    0.268
    74  34.9335   2.9762   1.9177   3.0955   1.1548   0.8497   0.0971   0.3584   0.2735   0.0246   0.0000  -0.0036  -0.0629    0.263
    75  35.1723   3.3476   1.9740   2.9485   1.1122   0.8400   0.0948   0.3721   0.2840   0.0249   0.0000  -0.0025  -0.0642    0.259
    76  35.4124   3.7210   2.0307   2.8008   1.0564   0.8287   0.0934   0.3865   0.2950   0.0252   0.0000  -0.0012  -0.0656    0.254
    77  35.6512   4.0924   2.0871   2.6538   0.9900   0.8148   0.0928   0.4012   0.3062   0.0254   0.0000   0.0003  -0.0667    0.249
    78  35.8861   4.4577   2.1425   2.5093   0.9155   0.7975   0.0927   0.4154   0.3170   0.0254   0.0000   0.0021  -0.0676    0.243
    79  36.1144   4.8128   2.1964   2.3687   0.8353   0.7757   0.0933   0.4282   0.3268   0.0252   0.0000   0.0043  -0.0679    0.237
    80  36.3338   5.1540   2.2482   2.2338   0.7518   0.7484   0.0943   0.4383   0.3345   0.0247   0.0000   0.0070  -0.0673    0.229
    81  36.5417   5.4774   2.2973   2.1058   0.6671   0.7148   0.0957   0.4443   0.3391   0.0238   0.0000   0.0102  -0.0656    0.220
    82  36.7359   5.7795   2.3431   1.9862   0.5830   0.6742   0.0973   0.4444   0.3392   0.0225   0.0000   0.0139  -0.0625    0.209
    83  36.9144   6.0570   2.3852   1.8764   0.5012   0.6261   0.0990   0.4371   0.3336   0.0207   0.0000   0.0179  -0.0579    0.196
    84  37.0750   6.3069   2.4232   1.7776   0.4225   0.5706   0.1006   0.4208   0.3211   0.0184   0.0000   0.0220  -0.0517    0.182
    85  37.2162   6.5264   2.4565   1.6907   0.3478   0.5078   0.1021   0.3940   0.3007   0.0155   0.0000   0.0255  -0.0442    0.165
    86  37.3480   6.7314   2.4876   1.6096   0.3326   0.4348   0.1035   0.3547   0.2706   0.0122   0.0000   0.0281  -0.0355    0.146
    87  37.4657   6.9144   2.5154   1.5372   0.2507   0.3482   0.1047   0.2977   0.2272   0.0080   0.0000   0.0282  -0.0259    0.126
    88  37.5551   7.0535   2.5365   1.4822   0.1746   0.2541   0.1056   0.2257   0.1722   0.0036   0.0000   0.0248  -0.0167    0.106
    89  37.6153   7.1471   2.5508   1.4451   0.1029   0.1546   0.1063   0.1412   0.1078  -0.0000   0.0000   0.0172  -0.0090    0.091
    90  37.6455   7.1941   2.5579   1.4265   0.0340   0.0519   0.1066   0.0486   0.0371  -0.0036   0.0000   0.0061  -0.0028    0.085

  Surface # 4     horizontal_stabilizer (YDUP)            
     # Chordwise = 10   # Spanwise = 30     First strip = 91
     Surface area Ssurf =   20.744605     Ave. chord Cave =    2.848571

 Forces referred to Sref, Cref, Bref about Xref, Yref, Zref
 Standard axis orientation,  X fwd, Z down         
     CLsurf  =   0.04397     Clsurf  =   0.00461
     CYsurf  =   0.00736     Cmsurf  =  -0.20335
     CDsurf  =   0.00396     Cnsurf  =  -0.00413
     CDisurf =   0.00396     CDvsurf =   0.00000

 Forces referred to Ssurf, Cave 
     CLsurf  =   0.26827     CDsurf  =   0.02381

 Strip Forces referred to Strip Area, Chord
    j     Xle      Yle      Zle      Chord    Area     c_cl     ai     cl_norm    cl       cd       cdv    cm_c/4     cm_LE   C.P.x/c
    91  33.0230  -0.0046   1.4667   4.2713   0.0803   1.1224   0.1417   0.3207   0.2447   0.1631   0.0000  -0.0217   0.0751    0.339
    92  33.0469  -0.0418   1.4723   4.2566   0.2392   0.9212   0.1420   0.2801   0.2137   0.0350   0.0000  -0.0191   0.0632    0.340
    93  33.0943  -0.1156   1.4835   4.2274   0.3930   0.9055   0.1421   0.2786   0.2126   0.0258   0.0000  -0.0185   0.0622    0.337
    94  33.1649  -0.2254   1.5002   4.1839   0.5386   0.9014   0.1415   0.2805   0.2141   0.0240   0.0000  -0.0175   0.0617    0.332
    95  33.2578  -0.3698   1.5221   4.1268   0.6730   0.8993   0.1402   0.2839   0.2166   0.0236   0.0000  -0.0162   0.0611    0.325
    96  33.3719  -0.5474   1.5490   4.0565   0.7936   0.8974   0.1379   0.2882   0.2200   0.0235   0.0000  -0.0146   0.0604    0.316
    97  33.5097  -0.7617   1.5816   3.9717   0.9441   0.8947   0.1344   0.2936   0.2241   0.0234   0.0000  -0.0129   0.0599    0.307
    98  33.6704  -1.0116   1.6195   3.8728   1.0344   0.8909   0.1297   0.2999   0.2289   0.0234   0.0000  -0.0112   0.0596    0.299
    99  33.8488  -1.2891   1.6616   3.7630   1.1046   0.8860   0.1238   0.3070   0.2343   0.0235   0.0000  -0.0097   0.0595    0.291
   100  34.0430  -1.5912   1.7075   3.6435   1.1542   0.8800   0.1172   0.3150   0.2404   0.0236   0.0000  -0.0083   0.0596    0.284
   101  34.2510  -1.9146   1.7565   3.5155   1.1831   0.8733   0.1106   0.3241   0.2474   0.0238   0.0000  -0.0070   0.0601    0.278
   102  34.4703  -2.2558   1.8083   3.3805   1.1921   0.8660   0.1049   0.3343   0.2551   0.0240   0.0000  -0.0058   0.0608    0.273
   103  34.6987  -2.6109   1.8622   3.2400   1.1821   0.8582   0.1003   0.3457   0.2639   0.0243   0.0000  -0.0047   0.0618    0.268
   104  34.9335  -2.9762   1.9177   3.0955   1.1548   0.8497   0.0971   0.3584   0.2735   0.0246   0.0000  -0.0036   0.0629    0.263
   105  35.1723  -3.3476   1.9740   2.9485   1.1122   0.8400   0.0948   0.3721   0.2840   0.0249   0.0000  -0.0025   0.0642    0.259
   106  35.4124  -3.7210   2.0307   2.8008   1.0564   0.8287   0.0934   0.3865   0.2950   0.0252   0.0000  -0.0012   0.0656    0.254
   107  35.6512  -4.0924   2.0871   2.6538   0.9900   0.8148   0.0928   0.4012   0.3062   0.0254   0.0000   0.0003   0.0667    0.249
   108  35.8861  -4.4577   2.1425   2.5093   0.9155   0.7975   0.0927   0.4154   0.3170   0.0254   0.0000   0.0021   0.0676    0.243
   109  36.1144  -4.8128   2.1964   2.3687   0.8353   0.7757   0.0933   0.4282   0.3268   0.0252   0.0000   0.0043   0.0679    0.237
   110  36.3338  -5.1540   2.2482   2.2338   0.7518   0.7484   0.0943   0.4383   0.3345   0.0247   0.0000   0.0070   0.0673    0.229
   111  36.5417  -5.4774   2.2973   2.1058   0.6671   0.7148   0.0957   0.4443   0.3391   0.0238   0.0000   0.0102   0.0656    0.220
   112  36.7359  -5.7795   2.3431   1.9862   0.5830   0.6742   0.0973   0.4444   0.3392   0.0225   0.0000   0.0139   0.0625    0.209
   113  36.9144  -6.0570   2.3852   1.8764   0.5012   0.6261   0.0990   0.4371   0.3336   0.0207   0.0000   0.0179   0.0579    0.196
   114  37.0750  -6.3069   2.4232   1.7776   0.4225   0.5706   0.1006   0.4208   0.3211   0.0184   0.0000   0.0220   0.0517    0.182
   115  37.2162  -6.5264   2.4565   1.6907   0.3478   0.5078   0.1021   0.3940   0.3007   0.0155   0.0000   0.0255   0.0442    0.165
   116  37.3480  -6.7314   2.4876   1.6096   0.3326   0.4348   0.1035   0.3547   0.2706   0.0122   0.0000   0.0281   0.0355    0.146
   117  37.4657  -6.9144   2.5154   1.5372   0.2507   0.3482   0.1047   0.2977   0.2272   0.0080   0.0000   0.0282   0.0259    0.126
   118  37.5551  -7.0535   2.5365   1.4822   0.1746   0.2541   0.1056   0.2257   0.1722   0.0036   0.0000   0.0248   0.0167    0.106
   119  37.6153  -7.1471   2.5508   1.4451   0.1029   0.1546   0.1063   0.1412   0.1078  -0.0000   0.0000   0.0172   0.0090    0.091
   120  37.6455  -7.1941   2.5579   1.4265   0.0340   0.0519   0.1066   0.0486   0.0371  -0.0036   0.0000   0.0061   0.0028    0.085

  Surface # 5     vertical_stabilizer                     
     # Chordwise = 10   # Spanwise = 30     First strip =121
     Surface area Ssurf =   34.910363     Ave. chord Cave =    4.190920

 Forces referred to Sref, Cref, Bref about Xref, Yref, Zref
 Standard axis orientation,  X fwd, Z down         
     CLsurf  =   0.00000     Clsurf  =  -0.00000
     CYsurf  =  -0.00000     Cmsurf  =  -0.00000
     CDsurf  =  -0.00000     Cnsurf  =   0.00000
     CDisurf =  -0.00000     CDvsurf =   0.00000

 Forces referred to Ssurf, Cave 
     CLsurf  =   0.00000     CDsurf  =  -0.00000

 Strip Forces referred to Strip Area, Chord
    j     Xle      Yle      Zle      Chord    Area     c_cl     ai     cl_norm    cl       cd       cdv    cm_c/4     cm_LE   C.P.x/c
   121  27.0137   0.0000   1.5690  10.0347   0.6931   0.0000   0.0000   0.0000   0.0000   0.0000   0.0000   0.0000   0.0000   -0.370
   122  27.2327   0.0000   1.6601   9.8296   1.1101   0.0000   0.0000   0.0000   0.0000  -0.0000   0.0000   0.0000  -0.0000   -0.324
   123  27.5561   0.0000   1.7947   9.5266   1.4857   0.0000   0.0000   0.0000   0.0000  -0.0000   0.0000   0.0000  -0.0000   -0.139
   124  27.9815   0.0000   1.9717   9.1281   1.8040   0.0000  -0.0000   0.0000   0.0000   0.0000   0.0000   0.0000  -0.0000    0.003
   125  28.5051   0.0000   2.1895   8.6377   2.0517   0.0000  -0.0000   0.0000   0.0000   0.0000   0.0000   0.0000   0.0000   -0.418
   126  29.1220   0.0000   2.4462   8.0598   2.2181   0.0000  -0.0000   0.0000   0.0000  -0.0000   0.0000   0.0000   0.0000   -0.357
   127  29.8264   0.0000   2.7392   7.4000   2.2957   0.0000  -0.0000   0.0000   0.0000   0.0000   0.0000   0.0000  -0.0000   -0.142
   128  30.6115   0.0000   3.0659   6.6646   2.2808   0.0000  -0.0000   0.0000   0.0000  -0.0000   0.0000   0.0000  -0.0000    0.041
   129  31.4694   0.0000   3.4228   5.8609   2.1733   0.0000  -0.0000   0.0000   0.0000  -0.0000   0.0000   0.0000  -0.0000    0.228
   130  32.3918   0.0000   3.8066   4.9969   1.9773   0.0000   0.0000   0.0000   0.0000  -0.0000   0.0000  -0.0000  -0.0000    0.297
   131  33.0131   0.0000   4.1929   4.4389   1.6667   0.0000  -0.0000   0.0000   0.0000   0.0000   0.0000   0.0000  -0.0000    0.182
   132  33.3001   0.0000   4.5764   4.2198   1.6478   0.0000  -0.0000   0.0000   0.0000  -0.0000   0.0000  -0.0000  -0.0000    0.294
   133  33.5969   0.0000   4.9729   3.9932   1.6033   0.0000  -0.0000   0.0000   0.0000  -0.0000   0.0000   0.0000  -0.0000    0.186
   134  33.9004   0.0000   5.3784   3.7615   1.5362   0.0000  -0.0000   0.0000   0.0000  -0.0000   0.0000   0.0000  -0.0000    0.107
   135  34.2075   0.0000   5.7886   3.5271   1.4499   0.0000  -0.0000   0.0000   0.0000  -0.0000   0.0000   0.0000  -0.0000    0.225
   136  34.5150   0.0000   6.1995   3.2923   1.3482   0.0000  -0.0000   0.0000   0.0000   0.0000   0.0000  -0.0000  -0.0000    0.310
   137  34.8197   0.0000   6.6066   3.0597   1.2352   0.0000  -0.0000   0.0000   0.0000  -0.0000   0.0000  -0.0000  -0.0000    0.369
   138  35.1185   0.0000   7.0058   2.8315   1.1147   0.0000  -0.0000   0.0000   0.0000  -0.0000   0.0000  -0.0000  -0.0000    0.468
   139  35.4083   0.0000   7.3929   2.6103   0.9908   0.0000  -0.0000   0.0000   0.0000  -0.0000   0.0000  -0.0000  -0.0000    0.367
   140  35.6860   0.0000   7.7640   2.3983   0.8670   0.0000  -0.0000   0.0000   0.0000   0.0000   0.0000  -0.0000  -0.0000    0.432
   141  35.9487   0.0000   8.1150   2.1977   0.7464   0.0000  -0.0000   0.0000   0.0000   0.0000   0.0000  -0.0000  -0.0000    0.348
   142  36.1937   0.0000   8.4424   2.0106   0.6318   0.0000  -0.0000   0.0000   0.0000  -0.0000   0.0000  -0.0000  -0.0000    0.322
   143  36.4185   0.0000   8.7426   1.8390   0.5251   0.0000  -0.0000   0.0000   0.0000  -0.0000   0.0000  -0.0000  -0.0000    0.271
   144  36.6206   0.0000   9.0127   1.6847   0.4276   0.0000  -0.0000   0.0000   0.0000  -0.0000   0.0000  -0.0000  -0.0000    0.295
   145  36.7980   0.0000   9.2496   1.5493   0.3400   0.0000  -0.0000   0.0000   0.0000   0.0000   0.0000  -0.0000  -0.0000    0.369
   146  36.9487   0.0000   9.4510   1.4342   0.2622   0.0000  -0.0000   0.0000   0.0000  -0.0000   0.0000   0.0000  -0.0000    0.249
   147  37.0713   0.0000   9.6148   1.3407   0.1933   0.0000  -0.0000   0.0000   0.0000  -0.0000   0.0000   0.0000  -0.0000   -0.016
   148  37.1643   0.0000   9.7391   1.2696   0.1322   0.0000  -0.0000   0.0000   0.0000  -0.0000   0.0000   0.0000  -0.0000    0.074
   149  37.2269   0.0000   9.8227   1.2218   0.0769   0.0000  -0.0000   0.0000   0.0000  -0.0000   0.0000  -0.0000  -0.0000    0.261
   150  37.2584   0.0000   9.8647   1.1978   0.0252   0.0000  -0.0000   0.0000   0.0000  -0.0000   0.0000   0.0000  -0.0000    0.038

  Surface # 6     fuselage_horizontal                     
     # Chordwise = 10   # Spanwise = 10     First strip =151
     Surface area Ssurf =  123.841199     Ave. chord Cave =   33.112620

 Forces referred to Sref, Cref, Bref about Xref, Yref, Zref
 Standard axis orientation,  X fwd, Z down         
     CLsurf  =   0.00996     Clsurf  =   0.00000
     CYsurf  =   0.00000     Cmsurf  =   0.05708
     CDsurf  =  -0.00013     Cnsurf  =   0.00000
     CDisurf =  -0.00013     CDvsurf =   0.00000

 Forces referred to Ssurf, Cave 
     CLsurf  =   0.01005     CDsurf  =  -0.00014

 Strip Forces referred to Strip Area, Chord
    j     Xle      Yle      Zle      Chord    Area     c_cl     ai     cl_norm    cl       cd       cdv    cm_c/4     cm_LE   C.P.x/c
   151   5.0231  -1.6830   0.0000  26.5957   9.9468   0.2233   0.1947   0.0959   0.0089  -0.0037   0.0000   0.0041   0.0003   -0.206
   152   2.9203  -1.3090   0.0000  31.2096  11.6724   0.3227   0.2112   0.0395   0.0106  -0.0012   0.0000   0.0052   0.0006   -0.240
   153   1.6676  -0.9350   0.0000  34.0626  12.7394   0.3502   0.1937   0.0248   0.0104   0.0000   0.0000   0.0064   0.0013   -0.372
   154   0.7666  -0.5610   0.0000  36.1620  13.5246   0.3697   0.1907   0.0170   0.0102   0.0009   0.0000   0.0070   0.0020   -0.435
   155   0.1963  -0.1870   0.0000  37.5333  14.0374   0.3824   0.1926   0.0116   0.0100   0.0022   0.0000   0.0071   0.0032   -0.462
   156   0.1963   0.1870   0.0000  37.5333  14.0374   0.3824   0.1926   0.0116   0.0100   0.0022   0.0000   0.0071   0.0032   -0.462
   157   0.7666   0.5610   0.0000  36.1620  13.5246   0.3697   0.1907   0.0170   0.0102   0.0009   0.0000   0.0070   0.0020   -0.435
   158   1.6676   0.9350   0.0000  34.0626  12.7394   0.3502   0.1937   0.0248   0.0104   0.0000   0.0000   0.0064   0.0013   -0.372
   159   2.9202   1.3090   0.0000  31.2096  11.6724   0.3227   0.2112   0.0395   0.0106  -0.0012   0.0000   0.0052   0.0006   -0.240
   160   5.0231   1.6830   0.0000  26.5957   9.9468   0.2233   0.1947   0.0959   0.0089  -0.0037   0.0000   0.0041   0.0003   -0.206

  Surface # 7     fuselage_vertical                       
     # Chordwise = 10   # Spanwise = 10     First strip =161
     Surface area Ssurf =  123.841199     Ave. chord Cave =   33.112620

 Forces referred to Sref, Cref, Bref about Xref, Yref, Zref
 Standard axis orientation,  X fwd, Z down         
     CLsurf  =  -0.00000     Clsurf  =   0.00000
     CYsurf  =  -0.00000     Cmsurf  =   0.00000
     CDsurf  =   0.00000     Cnsurf  =   0.00000
     CDisurf =   0.00000     CDvsurf =   0.00000

 Forces referred to Ssurf, Cave 
     CLsurf  =   0.00000     CDsurf  =   0.00000

 Strip Forces referred to Strip Area, Chord
    j     Xle      Yle      Zle      Chord    Area     c_cl     ai     cl_norm    cl       cd       cdv    cm_c/4     cm_LE   C.P.x/c
   161   5.0231   0.0000  -1.6830  26.5957   9.9468   0.0000   0.0000   0.0000   0.0000  -0.0000   0.0000  -0.0000  -0.0000  999.000
   162   2.9203   0.0000  -1.3090  31.2096  11.6724   0.0000   0.0000   0.0000   0.0000   0.0000   0.0000   0.0000   0.0000   -0.586
   163   1.6676   0.0000  -0.9350  34.0626  12.7394   0.0000   0.0000   0.0000   0.0000   0.0000   0.0000   0.0000   0.0000    0.174
   164   0.7666   0.0000  -0.5610  36.1620  13.5246   0.0000  -0.0000   0.0000   0.0000   0.0000   0.0000  -0.0000  -0.0000    0.316
   165   0.1963   0.0000  -0.1870  37.5333  14.0374   0.0000   0.0000   0.0000   0.0000   0.0000   0.0000  -0.0000  -0.0000    0.454
   166   0.1963   0.0000   0.1870  37.5333  14.0374   0.0000  -0.0000   0.0000   0.0000  -0.0000   0.0000  -0.0000  -0.0000    0.609
   167   0.7666   0.0000   0.5610  36.1620  13.5246   0.0000  -0.0000   0.0000   0.0000   0.0000   0.0000  -0.0000  -0.0000    0.637
   168   1.6676   0.0000   0.9350  34.0626  12.7394   0.0000  -0.0000   0.0000   0.0000  -0.0000   0.0000  -0.0000  -0.0000    0.740
   169   2.9202   0.0000   1.3090  31.2096  11.6724   0.0000  -0.0000   0.0000   0.0000  -0.0000   0.0000  -0.0000  -0.0000    0.696
   170   5.0231   0.0000   1.6830  26.5957   9.9468   0.0000   0.0000   0.0000   0.0000   0.0000   0.0000  -0.0000  -0.0000    0.757
 ---------------------------------------------------------------
