 ---------------------------------------------------------------
 Surface and Strip Forces by surface

  Sref =  124.86       Cref =  4.4875       Bref =  34.320    
  Xref =  15.310       Yref =  0.0000       Zref =-0.48024    

  Surface # 1     main_wing                               
     # Chordwise = 10   # Spanwise = 30     First strip =  1
     Surface area Ssurf =   63.968838     Ave. chord Cave =    3.715026

 Forces referred to Sref, Cref, Bref about Xref, Yref, Zref
 Standard axis orientation,  X fwd, Z down         
     CLsurf  =   0.53410     Clsurf  =  -0.10539
     CYsurf  =  -0.02494     Cmsurf  =  -0.45810
     CDsurf  =   0.02414     Cnsurf  =  -0.01647
     CDisurf =   0.02414     CDvsurf =   0.00000

 Forces referred to Ssurf, Cave 
     CLsurf  =   1.04341     CDsurf  =   0.04711

 Strip Forces referred to Strip Area, Chord
    j     Xle      Yle      Zle      Chord    Area     c_cl     ai     cl_norm    cl       cd       cdv    cm_c/4     cm_LE   C.P.x/c
     1  13.6181   0.0114  -0.9295   7.7520   0.3539   6.7860   0.2308   0.8931   0.6931   1.1064   0.0000  -0.0505  -0.2218    0.323
     2  13.6830   0.1025  -0.9255   7.6885   1.0492   6.0167   0.2306   0.9764   0.7578   0.2082   0.0000  -0.0500  -0.2025    0.316
     3  13.8120   0.2837  -0.9176   7.5620   1.7073   5.9536   0.2293   0.9954   0.7726   0.1520   0.0000  -0.0470  -0.2011    0.311
     4  14.0037   0.5530  -0.9059   7.3741   2.3052   5.9231   0.2262   1.0200   0.7917   0.1355   0.0000  -0.0422  -0.2005    0.303
     5  14.2560   0.9075  -0.8904   7.1267   2.8223   5.8826   0.2192   1.0520   0.8165   0.1225   0.0000  -0.0368  -0.2007    0.295
     6  14.5662   1.3432  -0.8714   6.8226   3.2414   5.8181   0.2022   1.0908   0.8466   0.1094   0.0000  -0.0317  -0.2023    0.287
     7  14.9309   1.8554  -0.8490   6.4651   3.5491   5.7206   0.1655   1.1358   0.8815   0.0961   0.0000  -0.0275  -0.2055    0.281
     8  15.3460   2.4386  -0.8236   6.0582   3.7368   5.5835   0.1295   1.1871   0.9213   0.0821   0.0000  -0.0244  -0.2106    0.277
     9  15.8070   3.0862  -0.7953   5.6062   3.8005   5.4029   0.1141   1.2457   0.9668   0.0667   0.0000  -0.0226  -0.2179    0.273
    10  16.2877   3.7613  -0.7658   5.1351   3.4440   5.1886   0.1019   1.3103   1.0169   0.0515   0.0000  -0.0217  -0.2268    0.271
    11  16.7803   4.4532  -0.7356   4.6522   3.3149   4.9497   0.0863   1.3839   1.0740   0.0362   0.0000  -0.0211  -0.2374    0.270
    12  17.2999   5.1831  -0.7037   4.1429   3.0930   4.6874   0.0611   1.4774   1.1466   0.0133   0.0000  -0.0195  -0.2500    0.267
    13  17.8026   6.0123  -0.6437   3.7903   3.4706   4.3999   0.0432   1.4478   1.1780   0.0043   0.0000  -0.0108  -0.2741    0.259
    14  18.2809   6.9353  -0.5549   3.6075   3.3775   4.1760   0.0396   1.4436   1.1746   0.0050   0.0000  -0.0108  -0.2734    0.259
    15  18.7672   7.8737  -0.4645   3.4215   3.2389   3.9665   0.0334   1.4461   1.1766   0.0033   0.0000  -0.0112  -0.2741    0.259
    16  19.2562   8.8172  -0.3736   3.2345   3.0619   3.7624   0.0292   1.4514   1.1810   0.0012   0.0000  -0.0118  -0.2756    0.260
    17  19.7425   9.7556  -0.2833   3.0486   2.8543   3.5605   0.0280   1.4578   1.1862  -0.0011   0.0000  -0.0126  -0.2774    0.261
    18  20.2208  10.6786  -0.1944   2.8657   2.6239   3.3597   0.0287   1.4639   1.1911  -0.0034   0.0000  -0.0135  -0.2792    0.261
    19  20.6858  11.5760  -0.1080   2.6879   2.3787   3.1600   0.0307   1.4684   1.1948  -0.0057   0.0000  -0.0143  -0.2806    0.262
    20  21.1299  12.4328  -0.0255   2.5181   2.1010   2.9627   0.0344   1.4699   1.1960  -0.0072   0.0000  -0.0143  -0.2808    0.262
    21  21.5482  13.2400   0.0523   2.3582   1.8520   2.7665   0.0401   1.4658   1.1927  -0.0079   0.0000  -0.0130  -0.2789    0.261
    22  21.9390  13.9941   0.1249   2.2087   1.6074   2.5665   0.0479   1.4520   1.1815  -0.0084   0.0000  -0.0108  -0.2744    0.259
    23  22.2979  14.6868   0.1916   2.0715   1.3716   2.3566   0.0583   1.4217   1.1568  -0.0086   0.0000  -0.0071  -0.2656    0.256
    24  22.6211  15.3105   0.2516   1.9479   1.1479   2.1279   0.0713   1.3651   1.1107  -0.0080   0.0000  -0.0019  -0.2507    0.252
    25  22.9051  15.8583   0.3044   1.8393   0.9381   1.8692   0.0855   1.2694   1.0329  -0.0052   0.0000   0.0032  -0.2289    0.247
    26  23.1466  16.3244   0.3493   1.7470   0.7427   1.5720   0.0997   1.1213   0.9124   0.0075   0.0000   0.0000  -0.2051    0.250
    27  23.5299  16.6722   0.3828   1.4928   0.4131   1.2490   0.1140   2.8097   0.8587  -0.0491   0.0000  -0.0041  -0.1092    0.255
    28  23.9809  16.9098   0.4056   1.1466   0.2292   0.9214   0.1321   2.7339   0.8355  -0.1069   0.0000   0.0296  -0.0898    0.215
    29  24.2843  17.0696   0.4210   0.9138   0.1104   0.5669   0.1456   2.1517   0.6576  -0.1519   0.0000   0.0595  -0.0528    0.160
    30  24.4368  17.1499   0.4287   0.7967   0.0322   0.1915   0.1530   0.8674   0.2651  -0.1156   0.0000   0.0368  -0.0143    0.111

  Surface # 2     main_wing (YDUP)                        
     # Chordwise = 10   # Spanwise = 30     First strip = 31
     Surface area Ssurf =   63.968838     Ave. chord Cave =    3.715026

 Forces referred to Sref, Cref, Bref about Xref, Yref, Zref
 Standard axis orientation,  X fwd, Z down         
     CLsurf  =   0.53410     Clsurf  =   0.10539
     CYsurf  =   0.02494     Cmsurf  =  -0.45810
     CDsurf  =   0.02414     Cnsurf  =   0.01647
     CDisurf =   0.02414     CDvsurf =   0.00000

 Forces referred to Ssurf, Cave 
     CLsurf  =   1.04341     CDsurf  =   0.04711

 Strip Forces referred to Strip Area, Chord
    j     Xle      Yle      Zle      Chord    Area     c_cl     ai     cl_norm    cl       cd       cdv    cm_c/4     cm_LE   C.P.x/c
    31  13.6181  -0.0114  -0.9295   7.7520   0.3539   6.7860   0.2308   0.8931   0.6931   1.1064   0.0000  -0.0505   0.2218    0.323
    32  13.6830  -0.1025  -0.9255   7.6885   1.0492   6.0167   0.2306   0.9764   0.7578   0.2082   0.0000  -0.0500   0.2025    0.316
    33  13.8120  -0.2837  -0.9176   7.5620   1.7073   5.9536   0.2293   0.9954   0.7726   0.1520   0.0000  -0.0470   0.2011    0.311
    34  14.0037  -0.5530  -0.9059   7.3741   2.3052   5.9231   0.2262   1.0200   0.7917   0.1355   0.0000  -0.0422   0.2005    0.303
    35  14.2560  -0.9075  -0.8904   7.1267   2.8223   5.8826   0.2192   1.0520   0.8165   0.1225   0.0000  -0.0368   0.2007    0.295
    36  14.5662  -1.3432  -0.8714   6.8226   3.2414   5.8181   0.2022   1.0908   0.8466   0.1094   0.0000  -0.0317   0.2023    0.287
    37  14.9309  -1.8554  -0.8490   6.4651   3.5491   5.7206   0.1655   1.1358   0.8815   0.0961   0.0000  -0.0275   0.2055    0.281
    38  15.3460  -2.4386  -0.8236   6.0582   3.7368   5.5835   0.1295   1.1871   0.9213   0.0821   0.0000  -0.0244   0.2106    0.277
    39  15.8070  -3.0862  -0.7953   5.6062   3.8005   5.4029   0.1141   1.2457   0.9668   0.0667   0.0000  -0.0226   0.2179    0.273
    40  16.2877  -3.7613  -0.7658   5.1351   3.4440   5.1886   0.1019   1.3103   1.0169   0.0515   0.0000  -0.0217   0.2268    0.271
    41  16.7803  -4.4532  -0.7356   4.6522   3.3149   4.9497   0.0863   1.3839   1.0740   0.0362   0.0000  -0.0211   0.2374    0.270
    42  17.2999  -5.1831  -0.7037   4.1429   3.0930   4.6874   0.0611   1.4774   1.1466   0.0133   0.0000  -0.0195   0.2500    0.267
    43  17.8026  -6.0123  -0.6437   3.7903   3.4706   4.3999   0.0432   1.4478   1.1780   0.0043   0.0000  -0.0108   0.2741    0.259
    44  18.2809  -6.9353  -0.5549   3.6075   3.3775   4.1760   0.0396   1.4436   1.1746   0.0050   0.0000  -0.0108   0.2734    0.259
    45  18.7672  -7.8737  -0.4645   3.4215   3.2389   3.9665   0.0334   1.4461   1.1766   0.0033   0.0000  -0.0112   0.2741    0.259
    46  19.2562  -8.8172  -0.3736   3.2345   3.0619   3.7624   0.0292   1.4514   1.1810   0.0012   0.0000  -0.0118   0.2756    0.260
    47  19.7425  -9.7556  -0.2833   3.0486   2.8543   3.5605   0.0280   1.4578   1.1862  -0.0011   0.0000  -0.0126   0.2774    0.261
    48  20.2208 -10.6786  -0.1944   2.8657   2.6239   3.3597   0.0287   1.4639   1.1911  -0.0034   0.0000  -0.0135   0.2792    0.261
    49  20.6858 -11.5760  -0.1080   2.6879   2.3787   3.1600   0.0307   1.4684   1.1948  -0.0057   0.0000  -0.0143   0.2806    0.262
    50  21.1299 -12.4328  -0.0255   2.5181   2.1010   2.9627   0.0344   1.4699   1.1960  -0.0072   0.0000  -0.0143   0.2808    0.262
    51  21.5482 -13.2400   0.0523   2.3582   1.8520   2.7665   0.0401   1.4658   1.1927  -0.0079   0.0000  -0.0130   0.2789    0.261
    52  21.9390 -13.9941   0.1249   2.2087   1.6074   2.5665   0.0479   1.4520   1.1815  -0.0084   0.0000  -0.0108   0.2744    0.259
    53  22.2979 -14.6868   0.1916   2.0715   1.3716   2.3566   0.0583   1.4217   1.1568  -0.0086   0.0000  -0.0071   0.2656    0.256
    54  22.6211 -15.3105   0.2516   1.9479   1.1479   2.1279   0.0713   1.3651   1.1107  -0.0080   0.0000  -0.0019   0.2507    0.252
    55  22.9051 -15.8583   0.3044   1.8393   0.9381   1.8692   0.0855   1.2694   1.0329  -0.0052   0.0000   0.0032   0.2289    0.247
    56  23.1466 -16.3244   0.3493   1.7470   0.7427   1.5720   0.0997   1.1213   0.9124   0.0075   0.0000   0.0000   0.2051    0.250
    57  23.5299 -16.6722   0.3828   1.4928   0.4131   1.2490   0.1140   2.8097   0.8587  -0.0491   0.0000  -0.0041   0.1092    0.255
    58  23.9809 -16.9098   0.4056   1.1466   0.2292   0.9214   0.1321   2.7339   0.8355  -0.1069   0.0000   0.0296   0.0898    0.215
    59  24.2843 -17.0696   0.4210   0.9138   0.1104   0.5669   0.1456   2.1517   0.6576  -0.1519   0.0000   0.0595   0.0528    0.160
    60  24.4368 -17.1499   0.4287   0.7967   0.0322   0.1915   0.1530   0.8674   0.2651  -0.1156   0.0000   0.0368   0.0143    0.111

  Surface # 3     horizontal_stabilizer                   
     # Chordwise = 10   # Spanwise = 30     First strip = 61
     Surface area Ssurf =   20.744605     Ave. chord Cave =    2.848571

 Forces referred to Sref, Cref, Bref about Xref, Yref, Zref
 Standard axis orientation,  X fwd, Z down         
     CLsurf  =   0.06570     Clsurf  =  -0.00677
     CYsurf  =  -0.01050     Cmsurf  =  -0.30434
     CDsurf  =   0.00694     Cnsurf  =   0.00557
     CDisurf =   0.00694     CDvsurf =   0.00000

 Forces referred to Ssurf, Cave 
     CLsurf  =   0.40043     CDsurf  =   0.04175

 Strip Forces referred to Strip Area, Chord
    j     Xle      Yle      Zle      Chord    Area     c_cl     ai     cl_norm    cl       cd       cdv    cm_c/4     cm_LE   C.P.x/c
    61  33.0230   0.0046   1.4667   4.2713   0.0803   1.7344   0.1730   0.4761   0.3619   0.2848   0.0000  -0.0190  -0.1048    0.302
    62  33.0469   0.0418   1.4723   4.2566   0.2392   1.3960   0.1737   0.4231   0.3216   0.0641   0.0000  -0.0185  -0.0879    0.308
    63  33.0943   0.1156   1.4835   4.2274   0.3930   1.3702   0.1740   0.4214   0.3203   0.0495   0.0000  -0.0176  -0.0863    0.305
    64  33.1649   0.2254   1.5002   4.1839   0.5386   1.3638   0.1735   0.4246   0.3227   0.0465   0.0000  -0.0159  -0.0853    0.299
    65  33.2578   0.3698   1.5221   4.1268   0.6730   1.3607   0.1719   0.4299   0.3268   0.0451   0.0000  -0.0137  -0.0844    0.292
    66  33.3719   0.5474   1.5490   4.0565   0.7936   1.3579   0.1691   0.4368   0.3321   0.0442   0.0000  -0.0115  -0.0837    0.285
    67  33.5097   0.7617   1.5816   3.9717   0.9441   1.3541   0.1646   0.4453   0.3385   0.0434   0.0000  -0.0093  -0.0832    0.277
    68  33.6704   1.0116   1.6195   3.8728   1.0344   1.3486   0.1582   0.4552   0.3460   0.0428   0.0000  -0.0072  -0.0831    0.271
    69  33.8488   1.2891   1.6616   3.7630   1.1046   1.3414   0.1500   0.4663   0.3544   0.0424   0.0000  -0.0055  -0.0835    0.265
    70  34.0430   1.5912   1.7075   3.6435   1.1542   1.3323   0.1408   0.4786   0.3638   0.0422   0.0000  -0.0040  -0.0843    0.261
    71  34.2510   1.9146   1.7565   3.5155   1.1831   1.3213   0.1316   0.4922   0.3741   0.0422   0.0000  -0.0028  -0.0855    0.257
    72  34.4703   2.2558   1.8083   3.3805   1.1921   1.3084   0.1234   0.5072   0.3855   0.0422   0.0000  -0.0017  -0.0871    0.254
    73  34.6987   2.6109   1.8622   3.2400   1.1821   1.2934   0.1171   0.5234   0.3978   0.0423   0.0000  -0.0008  -0.0890    0.252
    74  34.9335   2.9762   1.9177   3.0955   1.1548   1.2762   0.1126   0.5408   0.4111   0.0425   0.0000   0.0001  -0.0912    0.250
    75  35.1723   3.3476   1.9740   2.9485   1.1122   1.2563   0.1095   0.5592   0.4251   0.0425   0.0000   0.0010  -0.0935    0.248
    76  35.4124   3.7210   2.0307   2.8008   1.0564   1.2331   0.1075   0.5782   0.4395   0.0425   0.0000   0.0019  -0.0959    0.246
    77  35.6512   4.0924   2.0871   2.6538   0.9900   1.2060   0.1065   0.5972   0.4539   0.0424   0.0000   0.0030  -0.0982    0.243
    78  35.8861   4.4577   2.1425   2.5093   0.9155   1.1741   0.1063   0.6153   0.4676   0.0420   0.0000   0.0042  -0.1001    0.241
    79  36.1144   4.8128   2.1964   2.3687   0.8353   1.1366   0.1069   0.6314   0.4799   0.0413   0.0000   0.0057  -0.1015    0.238
    80  36.3338   5.1540   2.2482   2.2338   0.7518   1.0927   0.1084   0.6440   0.4895   0.0403   0.0000   0.0076  -0.1020    0.234
    81  36.5417   5.4774   2.2973   2.1058   0.6671   1.0413   0.1108   0.6515   0.4952   0.0389   0.0000   0.0100  -0.1011    0.230
    82  36.7359   5.7795   2.3431   1.9862   0.5830   0.9817   0.1140   0.6516   0.4953   0.0370   0.0000   0.0130  -0.0986    0.224
    83  36.9144   6.0570   2.3852   1.8764   0.5012   0.9130   0.1179   0.6419   0.4879   0.0344   0.0000   0.0167  -0.0938    0.216
    84  37.0750   6.3069   2.4232   1.7776   0.4225   0.8344   0.1222   0.6198   0.4711   0.0311   0.0000   0.0209  -0.0866    0.206
    85  37.2162   6.5264   2.4565   1.6907   0.3478   0.7456   0.1266   0.5828   0.4430   0.0270   0.0000   0.0252  -0.0767    0.193
    86  37.3480   6.7314   2.4876   1.6096   0.3326   0.6413   0.1309   0.5271   0.4006   0.0223   0.0000   0.0291  -0.0641    0.177
    87  37.4657   6.9144   2.5154   1.5372   0.2507   0.5161   0.1350   0.4448   0.3380   0.0161   0.0000   0.0311  -0.0485    0.158
    88  37.5551   7.0535   2.5365   1.4822   0.1746   0.3782   0.1382   0.3386   0.2574   0.0095   0.0000   0.0288  -0.0325    0.138
    89  37.6153   7.1471   2.5508   1.4451   0.1029   0.2308   0.1405   0.2126   0.1616   0.0034   0.0000   0.0209  -0.0180    0.121
    90  37.6455   7.1941   2.5579   1.4265   0.0340   0.0776   0.1417   0.0733   0.0557  -0.0028   0.0000   0.0077  -0.0057    0.112

  Surface # 4     horizontal_stabilizer (YDUP)            
     # Chordwise = 10   # Spanwise = 30     First strip = 91
     Surface area Ssurf =   20.744605     Ave. chord Cave =    2.848571

 Forces referred to Sref, Cref, Bref about Xref, Yref, Zref
 Standard axis orientation,  X fwd, Z down         
     CLsurf  =   0.06570     Clsurf  =   0.00677
     CYsurf  =   0.01050     Cmsurf  =  -0.30434
     CDsurf  =   0.00694     Cnsurf  =  -0.00557
     CDisurf =   0.00694     CDvsurf =   0.00000

 Forces referred to Ssurf, Cave 
     CLsurf  =   0.40043     CDsurf  =   0.04175

 Strip Forces referred to Strip Area, Chord
    j     Xle      Yle      Zle      Chord    Area     c_cl     ai     cl_norm    cl       cd       cdv    cm_c/4     cm_LE   C.P.x/c
    91  33.0230  -0.0046   1.4667   4.2713   0.0803   1.7344   0.1730   0.4761   0.3619   0.2848   0.0000  -0.0190   0.1048    0.302
    92  33.0469  -0.0418   1.4723   4.2566   0.2392   1.3960   0.1737   0.4231   0.3216   0.0641   0.0000  -0.0185   0.0879    0.308
    93  33.0943  -0.1156   1.4835   4.2274   0.3930   1.3702   0.1740   0.4214   0.3203   0.0495   0.0000  -0.0176   0.0863    0.305
    94  33.1649  -0.2254   1.5002   4.1839   0.5386   1.3638   0.1735   0.4246   0.3227   0.0465   0.0000  -0.0159   0.0853    0.299
    95  33.2578  -0.3698   1.5221   4.1268   0.6730   1.3607   0.1719   0.4299   0.3268   0.0451   0.0000  -0.0137   0.0844    0.292
    96  33.3719  -0.5474   1.5490   4.0565   0.7936   1.3579   0.1691   0.4368   0.3321   0.0442   0.0000  -0.0115   0.0837    0.285
    97  33.5097  -0.7617   1.5816   3.9717   0.9441   1.3541   0.1646   0.4453   0.3385   0.0434   0.0000  -0.0093   0.0832    0.277
    98  33.6704  -1.0116   1.6195   3.8728   1.0344   1.3486   0.1582   0.4552   0.3460   0.0428   0.0000  -0.0072   0.0831    0.271
    99  33.8488  -1.2891   1.6616   3.7630   1.1046   1.3414   0.1500   0.4663   0.3544   0.0424   0.0000  -0.0055   0.0835    0.265
   100  34.0430  -1.5912   1.7075   3.6435   1.1542   1.3323   0.1408   0.4786   0.3638   0.0422   0.0000  -0.0040   0.0843    0.261
   101  34.2510  -1.9146   1.7565   3.5155   1.1831   1.3213   0.1316   0.4922   0.3741   0.0422   0.0000  -0.0028   0.0855    0.257
   102  34.4703  -2.2558   1.8083   3.3805   1.1921   1.3084   0.1234   0.5072   0.3855   0.0422   0.0000  -0.0017   0.0871    0.254
   103  34.6987  -2.6109   1.8622   3.2400   1.1821   1.2934   0.1171   0.5234   0.3978   0.0423   0.0000  -0.0008   0.0890    0.252
   104  34.9335  -2.9762   1.9177   3.0955   1.1548   1.2762   0.1126   0.5408   0.4111   0.0425   0.0000   0.0001   0.0912    0.250
   105  35.1723  -3.3476   1.9740   2.9485   1.1122   1.2563   0.1095   0.5592   0.4251   0.0425   0.0000   0.0010   0.0935    0.248
   106  35.4124  -3.7210   2.0307   2.8008   1.0564   1.2331   0.1075   0.5782   0.4395   0.0425   0.0000   0.0019   0.0959    0.246
   107  35.6512  -4.0924   2.0871   2.6538   0.9900   1.2060   0.1065   0.5972   0.4539   0.0424   0.0000   0.0030   0.0982    0.243
   108  35.8861  -4.4577   2.1425   2.5093   0.9155   1.1741   0.1063   0.6153   0.4676   0.0420   0.0000   0.0042   0.1001    0.241
   109  36.1144  -4.8128   2.1964   2.3687   0.8353   1.1366   0.1069   0.6314   0.4799   0.0413   0.0000   0.0057   0.1015    0.238
   110  36.3338  -5.1540   2.2482   2.2338   0.7518   1.0927   0.1084   0.6440   0.4895   0.0403   0.0000   0.0076   0.1020    0.234
   111  36.5417  -5.4774   2.2973   2.1058   0.6671   1.0413   0.1108   0.6515   0.4952   0.0389   0.0000   0.0100   0.1011    0.230
   112  36.7359  -5.7795   2.3431   1.9862   0.5830   0.9817   0.1140   0.6516   0.4953   0.0370   0.0000   0.0130   0.0986    0.224
   113  36.9144  -6.0570   2.3852   1.8764   0.5012   0.9130   0.1179   0.6419   0.4879   0.0344   0.0000   0.0167   0.0938    0.216
   114  37.0750  -6.3069   2.4232   1.7776   0.4225   0.8344   0.1222   0.6198   0.4711   0.0311   0.0000   0.0209   0.0866    0.206
   115  37.2162  -6.5264   2.4565   1.6907   0.3478   0.7456   0.1266   0.5828   0.4430   0.0270   0.0000   0.0252   0.0767    0.193
   116  37.3480  -6.7314   2.4876   1.6096   0.3326   0.6413   0.1309   0.5271   0.4006   0.0223   0.0000   0.0291   0.0641    0.177
   117  37.4657  -6.9144   2.5154   1.5372   0.2507   0.5161   0.1350   0.4448   0.3380   0.0161   0.0000   0.0311   0.0485    0.158
   118  37.5551  -7.0535   2.5365   1.4822   0.1746   0.3782   0.1382   0.3386   0.2574   0.0095   0.0000   0.0288   0.0325    0.138
   119  37.6153  -7.1471   2.5508   1.4451   0.1029   0.2308   0.1405   0.2126   0.1616   0.0034   0.0000   0.0209   0.0180    0.121
   120  37.6455  -7.1941   2.5579   1.4265   0.0340   0.0776   0.1417   0.0733   0.0557  -0.0028   0.0000   0.0077   0.0057    0.112

  Surface # 5     vertical_stabilizer                     
     # Chordwise = 10   # Spanwise = 30     First strip =121
     Surface area Ssurf =   34.910363     Ave. chord Cave =    4.190920

 Forces referred to Sref, Cref, Bref about Xref, Yref, Zref
 Standard axis orientation,  X fwd, Z down         
     CLsurf  =  -0.00000     Clsurf  =  -0.00000
     CYsurf  =  -0.00000     Cmsurf  =   0.00000
     CDsurf  =   0.00000     Cnsurf  =   0.00000
     CDisurf =   0.00000     CDvsurf =   0.00000

 Forces referred to Ssurf, Cave 
     CLsurf  =   0.00000     CDsurf  =   0.00000

 Strip Forces referred to Strip Area, Chord
    j     Xle      Yle      Zle      Chord    Area     c_cl     ai     cl_norm    cl       cd       cdv    cm_c/4     cm_LE   C.P.x/c
   121  27.0137   0.0000   1.5690  10.0347   0.6931  -0.0000  -0.0000  -0.0000  -0.0000   0.0000   0.0000   0.0000   0.0000    1.774
   122  27.2327   0.0000   1.6601   9.8296   1.1101   0.0000  -0.0000   0.0000   0.0000  -0.0000   0.0000   0.0000   0.0000   -0.834
   123  27.5561   0.0000   1.7947   9.5266   1.4857  -0.0000  -0.0000  -0.0000  -0.0000  -0.0000   0.0000   0.0000   0.0000    1.775
   124  27.9815   0.0000   1.9717   9.1281   1.8040  -0.0000  -0.0000  -0.0000  -0.0000   0.0000   0.0000   0.0000   0.0000    1.049
   125  28.5051   0.0000   2.1895   8.6377   2.0517  -0.0000  -0.0000  -0.0000  -0.0000   0.0000   0.0000   0.0000   0.0000    1.740
   126  29.1220   0.0000   2.4462   8.0598   2.2181  -0.0000   0.0000  -0.0000  -0.0000   0.0000   0.0000   0.0000   0.0000    0.925
   127  29.8264   0.0000   2.7392   7.4000   2.2957  -0.0000   0.0000  -0.0000  -0.0000   0.0000   0.0000  -0.0000  -0.0000  999.000
   128  30.6115   0.0000   3.0659   6.6646   2.2808  -0.0000   0.0000  -0.0000  -0.0000   0.0000   0.0000  -0.0000   0.0000   -0.044
   129  31.4694   0.0000   3.4228   5.8609   2.1733  -0.0000  -0.0000  -0.0000  -0.0000   0.0000   0.0000   0.0000   0.0000    0.469
   130  32.3918   0.0000   3.8066   4.9969   1.9773  -0.0000   0.0000  -0.0000  -0.0000  -0.0000   0.0000  -0.0000  -0.0000  999.000
   131  33.0131   0.0000   4.1929   4.4389   1.6667   0.0000   0.0000   0.0000   0.0000  -0.0000   0.0000  -0.0000  -0.0000    0.473
   132  33.3001   0.0000   4.5764   4.2198   1.6478   0.0000   0.0000   0.0000   0.0000   0.0000   0.0000  -0.0000  -0.0000    0.664
   133  33.5969   0.0000   4.9729   3.9932   1.6033   0.0000  -0.0000   0.0000   0.0000   0.0000   0.0000  -0.0000  -0.0000    0.341
   134  33.9004   0.0000   5.3784   3.7615   1.5362   0.0000  -0.0000   0.0000   0.0000   0.0000   0.0000   0.0000  -0.0000    0.153
   135  34.2075   0.0000   5.7886   3.5271   1.4499   0.0000   0.0000   0.0000   0.0000  -0.0000   0.0000  -0.0000  -0.0000    0.368
   136  34.5150   0.0000   6.1995   3.2923   1.3482   0.0000   0.0000   0.0000   0.0000   0.0000   0.0000  -0.0000  -0.0000    0.317
   137  34.8197   0.0000   6.6066   3.0597   1.2352   0.0000  -0.0000   0.0000   0.0000   0.0000   0.0000   0.0000  -0.0000    0.100
   138  35.1185   0.0000   7.0058   2.8315   1.1147   0.0000   0.0000   0.0000   0.0000   0.0000   0.0000   0.0000  -0.0000    0.097
   139  35.4083   0.0000   7.3929   2.6103   0.9908   0.0000   0.0000   0.0000   0.0000  -0.0000   0.0000  -0.0000  -0.0000    0.271
   140  35.6860   0.0000   7.7640   2.3983   0.8670   0.0000  -0.0000   0.0000   0.0000   0.0000   0.0000   0.0000  -0.0000    0.052
   141  35.9487   0.0000   8.1150   2.1977   0.7464   0.0000  -0.0000   0.0000   0.0000  -0.0000   0.0000   0.0000   0.0000   -0.260
   142  36.1937   0.0000   8.4424   2.0106   0.6318   0.0000  -0.0000   0.0000   0.0000   0.0000   0.0000   0.0000  -0.0000    0.027
   143  36.4185   0.0000   8.7426   1.8390   0.5251   0.0000   0.0000   0.0000   0.0000  -0.0000   0.0000   0.0000  -0.0000    0.131
   144  36.6206   0.0000   9.0127   1.6847   0.4276   0.0000   0.0000   0.0000   0.0000   0.0000   0.0000  -0.0000  -0.0000    0.292
   145  36.7980   0.0000   9.2496   1.5493   0.3400   0.0000   0.0000   0.0000   0.0000  -0.0000   0.0000   0.0000   0.0000   -0.352
   146  36.9487   0.0000   9.4510   1.4342   0.2622   0.0000  -0.0000   0.0000   0.0000  -0.0000   0.0000   0.0000   0.0000   -0.531
   147  37.0713   0.0000   9.6148   1.3407   0.1933   0.0000   0.0000   0.0000   0.0000   0.0000   0.0000   0.0000  -0.0000    0.015
   148  37.1643   0.0000   9.7391   1.2696   0.1322   0.0000   0.0000   0.0000   0.0000  -0.0000   0.0000   0.0000   0.0000   -0.195
   149  37.2269   0.0000   9.8227   1.2218   0.0769   0.0000   0.0000   0.0000   0.0000   0.0000   0.0000   0.0000   0.0000   -0.210
   150  37.2584   0.0000   9.8647   1.1978   0.0252   0.0000   0.0000   0.0000   0.0000  -0.0000   0.0000   0.0000   0.0000   -0.190

  Surface # 6     fuselage_horizontal                     
     # Chordwise = 10   # Spanwise = 10     First strip =151
     Surface area Ssurf =  123.841199     Ave. chord Cave =   33.112620

 Forces referred to Sref, Cref, Bref about Xref, Yref, Zref
 Standard axis orientation,  X fwd, Z down         
     CLsurf  =   0.01718     Clsurf  =   0.00000
     CYsurf  =  -0.00000     Cmsurf  =   0.08909
     CDsurf  =  -0.00015     Cnsurf  =  -0.00000
     CDisurf =  -0.00015     CDvsurf =   0.00000

 Forces referred to Ssurf, Cave 
     CLsurf  =   0.01732     CDsurf  =  -0.00015

 Strip Forces referred to Strip Area, Chord
    j     Xle      Yle      Zle      Chord    Area     c_cl     ai     cl_norm    cl       cd       cdv    cm_c/4     cm_LE   C.P.x/c
   151   5.0231  -1.6830   0.0000  26.5957   9.9468   0.3981   0.2618   0.1511   0.0162  -0.0056   0.0000   0.0062   0.0003   -0.131
   152   2.9203  -1.3090   0.0000  31.2096  11.6724   0.5549   0.2790   0.0658   0.0183  -0.0016   0.0000   0.0079   0.0009   -0.183
   153   1.6676  -0.9350   0.0000  34.0626  12.7394   0.6000   0.2506   0.0419   0.0179  -0.0000   0.0000   0.0098   0.0018   -0.298
   154   0.7666  -0.5610   0.0000  36.1620  13.5246   0.6258   0.2402   0.0286   0.0174   0.0012   0.0000   0.0107   0.0028   -0.366
   155   0.1963  -0.1870   0.0000  37.5333  14.0374   0.6416   0.2391   0.0194   0.0167   0.0035   0.0000   0.0109   0.0046   -0.401
   156   0.1963   0.1870   0.0000  37.5333  14.0374   0.6416   0.2391   0.0194   0.0167   0.0035   0.0000   0.0109   0.0046   -0.401
   157   0.7666   0.5610   0.0000  36.1620  13.5246   0.6258   0.2402   0.0286   0.0174   0.0012   0.0000   0.0107   0.0028   -0.366
   158   1.6676   0.9350   0.0000  34.0626  12.7394   0.6000   0.2506   0.0419   0.0179  -0.0000   0.0000   0.0098   0.0018   -0.298
   159   2.9202   1.3090   0.0000  31.2096  11.6724   0.5549   0.2790   0.0658   0.0183  -0.0016   0.0000   0.0079   0.0009   -0.183
   160   5.0231   1.6830   0.0000  26.5957   9.9468   0.3981   0.2618   0.1511   0.0162  -0.0056   0.0000   0.0062   0.0003   -0.131

  Surface # 7     fuselage_vertical                       
     # Chordwise = 10   # Spanwise = 10     First strip =161
     Surface area Ssurf =  123.841199     Ave. chord Cave =   33.112620

 Forces referred to Sref, Cref, Bref about Xref, Yref, Zref
 Standard axis orientation,  X fwd, Z down         
     CLsurf  =  -0.00000     Clsurf  =  -0.00000
     CYsurf  =  -0.00000     Cmsurf  =   0.00000
     CDsurf  =  -0.00000     Cnsurf  =   0.00000
     CDisurf =  -0.00000     CDvsurf =   0.00000

 Forces referred to Ssurf, Cave 
     CLsurf  =   0.00000     CDsurf  =  -0.00000

 Strip Forces referred to Strip Area, Chord
    j     Xle      Yle      Zle      Chord    Area     c_cl     ai     cl_norm    cl       cd       cdv    cm_c/4     cm_LE   C.P.x/c
   161   5.0231   0.0000  -1.6830  26.5957   9.9468  -0.0000   0.0000  -0.0000  -0.0000  -0.0000   0.0000   0.0000   0.0000    1.454
   162   2.9203   0.0000  -1.3090  31.2096  11.6724   0.0000   0.0000   0.0000   0.0000  -0.0000   0.0000   0.0000   0.0000   -0.472
   163   1.6676   0.0000  -0.9350  34.0626  12.7394   0.0000   0.0000   0.0000   0.0000  -0.0000   0.0000  -0.0000  -0.0000    0.599
   164   0.7666   0.0000  -0.5610  36.1620  13.5246   0.0000  -0.0000   0.0000   0.0000  -0.0000   0.0000  -0.0000  -0.0000    0.927
   165   0.1963   0.0000  -0.1870  37.5333  14.0374   0.0000  -0.0000   0.0000   0.0000   0.0000   0.0000  -0.0000  -0.0000    0.842
   166   0.1963   0.0000   0.1870  37.5333  14.0374   0.0000   0.0000   0.0000   0.0000  -0.0000   0.0000  -0.0000  -0.0000    0.888
   167   0.7666   0.0000   0.5610  36.1620  13.5246   0.0000   0.0000   0.0000   0.0000  -0.0000   0.0000  -0.0000  -0.0000    0.766
   168   1.6676   0.0000   0.9350  34.0626  12.7394   0.0000  -0.0000   0.0000   0.0000  -0.0000   0.0000  -0.0000  -0.0000    1.119
   169   2.9202   0.0000   1.3090  31.2096  11.6724   0.0000   0.0000   0.0000   0.0000  -0.0000   0.0000  -0.0000  -0.0000    0.868
   170   5.0231   0.0000   1.6830  26.5957   9.9468   0.0000  -0.0000   0.0000   0.0000  -0.0000   0.0000  -0.0000  -0.0000    0.993
 ---------------------------------------------------------------
