 ---------------------------------------------------------------
 Surface and Strip Forces by surface

  Sref =  124.86       Cref =  4.4875       Bref =  34.320    
  Xref =  15.310       Yref =  0.0000       Zref =-0.48024    

  Surface # 1     main_wing                               
     # Chordwise = 10   # Spanwise = 30     First strip =  1
     Surface area Ssurf =   63.968838     Ave. chord Cave =    3.715026

 Forces referred to Sref, Cref, Bref about Xref, Yref, Zref
 Standard axis orientation,  X fwd, Z down         
     CLsurf  =   0.09658     Clsurf  =  -0.01569
     CYsurf  =  -0.00657     Cmsurf  =  -0.07359
     CDsurf  =   0.00128     Cnsurf  =   0.00074
     CDisurf =   0.00128     CDvsurf =   0.00000

 Forces referred to Ssurf, Cave 
     CLsurf  =   0.18895     CDsurf  =   0.00250

 Strip Forces referred to Strip Area, Chord
    j     Xle      Yle      Zle      Chord    Area     c_cl     ai     cl_norm    cl       cd       cdv    cm_c/4     cm_LE   C.P.x/c
     1  13.6181   0.0114  -0.9295   7.7520   0.3539   1.6448   0.0486   0.2736   0.2122   0.0759   0.0000  -0.0137  -0.0544    0.315
     2  13.6830   0.1025  -0.9255   7.6885   1.0492   1.5942   0.0479   0.2673   0.2074   0.0169   0.0000  -0.0137  -0.0534    0.316
     3  13.8120   0.2837  -0.9176   7.5620   1.7073   1.5865   0.0463   0.2705   0.2098   0.0130   0.0000  -0.0130  -0.0533    0.312
     4  14.0037   0.5530  -0.9059   7.3741   2.3052   1.5741   0.0437   0.2752   0.2135   0.0114   0.0000  -0.0119  -0.0532    0.306
     5  14.2560   0.9075  -0.8904   7.1267   2.8223   1.5502   0.0405   0.2805   0.2175   0.0099   0.0000  -0.0108  -0.0531    0.300
     6  14.5662   1.3432  -0.8714   6.8226   3.2414   1.5101   0.0382   0.2854   0.2213   0.0083   0.0000  -0.0099  -0.0532    0.295
     7  14.9309   1.8554  -0.8490   6.4651   3.5491   1.4496   0.0402   0.2891   0.2242   0.0067   0.0000  -0.0094  -0.0534    0.292
     8  15.3460   2.4386  -0.8236   6.0582   3.7368   1.3661   0.0405   0.2907   0.2255   0.0048   0.0000  -0.0095  -0.0536    0.292
     9  15.8070   3.0862  -0.7953   5.6062   3.8005   1.2595   0.0318   0.2897   0.2247   0.0028   0.0000  -0.0100  -0.0539    0.295
    10  16.2877   3.7613  -0.7658   5.1351   3.4440   1.1391   0.0217   0.2860   0.2218   0.0011   0.0000  -0.0107  -0.0539    0.298
    11  16.7803   4.4532  -0.7356   4.6522   3.3149   1.0117   0.0122   0.2804   0.2175  -0.0003   0.0000  -0.0115  -0.0537    0.303
    12  17.2999   5.1831  -0.7037   4.1429   3.0930   0.8772  -0.0004   0.2730   0.2117  -0.0020   0.0000  -0.0125  -0.0533    0.309
    13  17.8026   6.0123  -0.6437   3.7903   3.4706   0.7556  -0.0073   0.2428   0.1994  -0.0024   0.0000  -0.0131  -0.0559    0.316
    14  18.2809   6.9353  -0.5549   3.6075   3.3775   0.6677  -0.0044   0.2254   0.1851  -0.0018   0.0000  -0.0138  -0.0534    0.325
    15  18.7672   7.8737  -0.4645   3.4215   3.2389   0.5960  -0.0025   0.2121   0.1742  -0.0015   0.0000  -0.0146  -0.0517    0.334
    16  19.2562   8.8172  -0.3736   3.2345   3.0619   0.5350  -0.0014   0.2015   0.1654  -0.0013   0.0000  -0.0156  -0.0506    0.344
    17  19.7425   9.7556  -0.2833   3.0486   2.8543   0.4821  -0.0009   0.1926   0.1581  -0.0011   0.0000  -0.0167  -0.0500    0.356
    18  20.2208  10.6786  -0.1944   2.8657   2.6239   0.4356  -0.0008   0.1851   0.1520  -0.0010   0.0000  -0.0180  -0.0498    0.369
    19  20.6858  11.5760  -0.1080   2.6879   2.3787   0.3950  -0.0008   0.1790   0.1470  -0.0009   0.0000  -0.0194  -0.0499    0.382
    20  21.1299  12.4328  -0.0255   2.5181   2.1010   0.3607  -0.0003   0.1745   0.1433  -0.0008   0.0000  -0.0202  -0.0498    0.391
    21  21.5482  13.2400   0.0523   2.3582   1.8520   0.3317   0.0009   0.1713   0.1407  -0.0007   0.0000  -0.0204  -0.0493    0.395
    22  21.9390  13.9941   0.1249   2.2087   1.6074   0.3056   0.0023   0.1685   0.1384  -0.0006   0.0000  -0.0203  -0.0488    0.397
    23  22.2979  14.6868   0.1916   2.0715   1.3716   0.2808   0.0041   0.1651   0.1355  -0.0005   0.0000  -0.0200  -0.0479    0.398
    24  22.6211  15.3105   0.2516   1.9479   1.1479   0.2554   0.0064   0.1597   0.1311  -0.0004   0.0000  -0.0195  -0.0465    0.399
    25  22.9051  15.8583   0.3044   1.8393   0.9381   0.2274   0.0092   0.1505   0.1236  -0.0002   0.0000  -0.0186  -0.0440    0.400
    26  23.1466  16.3244   0.3493   1.7470   0.7427   0.1942   0.0121   0.1354   0.1112  -0.0001   0.0000  -0.0174  -0.0402    0.406
    27  23.5299  16.6722   0.3828   1.4928   0.4131   0.1565   0.0146   0.3499   0.1048  -0.0005   0.0000  -0.0145  -0.0190    0.388
    28  23.9809  16.9098   0.4056   1.1466   0.2292   0.1170   0.0180   0.3407   0.1021  -0.0013   0.0000  -0.0096  -0.0164    0.344
    29  24.2843  17.0696   0.4210   0.9138   0.1104   0.0729   0.0212   0.2664   0.0798  -0.0018   0.0000  -0.0035  -0.0110    0.294
    30  24.4368  17.1499   0.4287   0.7967   0.0322   0.0249   0.0234   0.1042   0.0312  -0.0013   0.0000  -0.0002  -0.0038    0.257

  Surface # 2     main_wing (YDUP)                        
     # Chordwise = 10   # Spanwise = 30     First strip = 31
     Surface area Ssurf =   63.968838     Ave. chord Cave =    3.715026

 Forces referred to Sref, Cref, Bref about Xref, Yref, Zref
 Standard axis orientation,  X fwd, Z down         
     CLsurf  =   0.09658     Clsurf  =   0.01569
     CYsurf  =   0.00657     Cmsurf  =  -0.07359
     CDsurf  =   0.00128     Cnsurf  =  -0.00074
     CDisurf =   0.00128     CDvsurf =   0.00000

 Forces referred to Ssurf, Cave 
     CLsurf  =   0.18895     CDsurf  =   0.00250

 Strip Forces referred to Strip Area, Chord
    j     Xle      Yle      Zle      Chord    Area     c_cl     ai     cl_norm    cl       cd       cdv    cm_c/4     cm_LE   C.P.x/c
    31  13.6181  -0.0114  -0.9295   7.7520   0.3539   1.6448   0.0486   0.2736   0.2122   0.0759   0.0000  -0.0137   0.0544    0.315
    32  13.6830  -0.1025  -0.9255   7.6885   1.0492   1.5942   0.0479   0.2673   0.2074   0.0169   0.0000  -0.0137   0.0534    0.316
    33  13.8120  -0.2837  -0.9176   7.5620   1.7073   1.5865   0.0463   0.2705   0.2098   0.0130   0.0000  -0.0130   0.0533    0.312
    34  14.0037  -0.5530  -0.9059   7.3741   2.3052   1.5741   0.0437   0.2752   0.2135   0.0114   0.0000  -0.0119   0.0532    0.306
    35  14.2560  -0.9075  -0.8904   7.1267   2.8223   1.5502   0.0405   0.2805   0.2175   0.0099   0.0000  -0.0108   0.0531    0.300
    36  14.5662  -1.3432  -0.8714   6.8226   3.2414   1.5101   0.0382   0.2854   0.2213   0.0083   0.0000  -0.0099   0.0532    0.295
    37  14.9309  -1.8554  -0.8490   6.4651   3.5491   1.4496   0.0402   0.2891   0.2242   0.0067   0.0000  -0.0094   0.0534    0.292
    38  15.3460  -2.4386  -0.8236   6.0582   3.7368   1.3661   0.0405   0.2907   0.2255   0.0048   0.0000  -0.0095   0.0536    0.292
    39  15.8070  -3.0862  -0.7953   5.6062   3.8005   1.2595   0.0318   0.2897   0.2247   0.0028   0.0000  -0.0100   0.0539    0.295
    40  16.2877  -3.7613  -0.7658   5.1351   3.4440   1.1391   0.0217   0.2860   0.2218   0.0011   0.0000  -0.0107   0.0539    0.298
    41  16.7803  -4.4532  -0.7356   4.6522   3.3149   1.0117   0.0122   0.2804   0.2175  -0.0003   0.0000  -0.0115   0.0537    0.303
    42  17.2999  -5.1831  -0.7037   4.1429   3.0930   0.8772  -0.0004   0.2730   0.2117  -0.0020   0.0000  -0.0125   0.0533    0.309
    43  17.8026  -6.0123  -0.6437   3.7903   3.4706   0.7556  -0.0073   0.2428   0.1994  -0.0024   0.0000  -0.0131   0.0559    0.316
    44  18.2809  -6.9353  -0.5549   3.6075   3.3775   0.6677  -0.0044   0.2254   0.1851  -0.0018   0.0000  -0.0138   0.0534    0.325
    45  18.7672  -7.8737  -0.4645   3.4215   3.2389   0.5960  -0.0025   0.2121   0.1742  -0.0015   0.0000  -0.0146   0.0517    0.334
    46  19.2562  -8.8172  -0.3736   3.2345   3.0619   0.5350  -0.0014   0.2015   0.1654  -0.0013   0.0000  -0.0156   0.0506    0.344
    47  19.7425  -9.7556  -0.2833   3.0486   2.8543   0.4821  -0.0009   0.1926   0.1581  -0.0011   0.0000  -0.0167   0.0500    0.356
    48  20.2208 -10.6786  -0.1944   2.8657   2.6239   0.4356  -0.0008   0.1851   0.1520  -0.0010   0.0000  -0.0180   0.0498    0.369
    49  20.6858 -11.5760  -0.1080   2.6879   2.3787   0.3950  -0.0008   0.1790   0.1470  -0.0009   0.0000  -0.0194   0.0499    0.382
    50  21.1299 -12.4328  -0.0255   2.5181   2.1010   0.3607  -0.0003   0.1745   0.1433  -0.0008   0.0000  -0.0202   0.0498    0.391
    51  21.5482 -13.2400   0.0523   2.3582   1.8520   0.3317   0.0009   0.1713   0.1407  -0.0007   0.0000  -0.0204   0.0493    0.395
    52  21.9390 -13.9941   0.1249   2.2087   1.6074   0.3056   0.0023   0.1685   0.1384  -0.0006   0.0000  -0.0203   0.0488    0.397
    53  22.2979 -14.6868   0.1916   2.0715   1.3716   0.2808   0.0041   0.1651   0.1355  -0.0005   0.0000  -0.0200   0.0479    0.398
    54  22.6211 -15.3105   0.2516   1.9479   1.1479   0.2554   0.0064   0.1597   0.1311  -0.0004   0.0000  -0.0195   0.0465    0.399
    55  22.9051 -15.8583   0.3044   1.8393   0.9381   0.2274   0.0092   0.1505   0.1236  -0.0002   0.0000  -0.0186   0.0440    0.400
    56  23.1466 -16.3244   0.3493   1.7470   0.7427   0.1942   0.0121   0.1354   0.1112  -0.0001   0.0000  -0.0174   0.0402    0.406
    57  23.5299 -16.6722   0.3828   1.4928   0.4131   0.1565   0.0146   0.3499   0.1048  -0.0005   0.0000  -0.0145   0.0190    0.388
    58  23.9809 -16.9098   0.4056   1.1466   0.2292   0.1170   0.0180   0.3407   0.1021  -0.0013   0.0000  -0.0096   0.0164    0.344
    59  24.2843 -17.0696   0.4210   0.9138   0.1104   0.0729   0.0212   0.2664   0.0798  -0.0018   0.0000  -0.0035   0.0110    0.294
    60  24.4368 -17.1499   0.4287   0.7967   0.0322   0.0249   0.0234   0.1042   0.0312  -0.0013   0.0000  -0.0002   0.0038    0.257

  Surface # 3     horizontal_stabilizer                   
     # Chordwise = 10   # Spanwise = 30     First strip = 61
     Surface area Ssurf =   20.744605     Ave. chord Cave =    2.848571

 Forces referred to Sref, Cref, Bref about Xref, Yref, Zref
 Standard axis orientation,  X fwd, Z down         
     CLsurf  =  -0.01305     Clsurf  =   0.00119
     CYsurf  =   0.00210     Cmsurf  =   0.05887
     CDsurf  =  -0.00019     Cnsurf  =  -0.00126
     CDisurf =  -0.00019     CDvsurf =   0.00000

 Forces referred to Ssurf, Cave 
     CLsurf  =  -0.07957     CDsurf  =  -0.00114

 Strip Forces referred to Strip Area, Chord
    j     Xle      Yle      Zle      Chord    Area     c_cl     ai     cl_norm    cl       cd       cdv    cm_c/4     cm_LE   C.P.x/c
    61  33.0230   0.0046   1.4667   4.2713   0.0803  -0.3162   0.0114  -0.0955  -0.0740   0.0132   0.0000   0.0035   0.0186    0.298
    62  33.0469   0.0418   1.4723   4.2566   0.2392  -0.3364   0.0111  -0.1019  -0.0790   0.0003   0.0000   0.0034   0.0195    0.293
    63  33.0943   0.1156   1.4835   4.2274   0.3930  -0.3380   0.0108  -0.1031  -0.0800  -0.0005   0.0000   0.0031   0.0195    0.289
    64  33.1649   0.2254   1.5002   4.1839   0.5386  -0.3383   0.0105  -0.1043  -0.0809  -0.0008   0.0000   0.0027   0.0193    0.283
    65  33.2578   0.3698   1.5221   4.1268   0.6730  -0.3382   0.0102  -0.1057  -0.0819  -0.0009   0.0000   0.0021   0.0191    0.276
    66  33.3719   0.5474   1.5490   4.0565   0.7936  -0.3374   0.0099  -0.1073  -0.0832  -0.0010   0.0000   0.0016   0.0189    0.269
    67  33.5097   0.7617   1.5816   3.9717   0.9441  -0.3358   0.0098  -0.1090  -0.0845  -0.0012   0.0000   0.0010   0.0187    0.262
    68  33.6704   1.0116   1.6195   3.8728   1.0344  -0.3328   0.0098  -0.1109  -0.0859  -0.0013   0.0000   0.0005   0.0186    0.256
    69  33.8488   1.2891   1.6616   3.7630   1.1046  -0.3283   0.0101  -0.1125  -0.0873  -0.0014   0.0000   0.0001   0.0185    0.251
    70  34.0430   1.5912   1.7075   3.6435   1.1542  -0.3219   0.0106  -0.1140  -0.0883  -0.0015   0.0000  -0.0002   0.0184    0.247
    71  34.2510   1.9146   1.7565   3.5155   1.1831  -0.3133   0.0110  -0.1149  -0.0891  -0.0015   0.0000  -0.0005   0.0184    0.244
    72  34.4703   2.2558   1.8083   3.3805   1.1921  -0.3023   0.0113  -0.1154  -0.0894  -0.0016   0.0000  -0.0007   0.0183    0.242
    73  34.6987   2.6109   1.8622   3.2400   1.1821  -0.2891   0.0111  -0.1151  -0.0892  -0.0016   0.0000  -0.0008   0.0181    0.241
    74  34.9335   2.9762   1.9177   3.0955   1.1548  -0.2738   0.0106  -0.1141  -0.0885  -0.0016   0.0000  -0.0009   0.0179    0.240
    75  35.1723   3.3476   1.9740   2.9485   1.1122  -0.2567   0.0100  -0.1123  -0.0871  -0.0015   0.0000  -0.0010   0.0176    0.239
    76  35.4124   3.7210   2.0307   2.8008   1.0564  -0.2384   0.0092  -0.1098  -0.0851  -0.0014   0.0000  -0.0010   0.0171    0.239
    77  35.6512   4.0924   2.0871   2.6538   0.9900  -0.2193   0.0084  -0.1066  -0.0826  -0.0013   0.0000  -0.0009   0.0166    0.239
    78  35.8861   4.4577   2.1425   2.5093   0.9155  -0.1999   0.0077  -0.1028  -0.0797  -0.0013   0.0000  -0.0009   0.0160    0.238
    79  36.1144   4.8128   2.1964   2.3687   0.8353  -0.1808   0.0071  -0.0985  -0.0763  -0.0012   0.0000  -0.0009   0.0153    0.238
    80  36.3338   5.1540   2.2482   2.2338   0.7518  -0.1624   0.0064  -0.0938  -0.0727  -0.0010   0.0000  -0.0010   0.0145    0.237
    81  36.5417   5.4774   2.2973   2.1058   0.6671  -0.1448   0.0058  -0.0887  -0.0687  -0.0010   0.0000  -0.0011   0.0136    0.235
    82  36.7359   5.7795   2.3431   1.9862   0.5830  -0.1281   0.0052  -0.0832  -0.0645  -0.0009   0.0000  -0.0012   0.0126    0.231
    83  36.9144   6.0570   2.3852   1.8764   0.5012  -0.1124   0.0046  -0.0773  -0.0599  -0.0008   0.0000  -0.0014   0.0114    0.226
    84  37.0750   6.3069   2.4232   1.7776   0.4225  -0.0975   0.0039  -0.0708  -0.0549  -0.0007   0.0000  -0.0017   0.0101    0.219
    85  37.2162   6.5264   2.4565   1.6907   0.3478  -0.0833   0.0034  -0.0635  -0.0493  -0.0006   0.0000  -0.0020   0.0087    0.209
    86  37.3480   6.7314   2.4876   1.6096   0.3326  -0.0687   0.0028  -0.0551  -0.0427  -0.0005   0.0000  -0.0023   0.0071    0.196
    87  37.4657   6.9144   2.5154   1.5372   0.2507  -0.0534   0.0023  -0.0448  -0.0348  -0.0004   0.0000  -0.0025   0.0053    0.179
    88  37.5551   7.0535   2.5365   1.4822   0.1746  -0.0381   0.0018  -0.0332  -0.0257  -0.0003   0.0000  -0.0023   0.0035    0.161
    89  37.6153   7.1471   2.5508   1.4451   0.1029  -0.0229   0.0016  -0.0204  -0.0158  -0.0002   0.0000  -0.0017   0.0019    0.144
    90  37.6455   7.1941   2.5579   1.4265   0.0340  -0.0076   0.0014  -0.0069  -0.0054  -0.0001   0.0000  -0.0006   0.0006    0.134

  Surface # 4     horizontal_stabilizer (YDUP)            
     # Chordwise = 10   # Spanwise = 30     First strip = 91
     Surface area Ssurf =   20.744605     Ave. chord Cave =    2.848571

 Forces referred to Sref, Cref, Bref about Xref, Yref, Zref
 Standard axis orientation,  X fwd, Z down         
     CLsurf  =  -0.01305     Clsurf  =  -0.00119
     CYsurf  =  -0.00210     Cmsurf  =   0.05887
     CDsurf  =  -0.00019     Cnsurf  =   0.00126
     CDisurf =  -0.00019     CDvsurf =   0.00000

 Forces referred to Ssurf, Cave 
     CLsurf  =  -0.07957     CDsurf  =  -0.00114

 Strip Forces referred to Strip Area, Chord
    j     Xle      Yle      Zle      Chord    Area     c_cl     ai     cl_norm    cl       cd       cdv    cm_c/4     cm_LE   C.P.x/c
    91  33.0230  -0.0046   1.4667   4.2713   0.0803  -0.3162   0.0114  -0.0955  -0.0740   0.0132   0.0000   0.0035  -0.0186    0.298
    92  33.0469  -0.0418   1.4723   4.2566   0.2392  -0.3364   0.0111  -0.1019  -0.0790   0.0003   0.0000   0.0034  -0.0195    0.293
    93  33.0943  -0.1156   1.4835   4.2274   0.3930  -0.3380   0.0108  -0.1031  -0.0800  -0.0005   0.0000   0.0031  -0.0195    0.289
    94  33.1649  -0.2254   1.5002   4.1839   0.5386  -0.3383   0.0105  -0.1043  -0.0809  -0.0008   0.0000   0.0027  -0.0193    0.283
    95  33.2578  -0.3698   1.5221   4.1268   0.6730  -0.3382   0.0102  -0.1057  -0.0819  -0.0009   0.0000   0.0021  -0.0191    0.276
    96  33.3719  -0.5474   1.5490   4.0565   0.7936  -0.3374   0.0099  -0.1073  -0.0832  -0.0010   0.0000   0.0016  -0.0189    0.269
    97  33.5097  -0.7617   1.5816   3.9717   0.9441  -0.3358   0.0098  -0.1090  -0.0845  -0.0012   0.0000   0.0010  -0.0187    0.262
    98  33.6704  -1.0116   1.6195   3.8728   1.0344  -0.3328   0.0098  -0.1109  -0.0859  -0.0013   0.0000   0.0005  -0.0186    0.256
    99  33.8488  -1.2891   1.6616   3.7630   1.1046  -0.3283   0.0101  -0.1125  -0.0873  -0.0014   0.0000   0.0001  -0.0185    0.251
   100  34.0430  -1.5912   1.7075   3.6435   1.1542  -0.3219   0.0106  -0.1140  -0.0883  -0.0015   0.0000  -0.0002  -0.0184    0.247
   101  34.2510  -1.9146   1.7565   3.5155   1.1831  -0.3133   0.0110  -0.1149  -0.0891  -0.0015   0.0000  -0.0005  -0.0184    0.244
   102  34.4703  -2.2558   1.8083   3.3805   1.1921  -0.3023   0.0113  -0.1154  -0.0894  -0.0016   0.0000  -0.0007  -0.0183    0.242
   103  34.6987  -2.6109   1.8622   3.2400   1.1821  -0.2891   0.0111  -0.1151  -0.0892  -0.0016   0.0000  -0.0008  -0.0181    0.241
   104  34.9335  -2.9762   1.9177   3.0955   1.1548  -0.2738   0.0106  -0.1141  -0.0885  -0.0016   0.0000  -0.0009  -0.0179    0.240
   105  35.1723  -3.3476   1.9740   2.9485   1.1122  -0.2567   0.0100  -0.1123  -0.0871  -0.0015   0.0000  -0.0010  -0.0176    0.239
   106  35.4124  -3.7210   2.0307   2.8008   1.0564  -0.2384   0.0092  -0.1098  -0.0851  -0.0014   0.0000  -0.0010  -0.0171    0.239
   107  35.6512  -4.0924   2.0871   2.6538   0.9900  -0.2193   0.0084  -0.1066  -0.0826  -0.0013   0.0000  -0.0009  -0.0166    0.239
   108  35.8861  -4.4577   2.1425   2.5093   0.9155  -0.1999   0.0077  -0.1028  -0.0797  -0.0013   0.0000  -0.0009  -0.0160    0.238
   109  36.1144  -4.8128   2.1964   2.3687   0.8353  -0.1808   0.0071  -0.0985  -0.0763  -0.0012   0.0000  -0.0009  -0.0153    0.238
   110  36.3338  -5.1540   2.2482   2.2338   0.7518  -0.1624   0.0064  -0.0938  -0.0727  -0.0010   0.0000  -0.0010  -0.0145    0.237
   111  36.5417  -5.4774   2.2973   2.1058   0.6671  -0.1448   0.0058  -0.0887  -0.0687  -0.0010   0.0000  -0.0011  -0.0136    0.235
   112  36.7359  -5.7795   2.3431   1.9862   0.5830  -0.1281   0.0052  -0.0832  -0.0645  -0.0009   0.0000  -0.0012  -0.0126    0.231
   113  36.9144  -6.0570   2.3852   1.8764   0.5012  -0.1124   0.0046  -0.0773  -0.0599  -0.0008   0.0000  -0.0014  -0.0114    0.226
   114  37.0750  -6.3069   2.4232   1.7776   0.4225  -0.0975   0.0039  -0.0708  -0.0549  -0.0007   0.0000  -0.0017  -0.0101    0.219
   115  37.2162  -6.5264   2.4565   1.6907   0.3478  -0.0833   0.0034  -0.0635  -0.0493  -0.0006   0.0000  -0.0020  -0.0087    0.209
   116  37.3480  -6.7314   2.4876   1.6096   0.3326  -0.0687   0.0028  -0.0551  -0.0427  -0.0005   0.0000  -0.0023  -0.0071    0.196
   117  37.4657  -6.9144   2.5154   1.5372   0.2507  -0.0534   0.0023  -0.0448  -0.0348  -0.0004   0.0000  -0.0025  -0.0053    0.179
   118  37.5551  -7.0535   2.5365   1.4822   0.1746  -0.0381   0.0018  -0.0332  -0.0257  -0.0003   0.0000  -0.0023  -0.0035    0.161
   119  37.6153  -7.1471   2.5508   1.4451   0.1029  -0.0229   0.0016  -0.0204  -0.0158  -0.0002   0.0000  -0.0017  -0.0019    0.144
   120  37.6455  -7.1941   2.5579   1.4265   0.0340  -0.0076   0.0014  -0.0069  -0.0054  -0.0001   0.0000  -0.0006  -0.0006    0.134

  Surface # 5     vertical_stabilizer                     
     # Chordwise = 10   # Spanwise = 30     First strip =121
     Surface area Ssurf =   34.910363     Ave. chord Cave =    4.190920

 Forces referred to Sref, Cref, Bref about Xref, Yref, Zref
 Standard axis orientation,  X fwd, Z down         
     CLsurf  =   0.00000     Clsurf  =   0.00000
     CYsurf  =   0.00000     Cmsurf  =  -0.00000
     CDsurf  =  -0.00000     Cnsurf  =  -0.00000
     CDisurf =  -0.00000     CDvsurf =   0.00000

 Forces referred to Ssurf, Cave 
     CLsurf  =  -0.00000     CDsurf  =  -0.00000

 Strip Forces referred to Strip Area, Chord
    j     Xle      Yle      Zle      Chord    Area     c_cl     ai     cl_norm    cl       cd       cdv    cm_c/4     cm_LE   C.P.x/c
   121  27.0137   0.0000   1.5690  10.0347   0.6931  -0.0000  -0.0000  -0.0000  -0.0000  -0.0000   0.0000  -0.0000   0.0000    0.223
   122  27.2327   0.0000   1.6601   9.8296   1.1101  -0.0000  -0.0000  -0.0000  -0.0000   0.0000   0.0000  -0.0000   0.0000    0.122
   123  27.5561   0.0000   1.7947   9.5266   1.4857  -0.0000  -0.0000  -0.0000  -0.0000   0.0000   0.0000  -0.0000  -0.0000   -0.346
   124  27.9815   0.0000   1.9717   9.1281   1.8040  -0.0000   0.0000  -0.0000  -0.0000  -0.0000   0.0000   0.0000   0.0000    0.330
   125  28.5051   0.0000   2.1895   8.6377   2.0517  -0.0000   0.0000  -0.0000  -0.0000  -0.0000   0.0000  -0.0000   0.0000    0.153
   126  29.1220   0.0000   2.4462   8.0598   2.2181  -0.0000   0.0000  -0.0000  -0.0000   0.0000   0.0000   0.0000   0.0000    0.607
   127  29.8264   0.0000   2.7392   7.4000   2.2957  -0.0000   0.0000  -0.0000  -0.0000   0.0000   0.0000   0.0000   0.0000    0.350
   128  30.6115   0.0000   3.0659   6.6646   2.2808  -0.0000  -0.0000  -0.0000  -0.0000  -0.0000   0.0000   0.0000   0.0000    0.399
   129  31.4694   0.0000   3.4228   5.8609   2.1733  -0.0000   0.0000  -0.0000  -0.0000  -0.0000   0.0000  -0.0000   0.0000    0.241
   130  32.3918   0.0000   3.8066   4.9969   1.9773  -0.0000   0.0000  -0.0000  -0.0000   0.0000   0.0000  -0.0000  -0.0000   -0.237
   131  33.0131   0.0000   4.1929   4.4389   1.6667  -0.0000  -0.0000  -0.0000  -0.0000   0.0000   0.0000  -0.0000   0.0000    0.226
   132  33.3001   0.0000   4.5764   4.2198   1.6478  -0.0000   0.0000  -0.0000  -0.0000  -0.0000   0.0000  -0.0000   0.0000    0.219
   133  33.5969   0.0000   4.9729   3.9932   1.6033  -0.0000  -0.0000  -0.0000  -0.0000  -0.0000   0.0000   0.0000   0.0000    0.377
   134  33.9004   0.0000   5.3784   3.7615   1.5362  -0.0000   0.0000  -0.0000  -0.0000  -0.0000   0.0000  -0.0000   0.0000    0.181
   135  34.2075   0.0000   5.7886   3.5271   1.4499  -0.0000   0.0000  -0.0000  -0.0000  -0.0000   0.0000   0.0000   0.0000    0.279
   136  34.5150   0.0000   6.1995   3.2923   1.3482  -0.0000   0.0000  -0.0000  -0.0000  -0.0000   0.0000   0.0000   0.0000    0.485
   137  34.8197   0.0000   6.6066   3.0597   1.2352  -0.0000  -0.0000  -0.0000  -0.0000  -0.0000   0.0000   0.0000   0.0000    0.601
   138  35.1185   0.0000   7.0058   2.8315   1.1147  -0.0000   0.0000  -0.0000  -0.0000   0.0000   0.0000   0.0000   0.0000    0.269
   139  35.4083   0.0000   7.3929   2.6103   0.9908  -0.0000   0.0000  -0.0000  -0.0000  -0.0000   0.0000   0.0000   0.0000    0.299
   140  35.6860   0.0000   7.7640   2.3983   0.8670  -0.0000   0.0000  -0.0000  -0.0000   0.0000   0.0000  -0.0000   0.0000    0.067
   141  35.9487   0.0000   8.1150   2.1977   0.7464  -0.0000   0.0000  -0.0000  -0.0000   0.0000   0.0000  -0.0000   0.0000    0.109
   142  36.1937   0.0000   8.4424   2.0106   0.6318  -0.0000  -0.0000  -0.0000  -0.0000   0.0000   0.0000   0.0000   0.0000    0.269
   143  36.4185   0.0000   8.7426   1.8390   0.5251  -0.0000  -0.0000  -0.0000  -0.0000  -0.0000   0.0000   0.0000   0.0000    0.367
   144  36.6206   0.0000   9.0127   1.6847   0.4276  -0.0000   0.0000  -0.0000  -0.0000  -0.0000   0.0000  -0.0000   0.0000    0.102
   145  36.7980   0.0000   9.2496   1.5493   0.3400  -0.0000   0.0000  -0.0000  -0.0000  -0.0000   0.0000  -0.0000   0.0000    0.010
   146  36.9487   0.0000   9.4510   1.4342   0.2622  -0.0000   0.0000  -0.0000  -0.0000  -0.0000   0.0000  -0.0000  -0.0000   -0.063
   147  37.0713   0.0000   9.6148   1.3407   0.1933  -0.0000   0.0000  -0.0000  -0.0000  -0.0000   0.0000  -0.0000   0.0000    0.119
   148  37.1643   0.0000   9.7391   1.2696   0.1322  -0.0000  -0.0000  -0.0000  -0.0000  -0.0000   0.0000   0.0000   0.0000    0.262
   149  37.2269   0.0000   9.8227   1.2218   0.0769  -0.0000   0.0000  -0.0000  -0.0000  -0.0000   0.0000  -0.0000   0.0000    0.194
   150  37.2584   0.0000   9.8647   1.1978   0.0252  -0.0000  -0.0000  -0.0000  -0.0000  -0.0000   0.0000   0.0000   0.0000    0.486

  Surface # 6     fuselage_horizontal                     
     # Chordwise = 10   # Spanwise = 10     First strip =151
     Surface area Ssurf =  123.841199     Ave. chord Cave =   33.112620

 Forces referred to Sref, Cref, Bref about Xref, Yref, Zref
 Standard axis orientation,  X fwd, Z down         
     CLsurf  =  -0.00509     Clsurf  =  -0.00000
     CYsurf  =   0.00000     Cmsurf  =  -0.00343
     CDsurf  =   0.00003     Cnsurf  =   0.00000
     CDisurf =   0.00003     CDvsurf =   0.00000

 Forces referred to Ssurf, Cave 
     CLsurf  =  -0.00513     CDsurf  =   0.00003

 Strip Forces referred to Strip Area, Chord
    j     Xle      Yle      Zle      Chord    Area     c_cl     ai     cl_norm    cl       cd       cdv    cm_c/4     cm_LE   C.P.x/c
   151   5.0231  -1.6830   0.0000  26.5957   9.9468  -0.1339  -0.0067  -0.0635  -0.0050  -0.0001   0.0000   0.0008   0.0003    0.414
   152   2.9203  -1.3090   0.0000  31.2096  11.6724  -0.1744  -0.0003  -0.0218  -0.0056   0.0000   0.0000   0.0007   0.0005    0.375
   153   1.6676  -0.9350   0.0000  34.0626  12.7394  -0.1811   0.0139  -0.0130  -0.0053   0.0001   0.0000   0.0003   0.0006    0.311
   154   0.7666  -0.5610   0.0000  36.1620  13.5246  -0.1806   0.0220  -0.0084  -0.0050   0.0001   0.0000   0.0001   0.0006    0.264
   155   0.1963  -0.1870   0.0000  37.5333  14.0374  -0.1795   0.0256  -0.0056  -0.0048   0.0001   0.0000  -0.0000   0.0008    0.241
   156   0.1963   0.1870   0.0000  37.5333  14.0374  -0.1795   0.0256  -0.0056  -0.0048   0.0001   0.0000  -0.0000   0.0008    0.241
   157   0.7666   0.5610   0.0000  36.1620  13.5246  -0.1806   0.0220  -0.0084  -0.0050   0.0001   0.0000   0.0001   0.0006    0.264
   158   1.6676   0.9350   0.0000  34.0626  12.7394  -0.1811   0.0139  -0.0130  -0.0053   0.0001   0.0000   0.0003   0.0006    0.311
   159   2.9202   1.3090   0.0000  31.2096  11.6724  -0.1744  -0.0003  -0.0218  -0.0056   0.0000   0.0000   0.0007   0.0005    0.375
   160   5.0231   1.6830   0.0000  26.5957   9.9468  -0.1339  -0.0067  -0.0635  -0.0050  -0.0001   0.0000   0.0008   0.0003    0.414

  Surface # 7     fuselage_vertical                       
     # Chordwise = 10   # Spanwise = 10     First strip =161
     Surface area Ssurf =  123.841199     Ave. chord Cave =   33.112620

 Forces referred to Sref, Cref, Bref about Xref, Yref, Zref
 Standard axis orientation,  X fwd, Z down         
     CLsurf  =  -0.00000     Clsurf  =   0.00000
     CYsurf  =   0.00000     Cmsurf  =   0.00000
     CDsurf  =   0.00000     Cnsurf  =  -0.00000
     CDisurf =   0.00000     CDvsurf =   0.00000

 Forces referred to Ssurf, Cave 
     CLsurf  =  -0.00000     CDsurf  =   0.00000

 Strip Forces referred to Strip Area, Chord
    j     Xle      Yle      Zle      Chord    Area     c_cl     ai     cl_norm    cl       cd       cdv    cm_c/4     cm_LE   C.P.x/c
   161   5.0231   0.0000  -1.6830  26.5957   9.9468  -0.0000   0.0000  -0.0000  -0.0000   0.0000   0.0000   0.0000   0.0000  999.000
   162   2.9203   0.0000  -1.3090  31.2096  11.6724  -0.0000  -0.0000  -0.0000  -0.0000  -0.0000   0.0000   0.0000   0.0000    1.038
   163   1.6676   0.0000  -0.9350  34.0626  12.7394  -0.0000  -0.0000  -0.0000  -0.0000  -0.0000   0.0000   0.0000   0.0000    0.799
   164   0.7666   0.0000  -0.5610  36.1620  13.5246  -0.0000   0.0000  -0.0000  -0.0000   0.0000   0.0000   0.0000   0.0000    0.741
   165   0.1963   0.0000  -0.1870  37.5333  14.0374  -0.0000   0.0000  -0.0000  -0.0000  -0.0000   0.0000  -0.0000  -0.0000   -0.254
   166   0.1963   0.0000   0.1870  37.5333  14.0374  -0.0000   0.0000  -0.0000  -0.0000   0.0000   0.0000  -0.0000  -0.0000  999.000
   167   0.7666   0.0000   0.5610  36.1620  13.5246  -0.0000   0.0000  -0.0000  -0.0000   0.0000   0.0000   0.0000   0.0000    0.433
   168   1.6676   0.0000   0.9350  34.0626  12.7394  -0.0000  -0.0000  -0.0000  -0.0000  -0.0000   0.0000   0.0000   0.0000    0.631
   169   2.9202   0.0000   1.3090  31.2096  11.6724  -0.0000   0.0000  -0.0000  -0.0000   0.0000   0.0000   0.0000   0.0000    0.817
   170   5.0231   0.0000   1.6830  26.5957   9.9468  -0.0000  -0.0000  -0.0000  -0.0000  -0.0000   0.0000   0.0000   0.0000    0.775
 ---------------------------------------------------------------
