 ---------------------------------------------------------------
 Surface and Strip Forces by surface

  Sref =  124.86       Cref =  4.4875       Bref =  34.320    
  Xref =  15.310       Yref =  0.0000       Zref =-0.48024    

  Surface # 1     main_wing                               
     # Chordwise = 10   # Spanwise = 30     First strip =  1
     Surface area Ssurf =   63.968838     Ave. chord Cave =    3.715026

 Forces referred to Sref, Cref, Bref about Xref, Yref, Zref
 Standard axis orientation,  X fwd, Z down         
     CLsurf  =   0.59042     Clsurf  =  -0.11766
     CYsurf  =  -0.02891     Cmsurf  =  -0.51377
     CDsurf  =   0.02929     Cnsurf  =  -0.01844
     CDisurf =   0.02929     CDvsurf =   0.00000

 Forces referred to Ssurf, Cave 
     CLsurf  =   1.15361     CDsurf  =   0.05718

 Strip Forces referred to Strip Area, Chord
    j     Xle      Yle      Zle      Chord    Area     c_cl     ai     cl_norm    cl       cd       cdv    cm_c/4     cm_LE   C.P.x/c
     1  13.6181   0.0114  -0.9295   7.7520   0.3539   7.5313   0.2371   0.9508   0.7379   1.4053   0.0000  -0.0650  -0.2534    0.338
     2  13.6830   0.1025  -0.9255   7.6885   1.0492   6.5310   0.2369   1.0547   0.8186   0.2486   0.0000  -0.0625  -0.2265    0.326
     3  13.8120   0.2837  -0.9176   7.5620   1.7073   6.4498   0.2357   1.0760   0.8351   0.1750   0.0000  -0.0594  -0.2247    0.321
     4  14.0037   0.5530  -0.9059   7.3741   2.3052   6.4152   0.2327   1.1025   0.8557   0.1565   0.0000  -0.0544  -0.2242    0.314
     5  14.2560   0.9075  -0.8904   7.1267   2.8223   6.3736   0.2259   1.1375   0.8828   0.1432   0.0000  -0.0485  -0.2244    0.305
     6  14.5662   1.3432  -0.8714   6.8226   3.2414   6.3085   0.2092   1.1803   0.9160   0.1294   0.0000  -0.0427  -0.2260    0.297
     7  14.9309   1.8554  -0.8490   6.4651   3.5491   6.2106   0.1727   1.2306   0.9551   0.1149   0.0000  -0.0377  -0.2294    0.289
     8  15.3460   2.4386  -0.8236   6.0582   3.7368   6.0730   0.1370   1.2889   1.0003   0.0994   0.0000  -0.0338  -0.2350    0.284
     9  15.8070   3.0862  -0.7953   5.6062   3.8005   5.8916   0.1218   1.3562   1.0526   0.0822   0.0000  -0.0313  -0.2430    0.280
    10  16.2877   3.7613  -0.7658   5.1351   3.4440   5.6760   0.1098   1.4314   1.1109   0.0650   0.0000  -0.0297  -0.2530    0.277
    11  16.7803   4.4532  -0.7356   4.6522   3.3149   5.4349   0.0942   1.5177   1.1779   0.0475   0.0000  -0.0284  -0.2649    0.274
    12  17.2999   5.1831  -0.7037   4.1429   3.0930   5.1690   0.0688   1.6277   1.2632   0.0211   0.0000  -0.0256  -0.2791    0.270
    13  17.8026   6.0123  -0.6437   3.7903   3.4706   4.8729   0.0504   1.6021   1.3036   0.0107   0.0000  -0.0145  -0.3058    0.261
    14  18.2809   6.9353  -0.5549   3.6075   3.3775   4.6414   0.0469   1.6035   1.3047   0.0100   0.0000  -0.0136  -0.3053    0.260
    15  18.7672   7.8737  -0.4645   3.4215   3.2389   4.4225   0.0407   1.6116   1.3113   0.0070   0.0000  -0.0136  -0.3066    0.260
    16  19.2562   8.8172  -0.3736   3.2345   3.0619   4.2070   0.0365   1.6224   1.3202   0.0035   0.0000  -0.0140  -0.3088    0.261
    17  19.7425   9.7556  -0.2833   3.0486   2.8543   3.9917   0.0354   1.6341   1.3296   0.0000   0.0000  -0.0146  -0.3114    0.261
    18  20.2208  10.6786  -0.1944   2.8657   2.6239   3.7755   0.0364   1.6449   1.3385  -0.0034   0.0000  -0.0154  -0.3139    0.262
    19  20.6858  11.5760  -0.1080   2.6879   2.3787   3.5582   0.0388   1.6536   1.3455  -0.0069   0.0000  -0.0160  -0.3159    0.262
    20  21.1299  12.4328  -0.0255   2.5181   2.1010   3.3413   0.0431   1.6580   1.3491  -0.0095   0.0000  -0.0155  -0.3162    0.262
    21  21.5482  13.2400   0.0523   2.3582   1.8520   3.1228   0.0494   1.6551   1.3467  -0.0112   0.0000  -0.0136  -0.3139    0.260
    22  21.9390  13.9941   0.1249   2.2087   1.6074   2.8970   0.0580   1.6397   1.3342  -0.0129   0.0000  -0.0102  -0.3080    0.258
    23  22.2979  14.6868   0.1916   2.0715   1.3716   2.6570   0.0691   1.6039   1.3050  -0.0144   0.0000  -0.0049  -0.2968    0.254
    24  22.6211  15.3105   0.2516   1.9479   1.1479   2.3930   0.0821   1.5365   1.2502  -0.0151   0.0000   0.0022  -0.2782    0.248
    25  22.9051  15.8583   0.3044   1.8393   0.9381   2.0947   0.0959   1.4241   1.1588  -0.0131   0.0000   0.0083  -0.2523    0.243
    26  23.1466  16.3244   0.3493   1.7470   0.7427   1.7549   0.1099   1.2534   1.0199   0.0011   0.0000   0.0037  -0.2258    0.246
    27  23.5299  16.6722   0.3828   1.4928   0.4131   1.3893   0.1238   3.1369   0.9587  -0.0740   0.0000  -0.0015  -0.1201    0.252
    28  23.9809  16.9098   0.4056   1.1466   0.2292   1.0206   0.1401   3.0441   0.9303  -0.1455   0.0000   0.0379  -0.0971    0.209
    29  24.2843  17.0696   0.4210   0.9138   0.1104   0.6255   0.1515   2.3946   0.7318  -0.2021   0.0000   0.0709  -0.0558    0.153
    30  24.4368  17.1499   0.4287   0.7967   0.0322   0.2109   0.1575   0.9705   0.2966  -0.1532   0.0000   0.0426  -0.0148    0.106

  Surface # 2     main_wing (YDUP)                        
     # Chordwise = 10   # Spanwise = 30     First strip = 31
     Surface area Ssurf =   63.968838     Ave. chord Cave =    3.715026

 Forces referred to Sref, Cref, Bref about Xref, Yref, Zref
 Standard axis orientation,  X fwd, Z down         
     CLsurf  =   0.59042     Clsurf  =   0.11766
     CYsurf  =   0.02891     Cmsurf  =  -0.51377
     CDsurf  =   0.02929     Cnsurf  =   0.01844
     CDisurf =   0.02929     CDvsurf =   0.00000

 Forces referred to Ssurf, Cave 
     CLsurf  =   1.15361     CDsurf  =   0.05718

 Strip Forces referred to Strip Area, Chord
    j     Xle      Yle      Zle      Chord    Area     c_cl     ai     cl_norm    cl       cd       cdv    cm_c/4     cm_LE   C.P.x/c
    31  13.6181  -0.0114  -0.9295   7.7520   0.3539   7.5313   0.2371   0.9508   0.7379   1.4053   0.0000  -0.0650   0.2534    0.338
    32  13.6830  -0.1025  -0.9255   7.6885   1.0492   6.5310   0.2369   1.0547   0.8186   0.2486   0.0000  -0.0625   0.2265    0.326
    33  13.8120  -0.2837  -0.9176   7.5620   1.7073   6.4498   0.2357   1.0760   0.8351   0.1750   0.0000  -0.0594   0.2247    0.321
    34  14.0037  -0.5530  -0.9059   7.3741   2.3052   6.4152   0.2327   1.1025   0.8557   0.1565   0.0000  -0.0544   0.2242    0.314
    35  14.2560  -0.9075  -0.8904   7.1267   2.8223   6.3736   0.2259   1.1375   0.8828   0.1432   0.0000  -0.0485   0.2244    0.305
    36  14.5662  -1.3432  -0.8714   6.8226   3.2414   6.3085   0.2092   1.1803   0.9160   0.1294   0.0000  -0.0427   0.2260    0.297
    37  14.9309  -1.8554  -0.8490   6.4651   3.5491   6.2106   0.1727   1.2306   0.9551   0.1149   0.0000  -0.0377   0.2294    0.289
    38  15.3460  -2.4386  -0.8236   6.0582   3.7368   6.0730   0.1370   1.2889   1.0003   0.0994   0.0000  -0.0338   0.2350    0.284
    39  15.8070  -3.0862  -0.7953   5.6062   3.8005   5.8916   0.1218   1.3562   1.0526   0.0822   0.0000  -0.0313   0.2430    0.280
    40  16.2877  -3.7613  -0.7658   5.1351   3.4440   5.6760   0.1098   1.4314   1.1109   0.0650   0.0000  -0.0297   0.2530    0.277
    41  16.7803  -4.4532  -0.7356   4.6522   3.3149   5.4349   0.0942   1.5177   1.1779   0.0475   0.0000  -0.0284   0.2649    0.274
    42  17.2999  -5.1831  -0.7037   4.1429   3.0930   5.1690   0.0688   1.6277   1.2632   0.0211   0.0000  -0.0256   0.2791    0.270
    43  17.8026  -6.0123  -0.6437   3.7903   3.4706   4.8729   0.0504   1.6021   1.3036   0.0107   0.0000  -0.0145   0.3058    0.261
    44  18.2809  -6.9353  -0.5549   3.6075   3.3775   4.6414   0.0469   1.6035   1.3047   0.0100   0.0000  -0.0136   0.3053    0.260
    45  18.7672  -7.8737  -0.4645   3.4215   3.2389   4.4225   0.0407   1.6116   1.3113   0.0070   0.0000  -0.0136   0.3066    0.260
    46  19.2562  -8.8172  -0.3736   3.2345   3.0619   4.2070   0.0365   1.6224   1.3202   0.0035   0.0000  -0.0140   0.3088    0.261
    47  19.7425  -9.7556  -0.2833   3.0486   2.8543   3.9917   0.0354   1.6341   1.3296   0.0000   0.0000  -0.0146   0.3114    0.261
    48  20.2208 -10.6786  -0.1944   2.8657   2.6239   3.7755   0.0364   1.6449   1.3385  -0.0034   0.0000  -0.0154   0.3139    0.262
    49  20.6858 -11.5760  -0.1080   2.6879   2.3787   3.5582   0.0388   1.6536   1.3455  -0.0069   0.0000  -0.0160   0.3159    0.262
    50  21.1299 -12.4328  -0.0255   2.5181   2.1010   3.3413   0.0431   1.6580   1.3491  -0.0095   0.0000  -0.0155   0.3162    0.262
    51  21.5482 -13.2400   0.0523   2.3582   1.8520   3.1228   0.0494   1.6551   1.3467  -0.0112   0.0000  -0.0136   0.3139    0.260
    52  21.9390 -13.9941   0.1249   2.2087   1.6074   2.8970   0.0580   1.6397   1.3342  -0.0129   0.0000  -0.0102   0.3080    0.258
    53  22.2979 -14.6868   0.1916   2.0715   1.3716   2.6570   0.0691   1.6039   1.3050  -0.0144   0.0000  -0.0049   0.2968    0.254
    54  22.6211 -15.3105   0.2516   1.9479   1.1479   2.3930   0.0821   1.5365   1.2502  -0.0151   0.0000   0.0022   0.2782    0.248
    55  22.9051 -15.8583   0.3044   1.8393   0.9381   2.0947   0.0959   1.4241   1.1588  -0.0131   0.0000   0.0083   0.2523    0.243
    56  23.1466 -16.3244   0.3493   1.7470   0.7427   1.7549   0.1099   1.2534   1.0199   0.0011   0.0000   0.0037   0.2258    0.246
    57  23.5299 -16.6722   0.3828   1.4928   0.4131   1.3893   0.1238   3.1369   0.9587  -0.0740   0.0000  -0.0015   0.1201    0.252
    58  23.9809 -16.9098   0.4056   1.1466   0.2292   1.0206   0.1401   3.0441   0.9303  -0.1455   0.0000   0.0379   0.0971    0.209
    59  24.2843 -17.0696   0.4210   0.9138   0.1104   0.6255   0.1515   2.3946   0.7318  -0.2021   0.0000   0.0709   0.0558    0.153
    60  24.4368 -17.1499   0.4287   0.7967   0.0322   0.2109   0.1575   0.9705   0.2966  -0.1532   0.0000   0.0426   0.0148    0.106

  Surface # 3     horizontal_stabilizer                   
     # Chordwise = 10   # Spanwise = 30     First strip = 61
     Surface area Ssurf =   20.744605     Ave. chord Cave =    2.848571

 Forces referred to Sref, Cref, Bref about Xref, Yref, Zref
 Standard axis orientation,  X fwd, Z down         
     CLsurf  =   0.06805     Clsurf  =  -0.00702
     CYsurf  =  -0.01111     Cmsurf  =  -0.31543
     CDsurf  =   0.00756     Cnsurf  =   0.00594
     CDisurf =   0.00756     CDvsurf =   0.00000

 Forces referred to Ssurf, Cave 
     CLsurf  =   0.41496     CDsurf  =   0.04552

 Strip Forces referred to Strip Area, Chord
    j     Xle      Yle      Zle      Chord    Area     c_cl     ai     cl_norm    cl       cd       cdv    cm_c/4     cm_LE   C.P.x/c
    61  33.0230   0.0046   1.4667   4.2713   0.0803   1.8648   0.1803   0.5049   0.3838   0.3365   0.0000  -0.0238  -0.1153    0.312
    62  33.0469   0.0418   1.4723   4.2566   0.2392   1.4573   0.1810   0.4406   0.3349   0.0717   0.0000  -0.0220  -0.0940    0.316
    63  33.0943   0.1156   1.4835   4.2274   0.3930   1.4259   0.1813   0.4381   0.3330   0.0536   0.0000  -0.0210  -0.0921    0.313
    64  33.1649   0.2254   1.5002   4.1839   0.5386   1.4179   0.1808   0.4410   0.3352   0.0500   0.0000  -0.0193  -0.0910    0.308
    65  33.2578   0.3698   1.5221   4.1268   0.6730   1.4142   0.1792   0.4464   0.3393   0.0487   0.0000  -0.0170  -0.0900    0.300
    66  33.3719   0.5474   1.5490   4.0565   0.7936   1.4109   0.1763   0.4534   0.3447   0.0478   0.0000  -0.0146  -0.0891    0.292
    67  33.5097   0.7617   1.5816   3.9717   0.9441   1.4065   0.1718   0.4621   0.3512   0.0471   0.0000  -0.0121  -0.0885    0.285
    68  33.6704   1.0116   1.6195   3.8728   1.0344   1.4005   0.1653   0.4722   0.3589   0.0465   0.0000  -0.0098  -0.0882    0.277
    69  33.8488   1.2891   1.6616   3.7630   1.1046   1.3925   0.1572   0.4836   0.3676   0.0461   0.0000  -0.0078  -0.0884    0.271
    70  34.0430   1.5912   1.7075   3.6435   1.1542   1.3827   0.1479   0.4962   0.3772   0.0460   0.0000  -0.0060  -0.0890    0.266
    71  34.2510   1.9146   1.7565   3.5155   1.1831   1.3709   0.1387   0.5102   0.3878   0.0459   0.0000  -0.0045  -0.0901    0.262
    72  34.4703   2.2558   1.8083   3.3805   1.1921   1.3573   0.1306   0.5256   0.3995   0.0460   0.0000  -0.0031  -0.0915    0.258
    73  34.6987   2.6109   1.8622   3.2400   1.1821   1.3417   0.1243   0.5424   0.4123   0.0462   0.0000  -0.0019  -0.0933    0.255
    74  34.9335   2.9762   1.9177   3.0955   1.1548   1.3239   0.1198   0.5605   0.4260   0.0464   0.0000  -0.0008  -0.0954    0.252
    75  35.1723   3.3476   1.9740   2.9485   1.1122   1.3034   0.1169   0.5797   0.4406   0.0465   0.0000   0.0004  -0.0976    0.249
    76  35.4124   3.7210   2.0307   2.8008   1.0564   1.2796   0.1151   0.5995   0.4556   0.0466   0.0000   0.0016  -0.0998    0.247
    77  35.6512   4.0924   2.0871   2.6538   0.9900   1.2518   0.1142   0.6193   0.4707   0.0464   0.0000   0.0030  -0.1020    0.244
    78  35.8861   4.4577   2.1425   2.5093   0.9155   1.2189   0.1143   0.6381   0.4850   0.0461   0.0000   0.0046  -0.1037    0.240
    79  36.1144   4.8128   2.1964   2.3687   0.8353   1.1800   0.1151   0.6549   0.4978   0.0454   0.0000   0.0066  -0.1048    0.237
    80  36.3338   5.1540   2.2482   2.2338   0.7518   1.1341   0.1168   0.6679   0.5076   0.0442   0.0000   0.0091  -0.1049    0.232
    81  36.5417   5.4774   2.2973   2.1058   0.6671   1.0801   0.1193   0.6752   0.5132   0.0426   0.0000   0.0122  -0.1035    0.226
    82  36.7359   5.7795   2.3431   1.9862   0.5830   1.0171   0.1224   0.6747   0.5128   0.0402   0.0000   0.0159  -0.1001    0.219
    83  36.9144   6.0570   2.3852   1.8764   0.5012   0.9443   0.1259   0.6636   0.5044   0.0371   0.0000   0.0204  -0.0945    0.210
    84  37.0750   6.3069   2.4232   1.7776   0.4225   0.8612   0.1297   0.6394   0.4860   0.0332   0.0000   0.0252  -0.0863    0.198
    85  37.2162   6.5264   2.4565   1.6907   0.3478   0.7677   0.1333   0.5999   0.4560   0.0284   0.0000   0.0300  -0.0756    0.184
    86  37.3480   6.7314   2.4876   1.6096   0.3326   0.6586   0.1368   0.5413   0.4114   0.0229   0.0000   0.0339  -0.0624    0.168
    87  37.4657   6.9144   2.5154   1.5372   0.2507   0.5286   0.1400   0.4557   0.3463   0.0158   0.0000   0.0354  -0.0467    0.148
    88  37.5551   7.0535   2.5365   1.4822   0.1746   0.3864   0.1425   0.3464   0.2632   0.0084   0.0000   0.0321  -0.0311    0.128
    89  37.6153   7.1471   2.5508   1.4451   0.1029   0.2355   0.1442   0.2173   0.1651   0.0018   0.0000   0.0229  -0.0171    0.112
    90  37.6455   7.1941   2.5579   1.4265   0.0340   0.0791   0.1451   0.0752   0.0571  -0.0045   0.0000   0.0083  -0.0054    0.105

  Surface # 4     horizontal_stabilizer (YDUP)            
     # Chordwise = 10   # Spanwise = 30     First strip = 91
     Surface area Ssurf =   20.744605     Ave. chord Cave =    2.848571

 Forces referred to Sref, Cref, Bref about Xref, Yref, Zref
 Standard axis orientation,  X fwd, Z down         
     CLsurf  =   0.06805     Clsurf  =   0.00702
     CYsurf  =   0.01111     Cmsurf  =  -0.31543
     CDsurf  =   0.00756     Cnsurf  =  -0.00594
     CDisurf =   0.00756     CDvsurf =   0.00000

 Forces referred to Ssurf, Cave 
     CLsurf  =   0.41496     CDsurf  =   0.04552

 Strip Forces referred to Strip Area, Chord
    j     Xle      Yle      Zle      Chord    Area     c_cl     ai     cl_norm    cl       cd       cdv    cm_c/4     cm_LE   C.P.x/c
    91  33.0230  -0.0046   1.4667   4.2713   0.0803   1.8648   0.1803   0.5049   0.3838   0.3365   0.0000  -0.0238   0.1153    0.312
    92  33.0469  -0.0418   1.4723   4.2566   0.2392   1.4573   0.1810   0.4406   0.3349   0.0717   0.0000  -0.0220   0.0940    0.316
    93  33.0943  -0.1156   1.4835   4.2274   0.3930   1.4259   0.1813   0.4381   0.3330   0.0536   0.0000  -0.0210   0.0921    0.313
    94  33.1649  -0.2254   1.5002   4.1839   0.5386   1.4179   0.1808   0.4410   0.3352   0.0500   0.0000  -0.0193   0.0910    0.308
    95  33.2578  -0.3698   1.5221   4.1268   0.6730   1.4142   0.1792   0.4464   0.3393   0.0487   0.0000  -0.0170   0.0900    0.300
    96  33.3719  -0.5474   1.5490   4.0565   0.7936   1.4109   0.1763   0.4534   0.3447   0.0478   0.0000  -0.0146   0.0891    0.292
    97  33.5097  -0.7617   1.5816   3.9717   0.9441   1.4065   0.1718   0.4621   0.3512   0.0471   0.0000  -0.0121   0.0885    0.285
    98  33.6704  -1.0116   1.6195   3.8728   1.0344   1.4005   0.1653   0.4722   0.3589   0.0465   0.0000  -0.0098   0.0882    0.277
    99  33.8488  -1.2891   1.6616   3.7630   1.1046   1.3925   0.1572   0.4836   0.3676   0.0461   0.0000  -0.0078   0.0884    0.271
   100  34.0430  -1.5912   1.7075   3.6435   1.1542   1.3827   0.1479   0.4962   0.3772   0.0460   0.0000  -0.0060   0.0890    0.266
   101  34.2510  -1.9146   1.7565   3.5155   1.1831   1.3709   0.1387   0.5102   0.3878   0.0459   0.0000  -0.0045   0.0901    0.262
   102  34.4703  -2.2558   1.8083   3.3805   1.1921   1.3573   0.1306   0.5256   0.3995   0.0460   0.0000  -0.0031   0.0915    0.258
   103  34.6987  -2.6109   1.8622   3.2400   1.1821   1.3417   0.1243   0.5424   0.4123   0.0462   0.0000  -0.0019   0.0933    0.255
   104  34.9335  -2.9762   1.9177   3.0955   1.1548   1.3239   0.1198   0.5605   0.4260   0.0464   0.0000  -0.0008   0.0954    0.252
   105  35.1723  -3.3476   1.9740   2.9485   1.1122   1.3034   0.1169   0.5797   0.4406   0.0465   0.0000   0.0004   0.0976    0.249
   106  35.4124  -3.7210   2.0307   2.8008   1.0564   1.2796   0.1151   0.5995   0.4556   0.0466   0.0000   0.0016   0.0998    0.247
   107  35.6512  -4.0924   2.0871   2.6538   0.9900   1.2518   0.1142   0.6193   0.4707   0.0464   0.0000   0.0030   0.1020    0.244
   108  35.8861  -4.4577   2.1425   2.5093   0.9155   1.2189   0.1143   0.6381   0.4850   0.0461   0.0000   0.0046   0.1037    0.240
   109  36.1144  -4.8128   2.1964   2.3687   0.8353   1.1800   0.1151   0.6549   0.4978   0.0454   0.0000   0.0066   0.1048    0.237
   110  36.3338  -5.1540   2.2482   2.2338   0.7518   1.1341   0.1168   0.6679   0.5076   0.0442   0.0000   0.0091   0.1049    0.232
   111  36.5417  -5.4774   2.2973   2.1058   0.6671   1.0801   0.1193   0.6752   0.5132   0.0426   0.0000   0.0122   0.1035    0.226
   112  36.7359  -5.7795   2.3431   1.9862   0.5830   1.0171   0.1224   0.6747   0.5128   0.0402   0.0000   0.0159   0.1001    0.219
   113  36.9144  -6.0570   2.3852   1.8764   0.5012   0.9443   0.1259   0.6636   0.5044   0.0371   0.0000   0.0204   0.0945    0.210
   114  37.0750  -6.3069   2.4232   1.7776   0.4225   0.8612   0.1297   0.6394   0.4860   0.0332   0.0000   0.0252   0.0863    0.198
   115  37.2162  -6.5264   2.4565   1.6907   0.3478   0.7677   0.1333   0.5999   0.4560   0.0284   0.0000   0.0300   0.0756    0.184
   116  37.3480  -6.7314   2.4876   1.6096   0.3326   0.6586   0.1368   0.5413   0.4114   0.0229   0.0000   0.0339   0.0624    0.168
   117  37.4657  -6.9144   2.5154   1.5372   0.2507   0.5286   0.1400   0.4557   0.3463   0.0158   0.0000   0.0354   0.0467    0.148
   118  37.5551  -7.0535   2.5365   1.4822   0.1746   0.3864   0.1425   0.3464   0.2632   0.0084   0.0000   0.0321   0.0311    0.128
   119  37.6153  -7.1471   2.5508   1.4451   0.1029   0.2355   0.1442   0.2173   0.1651   0.0018   0.0000   0.0229   0.0171    0.112
   120  37.6455  -7.1941   2.5579   1.4265   0.0340   0.0791   0.1451   0.0752   0.0571  -0.0045   0.0000   0.0083   0.0054    0.105

  Surface # 5     vertical_stabilizer                     
     # Chordwise = 10   # Spanwise = 30     First strip =121
     Surface area Ssurf =   34.910363     Ave. chord Cave =    4.190920

 Forces referred to Sref, Cref, Bref about Xref, Yref, Zref
 Standard axis orientation,  X fwd, Z down         
     CLsurf  =   0.00000     Clsurf  =  -0.00000
     CYsurf  =  -0.00000     Cmsurf  =  -0.00000
     CDsurf  =  -0.00000     Cnsurf  =   0.00000
     CDisurf =  -0.00000     CDvsurf =   0.00000

 Forces referred to Ssurf, Cave 
     CLsurf  =   0.00000     CDsurf  =  -0.00000

 Strip Forces referred to Strip Area, Chord
    j     Xle      Yle      Zle      Chord    Area     c_cl     ai     cl_norm    cl       cd       cdv    cm_c/4     cm_LE   C.P.x/c
   121  27.0137   0.0000   1.5690  10.0347   0.6931  -0.0000   0.0000  -0.0000  -0.0000   0.0000   0.0000   0.0000   0.0000    0.442
   122  27.2327   0.0000   1.6601   9.8296   1.1101  -0.0000   0.0000  -0.0000  -0.0000   0.0000   0.0000   0.0000   0.0000    0.709
   123  27.5561   0.0000   1.7947   9.5266   1.4857  -0.0000  -0.0000  -0.0000  -0.0000  -0.0000   0.0000   0.0000   0.0000    0.411
   124  27.9815   0.0000   1.9717   9.1281   1.8040  -0.0000   0.0000  -0.0000  -0.0000   0.0000   0.0000  -0.0000   0.0000    0.195
   125  28.5051   0.0000   2.1895   8.6377   2.0517  -0.0000   0.0000  -0.0000  -0.0000   0.0000   0.0000  -0.0000   0.0000    0.077
   126  29.1220   0.0000   2.4462   8.0598   2.2181   0.0000  -0.0000   0.0000   0.0000  -0.0000   0.0000  -0.0000  -0.0000  999.000
   127  29.8264   0.0000   2.7392   7.4000   2.2957   0.0000  -0.0000   0.0000   0.0000   0.0000   0.0000  -0.0000  -0.0000    0.888
   128  30.6115   0.0000   3.0659   6.6646   2.2808   0.0000  -0.0000   0.0000   0.0000  -0.0000   0.0000  -0.0000  -0.0000    0.715
   129  31.4694   0.0000   3.4228   5.8609   2.1733   0.0000  -0.0000   0.0000   0.0000   0.0000   0.0000  -0.0000  -0.0000    0.492
   130  32.3918   0.0000   3.8066   4.9969   1.9773   0.0000  -0.0000   0.0000   0.0000  -0.0000   0.0000  -0.0000  -0.0000    0.552
   131  33.0131   0.0000   4.1929   4.4389   1.6667   0.0000  -0.0000   0.0000   0.0000  -0.0000   0.0000  -0.0000  -0.0000    0.455
   132  33.3001   0.0000   4.5764   4.2198   1.6478   0.0000  -0.0000   0.0000   0.0000  -0.0000   0.0000  -0.0000  -0.0000    0.424
   133  33.5969   0.0000   4.9729   3.9932   1.6033   0.0000   0.0000   0.0000   0.0000  -0.0000   0.0000  -0.0000  -0.0000    0.567
   134  33.9004   0.0000   5.3784   3.7615   1.5362   0.0000   0.0000   0.0000   0.0000   0.0000   0.0000  -0.0000  -0.0000    0.442
   135  34.2075   0.0000   5.7886   3.5271   1.4499   0.0000   0.0000   0.0000   0.0000   0.0000   0.0000  -0.0000  -0.0000    0.467
   136  34.5150   0.0000   6.1995   3.2923   1.3482   0.0000  -0.0000   0.0000   0.0000  -0.0000   0.0000  -0.0000  -0.0000    0.301
   137  34.8197   0.0000   6.6066   3.0597   1.2352   0.0000  -0.0000   0.0000   0.0000  -0.0000   0.0000  -0.0000  -0.0000    0.390
   138  35.1185   0.0000   7.0058   2.8315   1.1147   0.0000  -0.0000   0.0000   0.0000  -0.0000   0.0000  -0.0000  -0.0000    0.429
   139  35.4083   0.0000   7.3929   2.6103   0.9908   0.0000  -0.0000   0.0000   0.0000  -0.0000   0.0000  -0.0000  -0.0000    0.527
   140  35.6860   0.0000   7.7640   2.3983   0.8670   0.0000   0.0000   0.0000   0.0000   0.0000   0.0000  -0.0000  -0.0000    0.429
   141  35.9487   0.0000   8.1150   2.1977   0.7464   0.0000  -0.0000   0.0000   0.0000  -0.0000   0.0000   0.0000  -0.0000    0.227
   142  36.1937   0.0000   8.4424   2.0106   0.6318   0.0000  -0.0000   0.0000   0.0000  -0.0000   0.0000   0.0000  -0.0000    0.123
   143  36.4185   0.0000   8.7426   1.8390   0.5251   0.0000   0.0000   0.0000   0.0000  -0.0000   0.0000   0.0000  -0.0000    0.154
   144  36.6206   0.0000   9.0127   1.6847   0.4276   0.0000  -0.0000   0.0000   0.0000  -0.0000   0.0000   0.0000  -0.0000    0.078
   145  36.7980   0.0000   9.2496   1.5493   0.3400   0.0000  -0.0000   0.0000   0.0000   0.0000   0.0000   0.0000   0.0000   -0.236
   146  36.9487   0.0000   9.4510   1.4342   0.2622   0.0000   0.0000   0.0000   0.0000   0.0000   0.0000   0.0000  -0.0000   -0.050
   147  37.0713   0.0000   9.6148   1.3407   0.1933   0.0000   0.0000   0.0000   0.0000  -0.0000   0.0000   0.0000  -0.0000    0.063
   148  37.1643   0.0000   9.7391   1.2696   0.1322   0.0000  -0.0000   0.0000   0.0000  -0.0000   0.0000   0.0000   0.0000   -0.371
   149  37.2269   0.0000   9.8227   1.2218   0.0769   0.0000   0.0000   0.0000   0.0000  -0.0000   0.0000   0.0000  -0.0000   -0.034
   150  37.2584   0.0000   9.8647   1.1978   0.0252   0.0000   0.0000   0.0000   0.0000  -0.0000   0.0000   0.0000   0.0000   -0.169

  Surface # 6     fuselage_horizontal                     
     # Chordwise = 10   # Spanwise = 10     First strip =151
     Surface area Ssurf =  123.841199     Ave. chord Cave =   33.112620

 Forces referred to Sref, Cref, Bref about Xref, Yref, Zref
 Standard axis orientation,  X fwd, Z down         
     CLsurf  =   0.01676     Clsurf  =   0.00000
     CYsurf  =   0.00000     Cmsurf  =   0.08719
     CDsurf  =  -0.00009     Cnsurf  =  -0.00000
     CDisurf =  -0.00009     CDvsurf =   0.00000

 Forces referred to Ssurf, Cave 
     CLsurf  =   0.01690     CDsurf  =  -0.00009

 Strip Forces referred to Strip Area, Chord
    j     Xle      Yle      Zle      Chord    Area     c_cl     ai     cl_norm    cl       cd       cdv    cm_c/4     cm_LE   C.P.x/c
   151   5.0231  -1.6830   0.0000  26.5957   9.9468   0.3892   0.2684   0.1485   0.0159  -0.0059   0.0000   0.0059   0.0003   -0.121
   152   2.9203  -1.3090   0.0000  31.2096  11.6724   0.5444   0.2875   0.0646   0.0180  -0.0017   0.0000   0.0077   0.0008   -0.175
   153   1.6676  -0.9350   0.0000  34.0626  12.7394   0.5842   0.2562   0.0408   0.0174   0.0001   0.0000   0.0096   0.0018   -0.304
   154   0.7666  -0.5610   0.0000  36.1620  13.5246   0.6090   0.2460   0.0277   0.0169   0.0014   0.0000   0.0105   0.0028   -0.375
   155   0.1963  -0.1870   0.0000  37.5333  14.0374   0.6254   0.2456   0.0188   0.0163   0.0038   0.0000   0.0107   0.0045   -0.411
   156   0.1963   0.1870   0.0000  37.5333  14.0374   0.6254   0.2456   0.0188   0.0163   0.0038   0.0000   0.0107   0.0045   -0.411
   157   0.7666   0.5610   0.0000  36.1620  13.5246   0.6090   0.2460   0.0277   0.0169   0.0014   0.0000   0.0105   0.0028   -0.375
   158   1.6676   0.9350   0.0000  34.0626  12.7394   0.5842   0.2562   0.0408   0.0174   0.0001   0.0000   0.0096   0.0018   -0.304
   159   2.9202   1.3090   0.0000  31.2096  11.6724   0.5444   0.2875   0.0646   0.0180  -0.0017   0.0000   0.0077   0.0008   -0.175
   160   5.0231   1.6830   0.0000  26.5957   9.9468   0.3892   0.2684   0.1485   0.0159  -0.0059   0.0000   0.0059   0.0003   -0.121

  Surface # 7     fuselage_vertical                       
     # Chordwise = 10   # Spanwise = 10     First strip =161
     Surface area Ssurf =  123.841199     Ave. chord Cave =   33.112620

 Forces referred to Sref, Cref, Bref about Xref, Yref, Zref
 Standard axis orientation,  X fwd, Z down         
     CLsurf  =   0.00000     Clsurf  =  -0.00000
     CYsurf  =   0.00000     Cmsurf  =  -0.00000
     CDsurf  =   0.00000     Cnsurf  =  -0.00000
     CDisurf =   0.00000     CDvsurf =   0.00000

 Forces referred to Ssurf, Cave 
     CLsurf  =  -0.00000     CDsurf  =   0.00000

 Strip Forces referred to Strip Area, Chord
    j     Xle      Yle      Zle      Chord    Area     c_cl     ai     cl_norm    cl       cd       cdv    cm_c/4     cm_LE   C.P.x/c
   161   5.0231   0.0000  -1.6830  26.5957   9.9468   0.0000  -0.0000   0.0000   0.0000  -0.0000   0.0000  -0.0000  -0.0000    1.197
   162   2.9203   0.0000  -1.3090  31.2096  11.6724  -0.0000  -0.0000  -0.0000  -0.0000  -0.0000   0.0000  -0.0000  -0.0000  999.000
   163   1.6676   0.0000  -0.9350  34.0626  12.7394  -0.0000   0.0000  -0.0000  -0.0000   0.0000   0.0000  -0.0000  -0.0000   -0.138
   164   0.7666   0.0000  -0.5610  36.1620  13.5246  -0.0000   0.0000  -0.0000  -0.0000   0.0000   0.0000   0.0000   0.0000    0.391
   165   0.1963   0.0000  -0.1870  37.5333  14.0374  -0.0000   0.0000  -0.0000  -0.0000  -0.0000   0.0000   0.0000   0.0000    0.521
   166   0.1963   0.0000   0.1870  37.5333  14.0374  -0.0000   0.0000  -0.0000  -0.0000   0.0000   0.0000   0.0000   0.0000    0.675
   167   0.7666   0.0000   0.5610  36.1620  13.5246  -0.0000   0.0000  -0.0000  -0.0000  -0.0000   0.0000   0.0000   0.0000    0.648
   168   1.6676   0.0000   0.9350  34.0626  12.7394  -0.0000   0.0000  -0.0000  -0.0000  -0.0000   0.0000   0.0000   0.0000    0.676
   169   2.9202   0.0000   1.3090  31.2096  11.6724  -0.0000  -0.0000  -0.0000  -0.0000   0.0000   0.0000   0.0000   0.0000    0.822
   170   5.0231   0.0000   1.6830  26.5957   9.9468  -0.0000  -0.0000  -0.0000  -0.0000   0.0000   0.0000   0.0000   0.0000    0.933
 ---------------------------------------------------------------
