 ---------------------------------------------------------------
 Surface and Strip Forces by surface

  Sref =  124.86       Cref =  4.4875       Bref =  34.320    
  Xref =  15.310       Yref =  0.0000       Zref =-0.48024    

  Surface # 1     main_wing                               
     # Chordwise = 10   # Spanwise = 30     First strip =  1
     Surface area Ssurf =   63.968838     Ave. chord Cave =    3.715026

 Forces referred to Sref, Cref, Bref about Xref, Yref, Zref
 Standard axis orientation,  X fwd, Z down         
     CLsurf  =   0.20975     Clsurf  =  -0.03926
     CYsurf  =  -0.01432     Cmsurf  =  -0.17576
     CDsurf  =   0.00427     Cnsurf  =   0.00023
     CDisurf =   0.00427     CDvsurf =   0.00000

 Forces referred to Ssurf, Cave 
     CLsurf  =   0.41037     CDsurf  =   0.00834

 Strip Forces referred to Strip Area, Chord
    j     Xle      Yle      Zle      Chord    Area     c_cl     ai     cl_norm    cl       cd       cdv    cm_c/4     cm_LE   C.P.x/c
     1  13.6181   0.0114  -0.9295   7.7520   0.3539   2.9084   0.0884   0.4734   0.3667   0.2483   0.0000  -0.0275  -0.0991    0.325
     2  13.6830   0.1025  -0.9255   7.6885   1.0492   2.7353   0.0878   0.4574   0.3543   0.0472   0.0000  -0.0272  -0.0948    0.327
     3  13.8120   0.2837  -0.9176   7.5620   1.7073   2.7179   0.0862   0.4627   0.3584   0.0341   0.0000  -0.0260  -0.0946    0.323
     4  14.0037   0.5530  -0.9059   7.3741   2.3052   2.7021   0.0835   0.4720   0.3656   0.0303   0.0000  -0.0241  -0.0945    0.316
     5  14.2560   0.9075  -0.8904   7.1267   2.8223   2.6748   0.0794   0.4836   0.3746   0.0272   0.0000  -0.0218  -0.0945    0.308
     6  14.5662   1.3432  -0.8714   6.8226   3.2414   2.6292   0.0740   0.4967   0.3848   0.0238   0.0000  -0.0198  -0.0949    0.301
     7  14.9309   1.8554  -0.8490   6.4651   3.5491   2.5601   0.0683   0.5106   0.3955   0.0201   0.0000  -0.0182  -0.0958    0.296
     8  15.3460   2.4386  -0.8236   6.0582   3.7368   2.4639   0.0615   0.5246   0.4064   0.0161   0.0000  -0.0173  -0.0972    0.293
     9  15.8070   3.0862  -0.7953   5.6062   3.8005   2.3395   0.0515   0.5385   0.4172   0.0115   0.0000  -0.0171  -0.0992    0.291
    10  16.2877   3.7613  -0.7658   5.1351   3.4440   2.1962   0.0410   0.5522   0.4277   0.0072   0.0000  -0.0173  -0.1015    0.290
    11  16.7803   4.4532  -0.7356   4.6522   3.3149   2.0411   0.0302   0.5666   0.4389   0.0034   0.0000  -0.0176  -0.1040    0.290
    12  17.2999   5.1831  -0.7037   4.1429   3.0930   1.8738   0.0149   0.5844   0.4526  -0.0018   0.0000  -0.0179  -0.1070    0.290
    13  17.8026   6.0123  -0.6437   3.7903   3.4706   1.7140   0.0054   0.5528   0.4526  -0.0036   0.0000  -0.0166  -0.1157    0.287
    14  18.2809   6.9353  -0.5549   3.6075   3.3775   1.5917   0.0073   0.5394   0.4416  -0.0029   0.0000  -0.0170  -0.1136    0.288
    15  18.7672   7.8737  -0.4645   3.4215   3.2389   1.4842   0.0077   0.5303   0.4341  -0.0027   0.0000  -0.0177  -0.1126    0.291
    16  19.2562   8.8172  -0.3736   3.2345   3.0619   1.3856   0.0078   0.5236   0.4287  -0.0026   0.0000  -0.0188  -0.1123    0.294
    17  19.7425   9.7556  -0.2833   3.0486   2.8543   1.2933   0.0079   0.5186   0.4246  -0.0027   0.0000  -0.0200  -0.1125    0.297
    18  20.2208  10.6786  -0.1944   2.8657   2.6239   1.2061   0.0081   0.5145   0.4212  -0.0028   0.0000  -0.0214  -0.1130    0.301
    19  20.6858  11.5760  -0.1080   2.6879   2.3787   1.1235   0.0086   0.5110   0.4183  -0.0030   0.0000  -0.0228  -0.1136    0.305
    20  21.1299  12.4328  -0.0255   2.5181   2.1010   1.0461   0.0098   0.5078   0.4158  -0.0029   0.0000  -0.0235  -0.1136    0.307
    21  21.5482  13.2400   0.0523   2.3582   1.8520   0.9726   0.0120   0.5042   0.4128  -0.0027   0.0000  -0.0232  -0.1127    0.306
    22  21.9390  13.9941   0.1249   2.2087   1.6074   0.8999   0.0150   0.4981   0.4078  -0.0025   0.0000  -0.0223  -0.1108    0.305
    23  22.2979  14.6868   0.1916   2.0715   1.3716   0.8251   0.0188   0.4869   0.3986  -0.0023   0.0000  -0.0208  -0.1074    0.302
    24  22.6211  15.3105   0.2516   1.9479   1.1479   0.7444   0.0235   0.4671   0.3824  -0.0021   0.0000  -0.0186  -0.1018    0.299
    25  22.9051  15.8583   0.3044   1.8393   0.9381   0.6537   0.0286   0.4344   0.3557  -0.0017   0.0000  -0.0161  -0.0936    0.295
    26  23.1466  16.3244   0.3493   1.7470   0.7427   0.5497   0.0337   0.3846   0.3149  -0.0005   0.0000  -0.0156  -0.0841    0.299
    27  23.5299  16.6722   0.3828   1.4928   0.4131   0.4370   0.0385   0.9857   0.2931  -0.0064   0.0000  -0.0137  -0.0413    0.297
    28  23.9809  16.9098   0.4056   1.1466   0.2292   0.3221   0.0444   0.9466   0.2815  -0.0132   0.0000  -0.0004  -0.0337    0.252
    29  24.2843  17.0696   0.4210   0.9138   0.1104   0.1980   0.0488   0.7311   0.2174  -0.0181   0.0000   0.0124  -0.0201    0.193
    30  24.4368  17.1499   0.4287   0.7967   0.0322   0.0669   0.0515   0.2839   0.0844  -0.0124   0.0000   0.0091  -0.0058    0.143

  Surface # 2     main_wing (YDUP)                        
     # Chordwise = 10   # Spanwise = 30     First strip = 31
     Surface area Ssurf =   63.968838     Ave. chord Cave =    3.715026

 Forces referred to Sref, Cref, Bref about Xref, Yref, Zref
 Standard axis orientation,  X fwd, Z down         
     CLsurf  =   0.20975     Clsurf  =   0.03926
     CYsurf  =   0.01432     Cmsurf  =  -0.17576
     CDsurf  =   0.00427     Cnsurf  =  -0.00023
     CDisurf =   0.00427     CDvsurf =   0.00000

 Forces referred to Ssurf, Cave 
     CLsurf  =   0.41037     CDsurf  =   0.00834

 Strip Forces referred to Strip Area, Chord
    j     Xle      Yle      Zle      Chord    Area     c_cl     ai     cl_norm    cl       cd       cdv    cm_c/4     cm_LE   C.P.x/c
    31  13.6181  -0.0114  -0.9295   7.7520   0.3539   2.9084   0.0884   0.4734   0.3667   0.2483   0.0000  -0.0275   0.0991    0.325
    32  13.6830  -0.1025  -0.9255   7.6885   1.0492   2.7353   0.0878   0.4574   0.3543   0.0472   0.0000  -0.0272   0.0948    0.327
    33  13.8120  -0.2837  -0.9176   7.5620   1.7073   2.7179   0.0862   0.4627   0.3584   0.0341   0.0000  -0.0260   0.0946    0.323
    34  14.0037  -0.5530  -0.9059   7.3741   2.3052   2.7021   0.0835   0.4720   0.3656   0.0303   0.0000  -0.0241   0.0945    0.316
    35  14.2560  -0.9075  -0.8904   7.1267   2.8223   2.6748   0.0794   0.4836   0.3746   0.0272   0.0000  -0.0218   0.0945    0.308
    36  14.5662  -1.3432  -0.8714   6.8226   3.2414   2.6292   0.0740   0.4967   0.3848   0.0238   0.0000  -0.0198   0.0949    0.301
    37  14.9309  -1.8554  -0.8490   6.4651   3.5491   2.5601   0.0683   0.5106   0.3955   0.0201   0.0000  -0.0182   0.0958    0.296
    38  15.3460  -2.4386  -0.8236   6.0582   3.7368   2.4639   0.0615   0.5246   0.4064   0.0161   0.0000  -0.0173   0.0972    0.293
    39  15.8070  -3.0862  -0.7953   5.6062   3.8005   2.3395   0.0515   0.5385   0.4172   0.0115   0.0000  -0.0171   0.0992    0.291
    40  16.2877  -3.7613  -0.7658   5.1351   3.4440   2.1962   0.0410   0.5522   0.4277   0.0072   0.0000  -0.0173   0.1015    0.290
    41  16.7803  -4.4532  -0.7356   4.6522   3.3149   2.0411   0.0302   0.5666   0.4389   0.0034   0.0000  -0.0176   0.1040    0.290
    42  17.2999  -5.1831  -0.7037   4.1429   3.0930   1.8738   0.0149   0.5844   0.4526  -0.0018   0.0000  -0.0179   0.1070    0.290
    43  17.8026  -6.0123  -0.6437   3.7903   3.4706   1.7140   0.0054   0.5528   0.4526  -0.0036   0.0000  -0.0166   0.1157    0.287
    44  18.2809  -6.9353  -0.5549   3.6075   3.3775   1.5917   0.0073   0.5394   0.4416  -0.0029   0.0000  -0.0170   0.1136    0.288
    45  18.7672  -7.8737  -0.4645   3.4215   3.2389   1.4842   0.0077   0.5303   0.4341  -0.0027   0.0000  -0.0177   0.1126    0.291
    46  19.2562  -8.8172  -0.3736   3.2345   3.0619   1.3856   0.0078   0.5236   0.4287  -0.0026   0.0000  -0.0188   0.1123    0.294
    47  19.7425  -9.7556  -0.2833   3.0486   2.8543   1.2933   0.0079   0.5186   0.4246  -0.0027   0.0000  -0.0200   0.1125    0.297
    48  20.2208 -10.6786  -0.1944   2.8657   2.6239   1.2061   0.0081   0.5145   0.4212  -0.0028   0.0000  -0.0214   0.1130    0.301
    49  20.6858 -11.5760  -0.1080   2.6879   2.3787   1.1235   0.0086   0.5110   0.4183  -0.0030   0.0000  -0.0228   0.1136    0.305
    50  21.1299 -12.4328  -0.0255   2.5181   2.1010   1.0461   0.0098   0.5078   0.4158  -0.0029   0.0000  -0.0235   0.1136    0.307
    51  21.5482 -13.2400   0.0523   2.3582   1.8520   0.9726   0.0120   0.5042   0.4128  -0.0027   0.0000  -0.0232   0.1127    0.306
    52  21.9390 -13.9941   0.1249   2.2087   1.6074   0.8999   0.0150   0.4981   0.4078  -0.0025   0.0000  -0.0223   0.1108    0.305
    53  22.2979 -14.6868   0.1916   2.0715   1.3716   0.8251   0.0188   0.4869   0.3986  -0.0023   0.0000  -0.0208   0.1074    0.302
    54  22.6211 -15.3105   0.2516   1.9479   1.1479   0.7444   0.0235   0.4671   0.3824  -0.0021   0.0000  -0.0186   0.1018    0.299
    55  22.9051 -15.8583   0.3044   1.8393   0.9381   0.6537   0.0286   0.4344   0.3557  -0.0017   0.0000  -0.0161   0.0936    0.295
    56  23.1466 -16.3244   0.3493   1.7470   0.7427   0.5497   0.0337   0.3846   0.3149  -0.0005   0.0000  -0.0156   0.0841    0.299
    57  23.5299 -16.6722   0.3828   1.4928   0.4131   0.4370   0.0385   0.9857   0.2931  -0.0064   0.0000  -0.0137   0.0413    0.297
    58  23.9809 -16.9098   0.4056   1.1466   0.2292   0.3221   0.0444   0.9466   0.2815  -0.0132   0.0000  -0.0004   0.0337    0.252
    59  24.2843 -17.0696   0.4210   0.9138   0.1104   0.1980   0.0488   0.7311   0.2174  -0.0181   0.0000   0.0124   0.0201    0.193
    60  24.4368 -17.1499   0.4287   0.7967   0.0322   0.0669   0.0515   0.2839   0.0844  -0.0124   0.0000   0.0091   0.0058    0.143

  Surface # 3     horizontal_stabilizer                   
     # Chordwise = 10   # Spanwise = 30     First strip = 61
     Surface area Ssurf =   20.744605     Ave. chord Cave =    2.848571

 Forces referred to Sref, Cref, Bref about Xref, Yref, Zref
 Standard axis orientation,  X fwd, Z down         
     CLsurf  =   0.00091     Clsurf  =  -0.00024
     CYsurf  =  -0.00014     Cmsurf  =  -0.00485
     CDsurf  =   0.00002     Cnsurf  =   0.00010
     CDisurf =   0.00002     CDvsurf =   0.00000

 Forces referred to Ssurf, Cave 
     CLsurf  =   0.00554     CDsurf  =   0.00012

 Strip Forces referred to Strip Area, Chord
    j     Xle      Yle      Zle      Chord    Area     c_cl     ai     cl_norm    cl       cd       cdv    cm_c/4     cm_LE   C.P.x/c
    61  33.0230   0.0046   1.4667   4.2713   0.0803  -0.0379   0.0462  -0.0115  -0.0089  -0.0000   0.0000  -0.0006   0.0014    0.179
    62  33.0469   0.0418   1.4723   4.2566   0.2392  -0.0383   0.0461  -0.0117  -0.0090  -0.0003   0.0000  -0.0007   0.0014    0.178
    63  33.0943   0.1156   1.4835   4.2274   0.3930  -0.0383   0.0459  -0.0118  -0.0091  -0.0003   0.0000  -0.0007   0.0014    0.174
    64  33.1649   0.2254   1.5002   4.1839   0.5386  -0.0382   0.0454  -0.0118  -0.0091  -0.0003   0.0000  -0.0008   0.0013    0.167
    65  33.2578   0.3698   1.5221   4.1268   0.6730  -0.0380   0.0448  -0.0119  -0.0092  -0.0003   0.0000  -0.0008   0.0013    0.158
    66  33.3719   0.5474   1.5490   4.0565   0.7936  -0.0375   0.0439  -0.0120  -0.0092  -0.0003   0.0000  -0.0009   0.0012    0.148
    67  33.5097   0.7617   1.5816   3.9717   0.9441  -0.0367   0.0428  -0.0120  -0.0092  -0.0003   0.0000  -0.0010   0.0011    0.136
    68  33.6704   1.0116   1.6195   3.8728   1.0344  -0.0352   0.0414  -0.0118  -0.0091  -0.0003   0.0000  -0.0012   0.0010    0.122
    69  33.8488   1.2891   1.6616   3.7630   1.1046  -0.0328   0.0399  -0.0113  -0.0087  -0.0003   0.0000  -0.0013   0.0008    0.105
    70  34.0430   1.5912   1.7075   3.6435   1.1542  -0.0294   0.0383  -0.0104  -0.0081  -0.0003   0.0000  -0.0014   0.0006    0.082
    71  34.2510   1.9146   1.7565   3.5155   1.1831  -0.0245   0.0367  -0.0090  -0.0070  -0.0003   0.0000  -0.0014   0.0003    0.045
    72  34.4703   2.2558   1.8083   3.3805   1.1921  -0.0181   0.0351  -0.0069  -0.0053  -0.0002   0.0000  -0.0015  -0.0001   -0.024
    73  34.6987   2.6109   1.8622   3.2400   1.1821  -0.0101   0.0337  -0.0040  -0.0031  -0.0001   0.0000  -0.0015  -0.0006   -0.221
    74  34.9335   2.9762   1.9177   3.0955   1.1548  -0.0006   0.0323  -0.0003  -0.0002  -0.0000   0.0000  -0.0014  -0.0011  999.000
    75  35.1723   3.3476   1.9740   2.9485   1.1122   0.0099   0.0311   0.0043   0.0033   0.0001   0.0000  -0.0013  -0.0018    0.645
    76  35.4124   3.7210   2.0307   2.8008   1.0564   0.0210   0.0301   0.0097   0.0075   0.0003   0.0000  -0.0012  -0.0026    0.407
    77  35.6512   4.0924   2.0871   2.6538   0.9900   0.0323   0.0293   0.0158   0.0122   0.0004   0.0000  -0.0010  -0.0034    0.331
    78  35.8861   4.4577   2.1425   2.5093   0.9155   0.0430   0.0287   0.0222   0.0171   0.0006   0.0000  -0.0007  -0.0043    0.293
    79  36.1144   4.8128   2.1964   2.3687   0.8353   0.0526   0.0283   0.0288   0.0222   0.0007   0.0000  -0.0004  -0.0051    0.269
    80  36.3338   5.1540   2.2482   2.2338   0.7518   0.0606   0.0281   0.0351   0.0271   0.0008   0.0000  -0.0001  -0.0058    0.252
    81  36.5417   5.4774   2.2973   2.1058   0.6671   0.0665   0.0281   0.0409   0.0316   0.0009   0.0000   0.0004  -0.0064    0.238
    82  36.7359   5.7795   2.3431   1.9862   0.5830   0.0701   0.0282   0.0457   0.0353   0.0010   0.0000   0.0009  -0.0068    0.225
    83  36.9144   6.0570   2.3852   1.8764   0.5012   0.0711   0.0285   0.0491   0.0379   0.0010   0.0000   0.0015  -0.0068    0.211
    84  37.0750   6.3069   2.4232   1.7776   0.4225   0.0696   0.0288   0.0508   0.0392   0.0010   0.0000   0.0021  -0.0066    0.197
    85  37.2162   6.5264   2.4565   1.6907   0.3478   0.0656   0.0291   0.0503   0.0388   0.0010   0.0000   0.0027  -0.0060    0.180
    86  37.3480   6.7314   2.4876   1.6096   0.3326   0.0590   0.0294   0.0475   0.0367   0.0009   0.0000   0.0032  -0.0051    0.162
    87  37.4657   6.9144   2.5154   1.5372   0.2507   0.0491   0.0297   0.0415   0.0320   0.0007   0.0000   0.0035  -0.0039    0.140
    88  37.5551   7.0535   2.5365   1.4822   0.1746   0.0369   0.0299   0.0323   0.0249   0.0005   0.0000   0.0033  -0.0026    0.119
    89  37.6153   7.1471   2.5508   1.4451   0.1029   0.0228   0.0301   0.0205   0.0158   0.0003   0.0000   0.0024  -0.0014    0.101
    90  37.6455   7.1941   2.5579   1.4265   0.0340   0.0077   0.0302   0.0070   0.0054   0.0000   0.0000   0.0009  -0.0004    0.091

  Surface # 4     horizontal_stabilizer (YDUP)            
     # Chordwise = 10   # Spanwise = 30     First strip = 91
     Surface area Ssurf =   20.744605     Ave. chord Cave =    2.848571

 Forces referred to Sref, Cref, Bref about Xref, Yref, Zref
 Standard axis orientation,  X fwd, Z down         
     CLsurf  =   0.00091     Clsurf  =   0.00024
     CYsurf  =   0.00014     Cmsurf  =  -0.00485
     CDsurf  =   0.00002     Cnsurf  =  -0.00010
     CDisurf =   0.00002     CDvsurf =   0.00000

 Forces referred to Ssurf, Cave 
     CLsurf  =   0.00554     CDsurf  =   0.00012

 Strip Forces referred to Strip Area, Chord
    j     Xle      Yle      Zle      Chord    Area     c_cl     ai     cl_norm    cl       cd       cdv    cm_c/4     cm_LE   C.P.x/c
    91  33.0230  -0.0046   1.4667   4.2713   0.0803  -0.0379   0.0462  -0.0115  -0.0089  -0.0000   0.0000  -0.0006  -0.0014    0.179
    92  33.0469  -0.0418   1.4723   4.2566   0.2392  -0.0383   0.0461  -0.0117  -0.0090  -0.0003   0.0000  -0.0007  -0.0014    0.178
    93  33.0943  -0.1156   1.4835   4.2274   0.3930  -0.0383   0.0459  -0.0118  -0.0091  -0.0003   0.0000  -0.0007  -0.0014    0.174
    94  33.1649  -0.2254   1.5002   4.1839   0.5386  -0.0382   0.0454  -0.0118  -0.0091  -0.0003   0.0000  -0.0008  -0.0013    0.167
    95  33.2578  -0.3698   1.5221   4.1268   0.6730  -0.0380   0.0448  -0.0119  -0.0092  -0.0003   0.0000  -0.0008  -0.0013    0.158
    96  33.3719  -0.5474   1.5490   4.0565   0.7936  -0.0375   0.0439  -0.0120  -0.0092  -0.0003   0.0000  -0.0009  -0.0012    0.148
    97  33.5097  -0.7617   1.5816   3.9717   0.9441  -0.0367   0.0428  -0.0120  -0.0092  -0.0003   0.0000  -0.0010  -0.0011    0.136
    98  33.6704  -1.0116   1.6195   3.8728   1.0344  -0.0352   0.0414  -0.0118  -0.0091  -0.0003   0.0000  -0.0012  -0.0010    0.122
    99  33.8488  -1.2891   1.6616   3.7630   1.1046  -0.0328   0.0399  -0.0113  -0.0087  -0.0003   0.0000  -0.0013  -0.0008    0.105
   100  34.0430  -1.5912   1.7075   3.6435   1.1542  -0.0294   0.0383  -0.0104  -0.0081  -0.0003   0.0000  -0.0014  -0.0006    0.082
   101  34.2510  -1.9146   1.7565   3.5155   1.1831  -0.0245   0.0367  -0.0090  -0.0070  -0.0003   0.0000  -0.0014  -0.0003    0.045
   102  34.4703  -2.2558   1.8083   3.3805   1.1921  -0.0181   0.0351  -0.0069  -0.0053  -0.0002   0.0000  -0.0015   0.0001   -0.024
   103  34.6987  -2.6109   1.8622   3.2400   1.1821  -0.0101   0.0337  -0.0040  -0.0031  -0.0001   0.0000  -0.0015   0.0006   -0.221
   104  34.9335  -2.9762   1.9177   3.0955   1.1548  -0.0006   0.0323  -0.0003  -0.0002  -0.0000   0.0000  -0.0014   0.0011  999.000
   105  35.1723  -3.3476   1.9740   2.9485   1.1122   0.0099   0.0311   0.0043   0.0033   0.0001   0.0000  -0.0013   0.0018    0.645
   106  35.4124  -3.7210   2.0307   2.8008   1.0564   0.0210   0.0301   0.0097   0.0075   0.0003   0.0000  -0.0012   0.0026    0.407
   107  35.6512  -4.0924   2.0871   2.6538   0.9900   0.0323   0.0293   0.0158   0.0122   0.0004   0.0000  -0.0010   0.0034    0.331
   108  35.8861  -4.4577   2.1425   2.5093   0.9155   0.0430   0.0287   0.0222   0.0171   0.0006   0.0000  -0.0007   0.0043    0.293
   109  36.1144  -4.8128   2.1964   2.3687   0.8353   0.0526   0.0283   0.0288   0.0222   0.0007   0.0000  -0.0004   0.0051    0.269
   110  36.3338  -5.1540   2.2482   2.2338   0.7518   0.0606   0.0281   0.0351   0.0271   0.0008   0.0000  -0.0001   0.0058    0.252
   111  36.5417  -5.4774   2.2973   2.1058   0.6671   0.0665   0.0281   0.0409   0.0316   0.0009   0.0000   0.0004   0.0064    0.238
   112  36.7359  -5.7795   2.3431   1.9862   0.5830   0.0701   0.0282   0.0457   0.0353   0.0010   0.0000   0.0009   0.0068    0.225
   113  36.9144  -6.0570   2.3852   1.8764   0.5012   0.0711   0.0285   0.0491   0.0379   0.0010   0.0000   0.0015   0.0068    0.211
   114  37.0750  -6.3069   2.4232   1.7776   0.4225   0.0696   0.0288   0.0508   0.0392   0.0010   0.0000   0.0021   0.0066    0.197
   115  37.2162  -6.5264   2.4565   1.6907   0.3478   0.0656   0.0291   0.0503   0.0388   0.0010   0.0000   0.0027   0.0060    0.180
   116  37.3480  -6.7314   2.4876   1.6096   0.3326   0.0590   0.0294   0.0475   0.0367   0.0009   0.0000   0.0032   0.0051    0.162
   117  37.4657  -6.9144   2.5154   1.5372   0.2507   0.0491   0.0297   0.0415   0.0320   0.0007   0.0000   0.0035   0.0039    0.140
   118  37.5551  -7.0535   2.5365   1.4822   0.1746   0.0369   0.0299   0.0323   0.0249   0.0005   0.0000   0.0033   0.0026    0.119
   119  37.6153  -7.1471   2.5508   1.4451   0.1029   0.0228   0.0301   0.0205   0.0158   0.0003   0.0000   0.0024   0.0014    0.101
   120  37.6455  -7.1941   2.5579   1.4265   0.0340   0.0077   0.0302   0.0070   0.0054   0.0000   0.0000   0.0009   0.0004    0.091

  Surface # 5     vertical_stabilizer                     
     # Chordwise = 10   # Spanwise = 30     First strip =121
     Surface area Ssurf =   34.910363     Ave. chord Cave =    4.190920

 Forces referred to Sref, Cref, Bref about Xref, Yref, Zref
 Standard axis orientation,  X fwd, Z down         
     CLsurf  =  -0.00000     Clsurf  =   0.00000
     CYsurf  =   0.00000     Cmsurf  =   0.00000
     CDsurf  =   0.00000     Cnsurf  =  -0.00000
     CDisurf =   0.00000     CDvsurf =   0.00000

 Forces referred to Ssurf, Cave 
     CLsurf  =  -0.00000     CDsurf  =   0.00000

 Strip Forces referred to Strip Area, Chord
    j     Xle      Yle      Zle      Chord    Area     c_cl     ai     cl_norm    cl       cd       cdv    cm_c/4     cm_LE   C.P.x/c
   121  27.0137   0.0000   1.5690  10.0347   0.6931  -0.0000  -0.0000  -0.0000  -0.0000   0.0000   0.0000   0.0000   0.0000    0.501
   122  27.2327   0.0000   1.6601   9.8296   1.1101  -0.0000  -0.0000  -0.0000  -0.0000   0.0000   0.0000   0.0000   0.0000    0.639
   123  27.5561   0.0000   1.7947   9.5266   1.4857  -0.0000  -0.0000  -0.0000  -0.0000   0.0000   0.0000   0.0000   0.0000    0.584
   124  27.9815   0.0000   1.9717   9.1281   1.8040  -0.0000   0.0000  -0.0000  -0.0000   0.0000   0.0000   0.0000   0.0000    0.538
   125  28.5051   0.0000   2.1895   8.6377   2.0517  -0.0000  -0.0000  -0.0000  -0.0000   0.0000   0.0000   0.0000   0.0000    0.395
   126  29.1220   0.0000   2.4462   8.0598   2.2181  -0.0000  -0.0000  -0.0000  -0.0000  -0.0000   0.0000  -0.0000   0.0000    0.151
   127  29.8264   0.0000   2.7392   7.4000   2.2957  -0.0000  -0.0000  -0.0000  -0.0000   0.0000   0.0000   0.0000   0.0000    0.315
   128  30.6115   0.0000   3.0659   6.6646   2.2808  -0.0000  -0.0000  -0.0000  -0.0000   0.0000   0.0000  -0.0000  -0.0000   -0.657
   129  31.4694   0.0000   3.4228   5.8609   2.1733  -0.0000  -0.0000  -0.0000  -0.0000  -0.0000   0.0000   0.0000   0.0000    0.445
   130  32.3918   0.0000   3.8066   4.9969   1.9773  -0.0000  -0.0000  -0.0000  -0.0000  -0.0000   0.0000  -0.0000  -0.0000   -0.667
   131  33.0131   0.0000   4.1929   4.4389   1.6667  -0.0000  -0.0000  -0.0000  -0.0000  -0.0000   0.0000   0.0000   0.0000    0.295
   132  33.3001   0.0000   4.5764   4.2198   1.6478  -0.0000  -0.0000  -0.0000  -0.0000  -0.0000   0.0000  -0.0000   0.0000    0.192
   133  33.5969   0.0000   4.9729   3.9932   1.6033  -0.0000   0.0000  -0.0000  -0.0000   0.0000   0.0000  -0.0000  -0.0000   -0.331
   134  33.9004   0.0000   5.3784   3.7615   1.5362  -0.0000   0.0000  -0.0000  -0.0000   0.0000   0.0000  -0.0000  -0.0000  999.000
   135  34.2075   0.0000   5.7886   3.5271   1.4499  -0.0000   0.0000  -0.0000  -0.0000   0.0000   0.0000  -0.0000  -0.0000  999.000
   136  34.5150   0.0000   6.1995   3.2923   1.3482  -0.0000  -0.0000  -0.0000  -0.0000  -0.0000   0.0000   0.0000   0.0000    0.471
   137  34.8197   0.0000   6.6066   3.0597   1.2352  -0.0000  -0.0000  -0.0000  -0.0000   0.0000   0.0000   0.0000   0.0000    0.382
   138  35.1185   0.0000   7.0058   2.8315   1.1147  -0.0000   0.0000  -0.0000  -0.0000   0.0000   0.0000  -0.0000  -0.0000   -0.585
   139  35.4083   0.0000   7.3929   2.6103   0.9908  -0.0000  -0.0000  -0.0000  -0.0000   0.0000   0.0000  -0.0000  -0.0000   -0.535
   140  35.6860   0.0000   7.7640   2.3983   0.8670  -0.0000   0.0000  -0.0000  -0.0000   0.0000   0.0000  -0.0000  -0.0000   -0.109
   141  35.9487   0.0000   8.1150   2.1977   0.7464  -0.0000   0.0000  -0.0000  -0.0000   0.0000   0.0000   0.0000   0.0000    0.375
   142  36.1937   0.0000   8.4424   2.0106   0.6318  -0.0000  -0.0000  -0.0000  -0.0000  -0.0000   0.0000   0.0000   0.0000    0.501
   143  36.4185   0.0000   8.7426   1.8390   0.5251  -0.0000  -0.0000  -0.0000  -0.0000   0.0000   0.0000   0.0000   0.0000    0.554
   144  36.6206   0.0000   9.0127   1.6847   0.4276  -0.0000  -0.0000  -0.0000  -0.0000   0.0000   0.0000   0.0000   0.0000    0.408
   145  36.7980   0.0000   9.2496   1.5493   0.3400  -0.0000  -0.0000  -0.0000  -0.0000   0.0000   0.0000   0.0000   0.0000    0.652
   146  36.9487   0.0000   9.4510   1.4342   0.2622  -0.0000  -0.0000  -0.0000  -0.0000   0.0000   0.0000   0.0000   0.0000    0.655
   147  37.0713   0.0000   9.6148   1.3407   0.1933  -0.0000   0.0000  -0.0000  -0.0000  -0.0000   0.0000   0.0000   0.0000    0.558
   148  37.1643   0.0000   9.7391   1.2696   0.1322  -0.0000  -0.0000  -0.0000  -0.0000  -0.0000   0.0000   0.0000   0.0000    0.618
   149  37.2269   0.0000   9.8227   1.2218   0.0769  -0.0000  -0.0000  -0.0000  -0.0000  -0.0000   0.0000   0.0000   0.0000    0.468
   150  37.2584   0.0000   9.8647   1.1978   0.0252  -0.0000   0.0000  -0.0000  -0.0000  -0.0000   0.0000   0.0000   0.0000    0.762

  Surface # 6     fuselage_horizontal                     
     # Chordwise = 10   # Spanwise = 10     First strip =151
     Surface area Ssurf =  123.841199     Ave. chord Cave =   33.112620

 Forces referred to Sref, Cref, Bref about Xref, Yref, Zref
 Standard axis orientation,  X fwd, Z down         
     CLsurf  =  -0.00062     Clsurf  =   0.00000
     CYsurf  =   0.00000     Cmsurf  =   0.01417
     CDsurf  =  -0.00009     Cnsurf  =  -0.00000
     CDisurf =  -0.00009     CDvsurf =   0.00000

 Forces referred to Ssurf, Cave 
     CLsurf  =  -0.00062     CDsurf  =  -0.00010

 Strip Forces referred to Strip Area, Chord
    j     Xle      Yle      Zle      Chord    Area     c_cl     ai     cl_norm    cl       cd       cdv    cm_c/4     cm_LE   C.P.x/c
   151   5.0231  -1.6830   0.0000  26.5957   9.9468  -0.0298   0.0481  -0.0136  -0.0011  -0.0007   0.0000   0.0019   0.0003    1.943
   152   2.9203  -1.3090   0.0000  31.2096  11.6724  -0.0286   0.0566  -0.0035  -0.0009  -0.0002   0.0000   0.0020   0.0006  999.000
   153   1.6676  -0.9350   0.0000  34.0626  12.7394  -0.0211   0.0641  -0.0015  -0.0006  -0.0000   0.0000   0.0021   0.0007  999.000
   154   0.7666  -0.5610   0.0000  36.1620  13.5246  -0.0141   0.0691  -0.0007  -0.0004   0.0001   0.0000   0.0020   0.0009  999.000
   155   0.1963  -0.1870   0.0000  37.5333  14.0374  -0.0100   0.0720  -0.0003  -0.0003   0.0002   0.0000   0.0020   0.0014  999.000
   156   0.1963   0.1870   0.0000  37.5333  14.0374  -0.0100   0.0720  -0.0003  -0.0003   0.0002   0.0000   0.0020   0.0014  999.000
   157   0.7666   0.5610   0.0000  36.1620  13.5246  -0.0141   0.0691  -0.0007  -0.0004   0.0001   0.0000   0.0020   0.0009  999.000
   158   1.6676   0.9350   0.0000  34.0626  12.7394  -0.0211   0.0641  -0.0015  -0.0006  -0.0000   0.0000   0.0021   0.0007  999.000
   159   2.9202   1.3090   0.0000  31.2096  11.6724  -0.0286   0.0566  -0.0035  -0.0009  -0.0002   0.0000   0.0020   0.0006  999.000
   160   5.0231   1.6830   0.0000  26.5957   9.9468  -0.0298   0.0481  -0.0136  -0.0011  -0.0007   0.0000   0.0019   0.0003    1.943

  Surface # 7     fuselage_vertical                       
     # Chordwise = 10   # Spanwise = 10     First strip =161
     Surface area Ssurf =  123.841199     Ave. chord Cave =   33.112620

 Forces referred to Sref, Cref, Bref about Xref, Yref, Zref
 Standard axis orientation,  X fwd, Z down         
     CLsurf  =  -0.00000     Clsurf  =   0.00000
     CYsurf  =   0.00000     Cmsurf  =   0.00000
     CDsurf  =   0.00000     Cnsurf  =  -0.00000
     CDisurf =   0.00000     CDvsurf =   0.00000

 Forces referred to Ssurf, Cave 
     CLsurf  =  -0.00000     CDsurf  =   0.00000

 Strip Forces referred to Strip Area, Chord
    j     Xle      Yle      Zle      Chord    Area     c_cl     ai     cl_norm    cl       cd       cdv    cm_c/4     cm_LE   C.P.x/c
   161   5.0231   0.0000  -1.6830  26.5957   9.9468   0.0000  -0.0000   0.0000   0.0000   0.0000   0.0000  -0.0000  -0.0000    1.263
   162   2.9203   0.0000  -1.3090  31.2096  11.6724  -0.0000  -0.0000  -0.0000  -0.0000   0.0000   0.0000  -0.0000  -0.0000   -0.315
   163   1.6676   0.0000  -0.9350  34.0626  12.7394  -0.0000   0.0000  -0.0000  -0.0000   0.0000   0.0000   0.0000   0.0000    0.389
   164   0.7666   0.0000  -0.5610  36.1620  13.5246  -0.0000   0.0000  -0.0000  -0.0000   0.0000   0.0000   0.0000   0.0000    0.653
   165   0.1963   0.0000  -0.1870  37.5333  14.0374  -0.0000   0.0000  -0.0000  -0.0000   0.0000   0.0000   0.0000   0.0000    0.679
   166   0.1963   0.0000   0.1870  37.5333  14.0374  -0.0000   0.0000  -0.0000  -0.0000   0.0000   0.0000   0.0000   0.0000    0.609
   167   0.7666   0.0000   0.5610  36.1620  13.5246  -0.0000  -0.0000  -0.0000  -0.0000   0.0000   0.0000   0.0000   0.0000    0.684
   168   1.6676   0.0000   0.9350  34.0626  12.7394  -0.0000   0.0000  -0.0000  -0.0000   0.0000   0.0000   0.0000   0.0000    0.574
   169   2.9202   0.0000   1.3090  31.2096  11.6724  -0.0000   0.0000  -0.0000  -0.0000  -0.0000   0.0000   0.0000   0.0000    0.618
   170   5.0231   0.0000   1.6830  26.5957   9.9468  -0.0000  -0.0000  -0.0000  -0.0000   0.0000   0.0000   0.0000   0.0000    0.867
 ---------------------------------------------------------------
