 ---------------------------------------------------------------
 Surface and Strip Forces by surface

  Sref =  124.86       Cref =  4.4875       Bref =  34.320    
  Xref =  18.914       Yref =  0.0000       Zref =-0.17619    

  Surface # 1     main_wing                               
     # Chordwise = 10   # Spanwise = 30     First strip =  1
     Surface area Ssurf =   63.968838     Ave. chord Cave =    3.715026

 Forces referred to Sref, Cref, Bref about Xref, Yref, Zref
 Standard axis orientation,  X fwd, Z down         
     CLsurf  =   0.53261     Clsurf  =  -0.10467
     CYsurf  =  -0.02493     Cmsurf  =  -0.02742
     CDsurf  =   0.02405     Cnsurf  =  -0.01903
     CDisurf =   0.02405     CDvsurf =   0.00000

 Forces referred to Ssurf, Cave 
     CLsurf  =   1.04052     CDsurf  =   0.04694

 Strip Forces referred to Strip Area, Chord
    j     Xle      Yle      Zle      Chord    Area     c_cl     ai     cl_norm    cl       cd       cdv    cm_c/4     cm_LE   C.P.x/c
     1  13.6181   0.0114  -0.9295   7.7520   0.3539   6.7826   0.2308   0.8927   0.6928   1.1056   0.0000  -0.0504  -0.2216    0.323
     2  13.6830   0.1025  -0.9255   7.6885   1.0492   6.0139   0.2306   0.9760   0.7575   0.2080   0.0000  -0.0499  -0.2024    0.316
     3  13.8120   0.2837  -0.9176   7.5620   1.7073   5.9509   0.2293   0.9950   0.7722   0.1520   0.0000  -0.0469  -0.2009    0.311
     4  14.0037   0.5530  -0.9059   7.3741   2.3052   5.9204   0.2262   1.0196   0.7913   0.1355   0.0000  -0.0421  -0.2004    0.303
     5  14.2560   0.9075  -0.8904   7.1267   2.8223   5.8799   0.2193   1.0516   0.8161   0.1224   0.0000  -0.0368  -0.2006    0.295
     6  14.5662   1.3432  -0.8714   6.8226   3.2414   5.8153   0.2023   1.0903   0.8462   0.1094   0.0000  -0.0317  -0.2022    0.287
     7  14.9309   1.8554  -0.8490   6.4651   3.5491   5.7179   0.1656   1.1352   0.8811   0.0961   0.0000  -0.0275  -0.2054    0.281
     8  15.3460   2.4386  -0.8236   6.0582   3.7368   5.5807   0.1296   1.1865   0.9209   0.0821   0.0000  -0.0244  -0.2105    0.276
     9  15.8070   3.0862  -0.7953   5.6062   3.8005   5.4000   0.1143   1.2450   0.9663   0.0667   0.0000  -0.0226  -0.2178    0.273
    10  16.2877   3.7613  -0.7658   5.1351   3.4440   5.1856   0.1021   1.3096   1.0163   0.0515   0.0000  -0.0217  -0.2267    0.271
    11  16.7803   4.4532  -0.7356   4.6522   3.3149   4.9466   0.0865   1.3830   1.0733   0.0362   0.0000  -0.0211  -0.2372    0.270
    12  17.2999   5.1831  -0.7037   4.1429   3.0930   4.6840   0.0613   1.4763   1.1457   0.0133   0.0000  -0.0194  -0.2498    0.267
    13  17.8026   6.0123  -0.6437   3.7903   3.4706   4.3962   0.0435   1.4465   1.1770   0.0044   0.0000  -0.0108  -0.2739    0.259
    14  18.2809   6.9353  -0.5549   3.6075   3.3775   4.1716   0.0399   1.4420   1.1734   0.0051   0.0000  -0.0107  -0.2730    0.259
    15  18.7672   7.8737  -0.4645   3.4215   3.2389   3.9609   0.0338   1.4440   1.1750   0.0035   0.0000  -0.0110  -0.2736    0.259
    16  19.2562   8.8172  -0.3736   3.2345   3.0619   3.7551   0.0296   1.4485   1.1786   0.0014   0.0000  -0.0116  -0.2749    0.260
    17  19.7425   9.7556  -0.2833   3.0486   2.8543   3.5504   0.0282   1.4536   1.1827  -0.0008   0.0000  -0.0125  -0.2765    0.261
    18  20.2208  10.6786  -0.1944   2.8657   2.6239   3.3454   0.0286   1.4575   1.1859  -0.0026   0.0000  -0.0138  -0.2783    0.262
    19  20.6858  11.5760  -0.1080   2.6879   2.3787   3.1407   0.0299   1.4587   1.1869  -0.0021   0.0000  -0.0165  -0.2809    0.264
    20  21.1299  12.4328  -0.0255   2.5181   2.1010   2.9391   0.0329   1.4597   1.1877  -0.0140   0.0000  -0.0294  -0.2920    0.275
    21  21.5482  13.2400   0.0523   2.3582   1.8520   2.7405   0.0382   1.4527   1.1820  -0.0106   0.0000  -0.0296  -0.2911    0.275
    22  21.9390  13.9941   0.1249   2.2087   1.6074   2.5401   0.0458   1.4374   1.1696  -0.0101   0.0000  -0.0278  -0.2867    0.274
    23  22.2979  14.6868   0.1916   2.0715   1.3716   2.3316   0.0562   1.4068   1.1447  -0.0098   0.0000  -0.0244  -0.2781    0.271
    24  22.6211  15.3105   0.2516   1.9479   1.1479   2.1058   0.0694   1.3511   1.0994  -0.0089   0.0000  -0.0191  -0.2633    0.267
    25  22.9051  15.8583   0.3044   1.8393   0.9381   1.8513   0.0841   1.2575   1.0232  -0.0061   0.0000  -0.0133  -0.2412    0.263
    26  23.1466  16.3244   0.3493   1.7470   0.7427   1.5586   0.0989   1.1125   0.9052   0.0042   0.0000  -0.0137  -0.2155    0.265
    27  23.5299  16.6722   0.3828   1.4928   0.4131   1.2393   0.1136   2.7835   0.8507  -0.0410   0.0000  -0.0060  -0.1092    0.257
    28  23.9809  16.9098   0.4056   1.1466   0.2292   0.9149   0.1319   2.7123   0.8289  -0.1025   0.0000   0.0287  -0.0895    0.215
    29  24.2843  17.0696   0.4210   0.9138   0.1104   0.5631   0.1455   2.1356   0.6527  -0.1482   0.0000   0.0587  -0.0526    0.160
    30  24.4368  17.1499   0.4287   0.7967   0.0322   0.1903   0.1529   0.8609   0.2631  -0.1134   0.0000   0.0364  -0.0142    0.112

  Surface # 2     main_wing (YDUP)                        
     # Chordwise = 10   # Spanwise = 30     First strip = 31
     Surface area Ssurf =   63.968838     Ave. chord Cave =    3.715026

 Forces referred to Sref, Cref, Bref about Xref, Yref, Zref
 Standard axis orientation,  X fwd, Z down         
     CLsurf  =   0.53261     Clsurf  =   0.10467
     CYsurf  =   0.02493     Cmsurf  =  -0.02742
     CDsurf  =   0.02405     Cnsurf  =   0.01903
     CDisurf =   0.02405     CDvsurf =   0.00000

 Forces referred to Ssurf, Cave 
     CLsurf  =   1.04052     CDsurf  =   0.04694

 Strip Forces referred to Strip Area, Chord
    j     Xle      Yle      Zle      Chord    Area     c_cl     ai     cl_norm    cl       cd       cdv    cm_c/4     cm_LE   C.P.x/c
    31  13.6181  -0.0114  -0.9295   7.7520   0.3539   6.7826   0.2308   0.8927   0.6928   1.1056   0.0000  -0.0504   0.2216    0.323
    32  13.6830  -0.1025  -0.9255   7.6885   1.0492   6.0139   0.2306   0.9760   0.7575   0.2080   0.0000  -0.0499   0.2024    0.316
    33  13.8120  -0.2837  -0.9176   7.5620   1.7073   5.9509   0.2293   0.9950   0.7722   0.1520   0.0000  -0.0469   0.2009    0.311
    34  14.0037  -0.5530  -0.9059   7.3741   2.3052   5.9204   0.2262   1.0196   0.7913   0.1355   0.0000  -0.0421   0.2004    0.303
    35  14.2560  -0.9075  -0.8904   7.1267   2.8223   5.8799   0.2193   1.0516   0.8161   0.1224   0.0000  -0.0368   0.2006    0.295
    36  14.5662  -1.3432  -0.8714   6.8226   3.2414   5.8153   0.2023   1.0903   0.8462   0.1094   0.0000  -0.0317   0.2022    0.287
    37  14.9309  -1.8554  -0.8490   6.4651   3.5491   5.7179   0.1656   1.1352   0.8811   0.0961   0.0000  -0.0275   0.2054    0.281
    38  15.3460  -2.4386  -0.8236   6.0582   3.7368   5.5807   0.1296   1.1865   0.9209   0.0821   0.0000  -0.0244   0.2105    0.276
    39  15.8070  -3.0862  -0.7953   5.6062   3.8005   5.4000   0.1143   1.2450   0.9663   0.0667   0.0000  -0.0226   0.2178    0.273
    40  16.2877  -3.7613  -0.7658   5.1351   3.4440   5.1856   0.1021   1.3096   1.0163   0.0515   0.0000  -0.0217   0.2267    0.271
    41  16.7803  -4.4532  -0.7356   4.6522   3.3149   4.9466   0.0865   1.3830   1.0733   0.0362   0.0000  -0.0211   0.2372    0.270
    42  17.2999  -5.1831  -0.7037   4.1429   3.0930   4.6840   0.0613   1.4763   1.1457   0.0133   0.0000  -0.0194   0.2498    0.267
    43  17.8026  -6.0123  -0.6437   3.7903   3.4706   4.3962   0.0435   1.4465   1.1770   0.0044   0.0000  -0.0108   0.2739    0.259
    44  18.2809  -6.9353  -0.5549   3.6075   3.3775   4.1716   0.0399   1.4420   1.1734   0.0051   0.0000  -0.0107   0.2730    0.259
    45  18.7672  -7.8737  -0.4645   3.4215   3.2389   3.9609   0.0338   1.4440   1.1750   0.0035   0.0000  -0.0110   0.2736    0.259
    46  19.2562  -8.8172  -0.3736   3.2345   3.0619   3.7551   0.0296   1.4485   1.1786   0.0014   0.0000  -0.0116   0.2749    0.260
    47  19.7425  -9.7556  -0.2833   3.0486   2.8543   3.5504   0.0282   1.4536   1.1827  -0.0008   0.0000  -0.0125   0.2765    0.261
    48  20.2208 -10.6786  -0.1944   2.8657   2.6239   3.3454   0.0286   1.4575   1.1859  -0.0026   0.0000  -0.0138   0.2783    0.262
    49  20.6858 -11.5760  -0.1080   2.6879   2.3787   3.1407   0.0299   1.4587   1.1869  -0.0021   0.0000  -0.0165   0.2809    0.264
    50  21.1299 -12.4328  -0.0255   2.5181   2.1010   2.9391   0.0329   1.4597   1.1877  -0.0140   0.0000  -0.0294   0.2920    0.275
    51  21.5482 -13.2400   0.0523   2.3582   1.8520   2.7405   0.0382   1.4527   1.1820  -0.0106   0.0000  -0.0296   0.2911    0.275
    52  21.9390 -13.9941   0.1249   2.2087   1.6074   2.5401   0.0458   1.4374   1.1696  -0.0101   0.0000  -0.0278   0.2867    0.274
    53  22.2979 -14.6868   0.1916   2.0715   1.3716   2.3316   0.0562   1.4068   1.1447  -0.0098   0.0000  -0.0244   0.2781    0.271
    54  22.6211 -15.3105   0.2516   1.9479   1.1479   2.1058   0.0694   1.3511   1.0994  -0.0089   0.0000  -0.0191   0.2633    0.267
    55  22.9051 -15.8583   0.3044   1.8393   0.9381   1.8513   0.0841   1.2575   1.0232  -0.0061   0.0000  -0.0133   0.2412    0.263
    56  23.1466 -16.3244   0.3493   1.7470   0.7427   1.5586   0.0989   1.1125   0.9052   0.0042   0.0000  -0.0137   0.2155    0.265
    57  23.5299 -16.6722   0.3828   1.4928   0.4131   1.2393   0.1136   2.7835   0.8507  -0.0410   0.0000  -0.0060   0.1092    0.257
    58  23.9809 -16.9098   0.4056   1.1466   0.2292   0.9149   0.1319   2.7123   0.8289  -0.1025   0.0000   0.0287   0.0895    0.215
    59  24.2843 -17.0696   0.4210   0.9138   0.1104   0.5631   0.1455   2.1356   0.6527  -0.1482   0.0000   0.0587   0.0526    0.160
    60  24.4368 -17.1499   0.4287   0.7967   0.0322   0.1903   0.1529   0.8609   0.2631  -0.1134   0.0000   0.0364   0.0142    0.112

  Surface # 3     horizontal_stabilizer                   
     # Chordwise = 10   # Spanwise = 30     First strip = 61
     Surface area Ssurf =   20.744605     Ave. chord Cave =    2.848571

 Forces referred to Sref, Cref, Bref about Xref, Yref, Zref
 Standard axis orientation,  X fwd, Z down         
     CLsurf  =   0.06564     Clsurf  =  -0.00667
     CYsurf  =  -0.01049     Cmsurf  =  -0.25090
     CDsurf  =   0.00693     Cnsurf  =   0.00446
     CDisurf =   0.00693     CDvsurf =   0.00000

 Forces referred to Ssurf, Cave 
     CLsurf  =   0.40010     CDsurf  =   0.04174

 Strip Forces referred to Strip Area, Chord
    j     Xle      Yle      Zle      Chord    Area     c_cl     ai     cl_norm    cl       cd       cdv    cm_c/4     cm_LE   C.P.x/c
    61  33.0230   0.0046   1.4667   4.2713   0.0803   1.7323   0.1731   0.4756   0.3615   0.2843   0.0000  -0.0190  -0.1046    0.302
    62  33.0469   0.0418   1.4723   4.2566   0.2392   1.3945   0.1737   0.4227   0.3213   0.0641   0.0000  -0.0185  -0.0878    0.308
    63  33.0943   0.1156   1.4835   4.2274   0.3930   1.3688   0.1740   0.4210   0.3200   0.0495   0.0000  -0.0175  -0.0862    0.305
    64  33.1649   0.2254   1.5002   4.1839   0.5386   1.3624   0.1735   0.4241   0.3224   0.0464   0.0000  -0.0158  -0.0852    0.299
    65  33.2578   0.3698   1.5221   4.1268   0.6730   1.3593   0.1719   0.4295   0.3265   0.0451   0.0000  -0.0137  -0.0843    0.292
    66  33.3719   0.5474   1.5490   4.0565   0.7936   1.3565   0.1691   0.4364   0.3317   0.0441   0.0000  -0.0115  -0.0836    0.285
    67  33.5097   0.7617   1.5816   3.9717   0.9441   1.3527   0.1646   0.4449   0.3381   0.0433   0.0000  -0.0093  -0.0831    0.277
    68  33.6704   1.0116   1.6195   3.8728   1.0344   1.3473   0.1582   0.4547   0.3457   0.0427   0.0000  -0.0072  -0.0830    0.271
    69  33.8488   1.2891   1.6616   3.7630   1.1046   1.3401   0.1501   0.4658   0.3541   0.0424   0.0000  -0.0055  -0.0834    0.265
    70  34.0430   1.5912   1.7075   3.6435   1.1542   1.3310   0.1409   0.4782   0.3635   0.0422   0.0000  -0.0040  -0.0842    0.261
    71  34.2510   1.9146   1.7565   3.5155   1.1831   1.3201   0.1316   0.4918   0.3738   0.0421   0.0000  -0.0028  -0.0854    0.257
    72  34.4703   2.2558   1.8083   3.3805   1.1921   1.3072   0.1235   0.5067   0.3851   0.0422   0.0000  -0.0017  -0.0870    0.254
    73  34.6987   2.6109   1.8622   3.2400   1.1821   1.2923   0.1172   0.5229   0.3975   0.0423   0.0000  -0.0008  -0.0890    0.252
    74  34.9335   2.9762   1.9177   3.0955   1.1548   1.2751   0.1126   0.5404   0.4107   0.0424   0.0000   0.0001  -0.0911    0.250
    75  35.1723   3.3476   1.9740   2.9485   1.1122   1.2552   0.1095   0.5588   0.4247   0.0425   0.0000   0.0010  -0.0935    0.248
    76  35.4124   3.7210   2.0307   2.8008   1.0564   1.2321   0.1076   0.5777   0.4391   0.0425   0.0000   0.0019  -0.0958    0.246
    77  35.6512   4.0924   2.0871   2.6538   0.9900   1.2051   0.1065   0.5967   0.4536   0.0424   0.0000   0.0030  -0.0981    0.243
    78  35.8861   4.4577   2.1425   2.5093   0.9155   1.1733   0.1063   0.6148   0.4673   0.0420   0.0000   0.0042  -0.1000    0.241
    79  36.1144   4.8128   2.1964   2.3687   0.8353   1.1359   0.1070   0.6309   0.4796   0.0413   0.0000   0.0057  -0.1014    0.238
    80  36.3338   5.1540   2.2482   2.2338   0.7518   1.0920   0.1085   0.6436   0.4892   0.0403   0.0000   0.0076  -0.1019    0.234
    81  36.5417   5.4774   2.2973   2.1058   0.6671   1.0407   0.1109   0.6511   0.4949   0.0389   0.0000   0.0100  -0.1011    0.230
    82  36.7359   5.7795   2.3431   1.9862   0.5830   0.9812   0.1141   0.6513   0.4950   0.0370   0.0000   0.0130  -0.0985    0.224
    83  36.9144   6.0570   2.3852   1.8764   0.5012   0.9125   0.1180   0.6416   0.4877   0.0344   0.0000   0.0167  -0.0938    0.216
    84  37.0750   6.3069   2.4232   1.7776   0.4225   0.8340   0.1223   0.6195   0.4709   0.0311   0.0000   0.0209  -0.0865    0.206
    85  37.2162   6.5264   2.4565   1.6907   0.3478   0.7453   0.1266   0.5825   0.4428   0.0270   0.0000   0.0252  -0.0766    0.193
    86  37.3480   6.7314   2.4876   1.6096   0.3326   0.6411   0.1309   0.5269   0.4004   0.0223   0.0000   0.0291  -0.0640    0.177
    87  37.4657   6.9144   2.5154   1.5372   0.2507   0.5159   0.1350   0.4446   0.3379   0.0162   0.0000   0.0311  -0.0485    0.158
    88  37.5551   7.0535   2.5365   1.4822   0.1746   0.3780   0.1382   0.3385   0.2573   0.0095   0.0000   0.0288  -0.0325    0.138
    89  37.6153   7.1471   2.5508   1.4451   0.1029   0.2308   0.1405   0.2125   0.1615   0.0034   0.0000   0.0209  -0.0180    0.121
    90  37.6455   7.1941   2.5579   1.4265   0.0340   0.0776   0.1417   0.0733   0.0557  -0.0028   0.0000   0.0077  -0.0057    0.112

  Surface # 4     horizontal_stabilizer (YDUP)            
     # Chordwise = 10   # Spanwise = 30     First strip = 91
     Surface area Ssurf =   20.744605     Ave. chord Cave =    2.848571

 Forces referred to Sref, Cref, Bref about Xref, Yref, Zref
 Standard axis orientation,  X fwd, Z down         
     CLsurf  =   0.06564     Clsurf  =   0.00667
     CYsurf  =   0.01049     Cmsurf  =  -0.25090
     CDsurf  =   0.00693     Cnsurf  =  -0.00446
     CDisurf =   0.00693     CDvsurf =   0.00000

 Forces referred to Ssurf, Cave 
     CLsurf  =   0.40010     CDsurf  =   0.04174

 Strip Forces referred to Strip Area, Chord
    j     Xle      Yle      Zle      Chord    Area     c_cl     ai     cl_norm    cl       cd       cdv    cm_c/4     cm_LE   C.P.x/c
    91  33.0230  -0.0046   1.4667   4.2713   0.0803   1.7323   0.1731   0.4756   0.3615   0.2843   0.0000  -0.0190   0.1046    0.302
    92  33.0469  -0.0418   1.4723   4.2566   0.2392   1.3945   0.1737   0.4227   0.3213   0.0641   0.0000  -0.0185   0.0878    0.308
    93  33.0943  -0.1156   1.4835   4.2274   0.3930   1.3688   0.1740   0.4210   0.3200   0.0495   0.0000  -0.0175   0.0862    0.305
    94  33.1649  -0.2254   1.5002   4.1839   0.5386   1.3624   0.1735   0.4241   0.3224   0.0464   0.0000  -0.0158   0.0852    0.299
    95  33.2578  -0.3698   1.5221   4.1268   0.6730   1.3593   0.1719   0.4295   0.3265   0.0451   0.0000  -0.0137   0.0843    0.292
    96  33.3719  -0.5474   1.5490   4.0565   0.7936   1.3565   0.1691   0.4364   0.3317   0.0441   0.0000  -0.0115   0.0836    0.285
    97  33.5097  -0.7617   1.5816   3.9717   0.9441   1.3527   0.1646   0.4449   0.3381   0.0433   0.0000  -0.0093   0.0831    0.277
    98  33.6704  -1.0116   1.6195   3.8728   1.0344   1.3473   0.1582   0.4547   0.3457   0.0427   0.0000  -0.0072   0.0830    0.271
    99  33.8488  -1.2891   1.6616   3.7630   1.1046   1.3401   0.1501   0.4658   0.3541   0.0424   0.0000  -0.0055   0.0834    0.265
   100  34.0430  -1.5912   1.7075   3.6435   1.1542   1.3310   0.1409   0.4782   0.3635   0.0422   0.0000  -0.0040   0.0842    0.261
   101  34.2510  -1.9146   1.7565   3.5155   1.1831   1.3201   0.1316   0.4918   0.3738   0.0421   0.0000  -0.0028   0.0854    0.257
   102  34.4703  -2.2558   1.8083   3.3805   1.1921   1.3072   0.1235   0.5067   0.3851   0.0422   0.0000  -0.0017   0.0870    0.254
   103  34.6987  -2.6109   1.8622   3.2400   1.1821   1.2923   0.1172   0.5229   0.3975   0.0423   0.0000  -0.0008   0.0890    0.252
   104  34.9335  -2.9762   1.9177   3.0955   1.1548   1.2751   0.1126   0.5404   0.4107   0.0424   0.0000   0.0001   0.0911    0.250
   105  35.1723  -3.3476   1.9740   2.9485   1.1122   1.2552   0.1095   0.5588   0.4247   0.0425   0.0000   0.0010   0.0935    0.248
   106  35.4124  -3.7210   2.0307   2.8008   1.0564   1.2321   0.1076   0.5777   0.4391   0.0425   0.0000   0.0019   0.0958    0.246
   107  35.6512  -4.0924   2.0871   2.6538   0.9900   1.2051   0.1065   0.5967   0.4536   0.0424   0.0000   0.0030   0.0981    0.243
   108  35.8861  -4.4577   2.1425   2.5093   0.9155   1.1733   0.1063   0.6148   0.4673   0.0420   0.0000   0.0042   0.1000    0.241
   109  36.1144  -4.8128   2.1964   2.3687   0.8353   1.1359   0.1070   0.6309   0.4796   0.0413   0.0000   0.0057   0.1014    0.238
   110  36.3338  -5.1540   2.2482   2.2338   0.7518   1.0920   0.1085   0.6436   0.4892   0.0403   0.0000   0.0076   0.1019    0.234
   111  36.5417  -5.4774   2.2973   2.1058   0.6671   1.0407   0.1109   0.6511   0.4949   0.0389   0.0000   0.0100   0.1011    0.230
   112  36.7359  -5.7795   2.3431   1.9862   0.5830   0.9812   0.1141   0.6513   0.4950   0.0370   0.0000   0.0130   0.0985    0.224
   113  36.9144  -6.0570   2.3852   1.8764   0.5012   0.9125   0.1180   0.6416   0.4877   0.0344   0.0000   0.0167   0.0938    0.216
   114  37.0750  -6.3069   2.4232   1.7776   0.4225   0.8340   0.1223   0.6195   0.4709   0.0311   0.0000   0.0209   0.0865    0.206
   115  37.2162  -6.5264   2.4565   1.6907   0.3478   0.7453   0.1266   0.5825   0.4428   0.0270   0.0000   0.0252   0.0766    0.193
   116  37.3480  -6.7314   2.4876   1.6096   0.3326   0.6411   0.1309   0.5269   0.4004   0.0223   0.0000   0.0291   0.0640    0.177
   117  37.4657  -6.9144   2.5154   1.5372   0.2507   0.5159   0.1350   0.4446   0.3379   0.0162   0.0000   0.0311   0.0485    0.158
   118  37.5551  -7.0535   2.5365   1.4822   0.1746   0.3780   0.1382   0.3385   0.2573   0.0095   0.0000   0.0288   0.0325    0.138
   119  37.6153  -7.1471   2.5508   1.4451   0.1029   0.2308   0.1405   0.2125   0.1615   0.0034   0.0000   0.0209   0.0180    0.121
   120  37.6455  -7.1941   2.5579   1.4265   0.0340   0.0776   0.1417   0.0733   0.0557  -0.0028   0.0000   0.0077   0.0057    0.112

  Surface # 5     vertical_stabilizer                     
     # Chordwise = 10   # Spanwise = 30     First strip =121
     Surface area Ssurf =   34.910363     Ave. chord Cave =    4.190920

 Forces referred to Sref, Cref, Bref about Xref, Yref, Zref
 Standard axis orientation,  X fwd, Z down         
     CLsurf  =  -0.00000     Clsurf  =  -0.00000
     CYsurf  =  -0.00000     Cmsurf  =   0.00000
     CDsurf  =   0.00000     Cnsurf  =   0.00000
     CDisurf =   0.00000     CDvsurf =   0.00000

 Forces referred to Ssurf, Cave 
     CLsurf  =   0.00000     CDsurf  =   0.00000

 Strip Forces referred to Strip Area, Chord
    j     Xle      Yle      Zle      Chord    Area     c_cl     ai     cl_norm    cl       cd       cdv    cm_c/4     cm_LE   C.P.x/c
   121  27.0137   0.0000   1.5690  10.0347   0.6931  -0.0000  -0.0000  -0.0000  -0.0000   0.0000   0.0000   0.0000   0.0000    1.769
   122  27.2327   0.0000   1.6601   9.8296   1.1101   0.0000  -0.0000   0.0000   0.0000   0.0000   0.0000   0.0000   0.0000   -0.849
   123  27.5561   0.0000   1.7947   9.5266   1.4857  -0.0000  -0.0000  -0.0000  -0.0000   0.0000   0.0000   0.0000   0.0000    1.752
   124  27.9815   0.0000   1.9717   9.1281   1.8040  -0.0000  -0.0000  -0.0000  -0.0000   0.0000   0.0000   0.0000   0.0000    1.047
   125  28.5051   0.0000   2.1895   8.6377   2.0517  -0.0000   0.0000  -0.0000  -0.0000   0.0000   0.0000   0.0000   0.0000    1.726
   126  29.1220   0.0000   2.4462   8.0598   2.2181  -0.0000  -0.0000  -0.0000  -0.0000   0.0000   0.0000   0.0000   0.0000    0.919
   127  29.8264   0.0000   2.7392   7.4000   2.2957  -0.0000   0.0000  -0.0000  -0.0000   0.0000   0.0000  -0.0000  -0.0000  999.000
   128  30.6115   0.0000   3.0659   6.6646   2.2808  -0.0000  -0.0000  -0.0000  -0.0000   0.0000   0.0000  -0.0000   0.0000   -0.037
   129  31.4694   0.0000   3.4228   5.8609   2.1733  -0.0000  -0.0000  -0.0000  -0.0000   0.0000   0.0000   0.0000   0.0000    0.469
   130  32.3918   0.0000   3.8066   4.9969   1.9773  -0.0000  -0.0000  -0.0000  -0.0000   0.0000   0.0000  -0.0000  -0.0000  999.000
   131  33.0131   0.0000   4.1929   4.4389   1.6667   0.0000   0.0000   0.0000   0.0000   0.0000   0.0000  -0.0000  -0.0000    0.474
   132  33.3001   0.0000   4.5764   4.2198   1.6478   0.0000   0.0000   0.0000   0.0000   0.0000   0.0000  -0.0000  -0.0000    0.668
   133  33.5969   0.0000   4.9729   3.9932   1.6033   0.0000   0.0000   0.0000   0.0000  -0.0000   0.0000  -0.0000  -0.0000    0.340
   134  33.9004   0.0000   5.3784   3.7615   1.5362   0.0000   0.0000   0.0000   0.0000   0.0000   0.0000   0.0000  -0.0000    0.150
   135  34.2075   0.0000   5.7886   3.5271   1.4499   0.0000  -0.0000   0.0000   0.0000   0.0000   0.0000  -0.0000  -0.0000    0.368
   136  34.5150   0.0000   6.1995   3.2923   1.3482   0.0000   0.0000   0.0000   0.0000  -0.0000   0.0000  -0.0000  -0.0000    0.317
   137  34.8197   0.0000   6.6066   3.0597   1.2352   0.0000  -0.0000   0.0000   0.0000  -0.0000   0.0000   0.0000  -0.0000    0.099
   138  35.1185   0.0000   7.0058   2.8315   1.1147   0.0000   0.0000   0.0000   0.0000   0.0000   0.0000   0.0000  -0.0000    0.093
   139  35.4083   0.0000   7.3929   2.6103   0.9908   0.0000   0.0000   0.0000   0.0000  -0.0000   0.0000  -0.0000  -0.0000    0.269
   140  35.6860   0.0000   7.7640   2.3983   0.8670   0.0000  -0.0000   0.0000   0.0000  -0.0000   0.0000   0.0000  -0.0000    0.048
   141  35.9487   0.0000   8.1150   2.1977   0.7464   0.0000  -0.0000   0.0000   0.0000   0.0000   0.0000   0.0000   0.0000   -0.275
   142  36.1937   0.0000   8.4424   2.0106   0.6318   0.0000   0.0000   0.0000   0.0000  -0.0000   0.0000   0.0000  -0.0000    0.027
   143  36.4185   0.0000   8.7426   1.8390   0.5251   0.0000   0.0000   0.0000   0.0000  -0.0000   0.0000   0.0000  -0.0000    0.132
   144  36.6206   0.0000   9.0127   1.6847   0.4276   0.0000   0.0000   0.0000   0.0000   0.0000   0.0000  -0.0000  -0.0000    0.292
   145  36.7980   0.0000   9.2496   1.5493   0.3400   0.0000  -0.0000   0.0000   0.0000  -0.0000   0.0000   0.0000   0.0000   -0.363
   146  36.9487   0.0000   9.4510   1.4342   0.2622   0.0000  -0.0000   0.0000   0.0000  -0.0000   0.0000   0.0000   0.0000   -0.533
   147  37.0713   0.0000   9.6148   1.3407   0.1933   0.0000   0.0000   0.0000   0.0000   0.0000   0.0000   0.0000  -0.0000    0.010
   148  37.1643   0.0000   9.7391   1.2696   0.1322   0.0000   0.0000   0.0000   0.0000  -0.0000   0.0000   0.0000   0.0000   -0.198
   149  37.2269   0.0000   9.8227   1.2218   0.0769   0.0000   0.0000   0.0000   0.0000  -0.0000   0.0000   0.0000   0.0000   -0.209
   150  37.2584   0.0000   9.8647   1.1978   0.0252   0.0000   0.0000   0.0000   0.0000  -0.0000   0.0000   0.0000   0.0000   -0.195

  Surface # 6     fuselage_horizontal                     
     # Chordwise = 10   # Spanwise = 10     First strip =151
     Surface area Ssurf =  123.841199     Ave. chord Cave =   33.112620

 Forces referred to Sref, Cref, Bref about Xref, Yref, Zref
 Standard axis orientation,  X fwd, Z down         
     CLsurf  =   0.01716     Clsurf  =   0.00000
     CYsurf  =   0.00000     Cmsurf  =   0.10286
     CDsurf  =  -0.00015     Cnsurf  =  -0.00000
     CDisurf =  -0.00015     CDvsurf =   0.00000

 Forces referred to Ssurf, Cave 
     CLsurf  =   0.01730     CDsurf  =  -0.00015

 Strip Forces referred to Strip Area, Chord
    j     Xle      Yle      Zle      Chord    Area     c_cl     ai     cl_norm    cl       cd       cdv    cm_c/4     cm_LE   C.P.x/c
   151   5.0231  -1.6830   0.0000  26.5957   9.9468   0.3975   0.2618   0.1509   0.0162  -0.0056   0.0000   0.0062   0.0003   -0.132
   152   2.9203  -1.3090   0.0000  31.2096  11.6724   0.5541   0.2790   0.0657   0.0183  -0.0016   0.0000   0.0079   0.0009   -0.183
   153   1.6676  -0.9350   0.0000  34.0626  12.7394   0.5992   0.2506   0.0419   0.0179  -0.0000   0.0000   0.0098   0.0018   -0.299
   154   0.7666  -0.5610   0.0000  36.1620  13.5246   0.6249   0.2402   0.0285   0.0173   0.0012   0.0000   0.0107   0.0028   -0.367
   155   0.1963  -0.1870   0.0000  37.5333  14.0374   0.6408   0.2391   0.0193   0.0167   0.0035   0.0000   0.0109   0.0046   -0.402
   156   0.1963   0.1870   0.0000  37.5333  14.0374   0.6408   0.2391   0.0193   0.0167   0.0035   0.0000   0.0109   0.0046   -0.402
   157   0.7666   0.5610   0.0000  36.1620  13.5246   0.6249   0.2402   0.0285   0.0173   0.0012   0.0000   0.0107   0.0028   -0.367
   158   1.6676   0.9350   0.0000  34.0626  12.7394   0.5992   0.2506   0.0419   0.0179  -0.0000   0.0000   0.0098   0.0018   -0.299
   159   2.9202   1.3090   0.0000  31.2096  11.6724   0.5541   0.2790   0.0657   0.0183  -0.0016   0.0000   0.0079   0.0009   -0.183
   160   5.0231   1.6830   0.0000  26.5957   9.9468   0.3975   0.2618   0.1509   0.0162  -0.0056   0.0000   0.0062   0.0003   -0.132

  Surface # 7     fuselage_vertical                       
     # Chordwise = 10   # Spanwise = 10     First strip =161
     Surface area Ssurf =  123.841199     Ave. chord Cave =   33.112620

 Forces referred to Sref, Cref, Bref about Xref, Yref, Zref
 Standard axis orientation,  X fwd, Z down         
     CLsurf  =   0.00000     Clsurf  =  -0.00000
     CYsurf  =  -0.00000     Cmsurf  =  -0.00000
     CDsurf  =  -0.00000     Cnsurf  =   0.00000
     CDisurf =  -0.00000     CDvsurf =   0.00000

 Forces referred to Ssurf, Cave 
     CLsurf  =   0.00000     CDsurf  =  -0.00000

 Strip Forces referred to Strip Area, Chord
    j     Xle      Yle      Zle      Chord    Area     c_cl     ai     cl_norm    cl       cd       cdv    cm_c/4     cm_LE   C.P.x/c
   161   5.0231   0.0000  -1.6830  26.5957   9.9468  -0.0000   0.0000  -0.0000  -0.0000  -0.0000   0.0000   0.0000   0.0000    1.456
   162   2.9203   0.0000  -1.3090  31.2096  11.6724   0.0000   0.0000   0.0000   0.0000   0.0000   0.0000   0.0000   0.0000   -0.457
   163   1.6676   0.0000  -0.9350  34.0626  12.7394   0.0000   0.0000   0.0000   0.0000   0.0000   0.0000  -0.0000  -0.0000    0.601
   164   0.7666   0.0000  -0.5610  36.1620  13.5246   0.0000   0.0000   0.0000   0.0000  -0.0000   0.0000  -0.0000  -0.0000    0.928
   165   0.1963   0.0000  -0.1870  37.5333  14.0374   0.0000  -0.0000   0.0000   0.0000   0.0000   0.0000  -0.0000  -0.0000    0.842
   166   0.1963   0.0000   0.1870  37.5333  14.0374   0.0000   0.0000   0.0000   0.0000  -0.0000   0.0000  -0.0000  -0.0000    0.888
   167   0.7666   0.0000   0.5610  36.1620  13.5246   0.0000  -0.0000   0.0000   0.0000  -0.0000   0.0000  -0.0000  -0.0000    0.766
   168   1.6676   0.0000   0.9350  34.0626  12.7394   0.0000  -0.0000   0.0000   0.0000   0.0000   0.0000  -0.0000  -0.0000    1.119
   169   2.9202   0.0000   1.3090  31.2096  11.6724   0.0000   0.0000   0.0000   0.0000   0.0000   0.0000  -0.0000  -0.0000    0.870
   170   5.0231   0.0000   1.6830  26.5957   9.9468   0.0000  -0.0000   0.0000   0.0000   0.0000   0.0000  -0.0000  -0.0000    0.994
 ---------------------------------------------------------------
