 ---------------------------------------------------------------
 Surface and Strip Forces by surface

  Sref =  124.86       Cref =  4.4875       Bref =  34.320    
  Xref =  18.914       Yref =  0.0000       Zref =-0.17619    

  Surface # 1     main_wing                               
     # Chordwise = 10   # Spanwise = 30     First strip =  1
     Surface area Ssurf =   63.968838     Ave. chord Cave =    3.715026

 Forces referred to Sref, Cref, Bref about Xref, Yref, Zref
 Standard axis orientation,  X fwd, Z down         
     CLsurf  =   0.01172     Clsurf  =   0.00210
     CYsurf  =  -0.00007     Cmsurf  =   0.01035
     CDsurf  =   0.00038     Cnsurf  =  -0.00016
     CDisurf =   0.00038     CDvsurf =   0.00000

 Forces referred to Ssurf, Cave 
     CLsurf  =   0.02284     CDsurf  =   0.00074

 Strip Forces referred to Strip Area, Chord
    j     Xle      Yle      Zle      Chord    Area     c_cl     ai     cl_norm    cl       cd       cdv    cm_c/4     cm_LE   C.P.x/c
     1  13.6181   0.0114  -0.9295   7.7520   0.3539   0.7469   0.0124   0.1248   0.0970   0.0167   0.0000  -0.0071  -0.0254    0.323
     2  13.6830   0.1025  -0.9255   7.6885   1.0492   0.7359   0.0117   0.1234   0.0959   0.0044   0.0000  -0.0071  -0.0252    0.324
     3  13.8120   0.2837  -0.9176   7.5620   1.7073   0.7314   0.0100   0.1247   0.0969   0.0035   0.0000  -0.0068  -0.0252    0.320
     4  14.0037   0.5530  -0.9059   7.3741   2.3052   0.7208   0.0075   0.1260   0.0979   0.0030   0.0000  -0.0065  -0.0251    0.316
     5  14.2560   0.9075  -0.8904   7.1267   2.8223   0.6997   0.0051   0.1265   0.0983   0.0025   0.0000  -0.0062  -0.0250    0.313
     6  14.5662   1.3432  -0.8714   6.8226   3.2414   0.6643   0.0059   0.1254   0.0975   0.0020   0.0000  -0.0061  -0.0248    0.313
     7  14.9309   1.8554  -0.8490   6.4651   3.5491   0.6115   0.0157   0.1218   0.0947   0.0014   0.0000  -0.0063  -0.0244    0.317
     8  15.3460   2.4386  -0.8236   6.0582   3.7368   0.5395   0.0233   0.1147   0.0891   0.0008   0.0000  -0.0069  -0.0237    0.327
     9  15.8070   3.0862  -0.7953   5.6062   3.8005   0.4488   0.0161   0.1031   0.0801   0.0002   0.0000  -0.0078  -0.0226    0.348
    10  16.2877   3.7613  -0.7658   5.1351   3.4440   0.3487   0.0065   0.0874   0.0679  -0.0002   0.0000  -0.0088  -0.0210    0.379
    11  16.7803   4.4532  -0.7356   4.6522   3.3149   0.2454  -0.0017   0.0679   0.0528  -0.0004   0.0000  -0.0097  -0.0186    0.434
    12  17.2999   5.1831  -0.7037   4.1429   3.0930   0.1389  -0.0117   0.0432   0.0335  -0.0004   0.0000  -0.0111  -0.0159    0.581
    13  17.8026   6.0123  -0.6437   3.7903   3.4706   0.0470  -0.0164   0.0150   0.0124  -0.0002   0.0000  -0.0124  -0.0138    1.255
    14  18.2809   6.9353  -0.5549   3.6075   3.3775  -0.0142  -0.0121  -0.0048  -0.0039   0.0000   0.0000  -0.0132  -0.0109  999.000
    15  18.7672   7.8737  -0.4645   3.4215   3.2389  -0.0591  -0.0086  -0.0210  -0.0173   0.0001   0.0000  -0.0140  -0.0087   -0.562
    16  19.2562   8.8172  -0.3736   3.2345   3.0619  -0.0928  -0.0065  -0.0348  -0.0287   0.0002   0.0000  -0.0150  -0.0070   -0.272
    17  19.7425   9.7556  -0.2833   3.0486   2.8543  -0.1185  -0.0057  -0.0472  -0.0389   0.0003   0.0000  -0.0161  -0.0058   -0.164
    18  20.2208  10.6786  -0.1944   2.8657   2.6239  -0.1382  -0.0060  -0.0586  -0.0483   0.0003   0.0000  -0.0177  -0.0051   -0.117
    19  20.6858  11.5760  -0.1080   2.6879   2.3787  -0.1526  -0.0070  -0.0690  -0.0568   0.0002   0.0000  -0.0208  -0.0059   -0.116
    20  21.1299  12.4328  -0.0255   2.5181   2.1010  -0.1599  -0.0078  -0.0771  -0.0635   0.0010   0.0000  -0.0341  -0.0163   -0.287
    21  21.5482  13.2400   0.0523   2.3582   1.8520  -0.1593  -0.0080  -0.0820  -0.0676   0.0003   0.0000  -0.0358  -0.0169   -0.279
    22  21.9390  13.9941   0.1249   2.2087   1.6074  -0.1528  -0.0079  -0.0840  -0.0692   0.0002   0.0000  -0.0364  -0.0171   -0.276
    23  22.2979  14.6868   0.1916   2.0715   1.3716  -0.1414  -0.0079  -0.0829  -0.0683   0.0001   0.0000  -0.0369  -0.0178   -0.290
    24  22.6211  15.3105   0.2516   1.9479   1.1479  -0.1256  -0.0075  -0.0783  -0.0645  -0.0000   0.0000  -0.0372  -0.0189   -0.327
    25  22.9051  15.8583   0.3044   1.8393   0.9381  -0.1061  -0.0066  -0.0701  -0.0577  -0.0002   0.0000  -0.0365  -0.0198   -0.383
    26  23.1466  16.3244   0.3493   1.7470   0.7427  -0.0847  -0.0054  -0.0589  -0.0485  -0.0003   0.0000  -0.0323  -0.0181   -0.416
    27  23.5299  16.6722   0.3828   1.4928   0.4131  -0.0644  -0.0049  -0.1425  -0.0432  -0.0015   0.0000  -0.0167  -0.0029   -0.137
    28  23.9809  16.9098   0.4056   1.1466   0.2292  -0.0455  -0.0044  -0.1310  -0.0398  -0.0010   0.0000  -0.0164  -0.0032   -0.163
    29  24.2843  17.0696   0.4210   0.9138   0.1104  -0.0269  -0.0034  -0.0972  -0.0295  -0.0013   0.0000  -0.0150  -0.0037   -0.257
    30  24.4368  17.1499   0.4287   0.7967   0.0322  -0.0088  -0.0023  -0.0368  -0.0112  -0.0020   0.0000  -0.0072  -0.0021   -0.392

  Surface # 2     main_wing (YDUP)                        
     # Chordwise = 10   # Spanwise = 30     First strip = 31
     Surface area Ssurf =   63.968838     Ave. chord Cave =    3.715026

 Forces referred to Sref, Cref, Bref about Xref, Yref, Zref
 Standard axis orientation,  X fwd, Z down         
     CLsurf  =   0.01172     Clsurf  =  -0.00210
     CYsurf  =   0.00007     Cmsurf  =   0.01035
     CDsurf  =   0.00038     Cnsurf  =   0.00016
     CDisurf =   0.00038     CDvsurf =   0.00000

 Forces referred to Ssurf, Cave 
     CLsurf  =   0.02284     CDsurf  =   0.00074

 Strip Forces referred to Strip Area, Chord
    j     Xle      Yle      Zle      Chord    Area     c_cl     ai     cl_norm    cl       cd       cdv    cm_c/4     cm_LE   C.P.x/c
    31  13.6181  -0.0114  -0.9295   7.7520   0.3539   0.7469   0.0124   0.1248   0.0970   0.0167   0.0000  -0.0071   0.0254    0.323
    32  13.6830  -0.1025  -0.9255   7.6885   1.0492   0.7359   0.0117   0.1234   0.0959   0.0044   0.0000  -0.0071   0.0252    0.324
    33  13.8120  -0.2837  -0.9176   7.5620   1.7073   0.7314   0.0100   0.1247   0.0969   0.0035   0.0000  -0.0068   0.0252    0.320
    34  14.0037  -0.5530  -0.9059   7.3741   2.3052   0.7208   0.0075   0.1260   0.0979   0.0030   0.0000  -0.0065   0.0251    0.316
    35  14.2560  -0.9075  -0.8904   7.1267   2.8223   0.6997   0.0051   0.1265   0.0983   0.0025   0.0000  -0.0062   0.0250    0.313
    36  14.5662  -1.3432  -0.8714   6.8226   3.2414   0.6643   0.0059   0.1254   0.0975   0.0020   0.0000  -0.0061   0.0248    0.313
    37  14.9309  -1.8554  -0.8490   6.4651   3.5491   0.6115   0.0157   0.1218   0.0947   0.0014   0.0000  -0.0063   0.0244    0.317
    38  15.3460  -2.4386  -0.8236   6.0582   3.7368   0.5395   0.0233   0.1147   0.0891   0.0008   0.0000  -0.0069   0.0237    0.327
    39  15.8070  -3.0862  -0.7953   5.6062   3.8005   0.4488   0.0161   0.1031   0.0801   0.0002   0.0000  -0.0078   0.0226    0.348
    40  16.2877  -3.7613  -0.7658   5.1351   3.4440   0.3487   0.0065   0.0874   0.0679  -0.0002   0.0000  -0.0088   0.0210    0.379
    41  16.7803  -4.4532  -0.7356   4.6522   3.3149   0.2454  -0.0017   0.0679   0.0528  -0.0004   0.0000  -0.0097   0.0186    0.434
    42  17.2999  -5.1831  -0.7037   4.1429   3.0930   0.1389  -0.0117   0.0432   0.0335  -0.0004   0.0000  -0.0111   0.0159    0.581
    43  17.8026  -6.0123  -0.6437   3.7903   3.4706   0.0470  -0.0164   0.0150   0.0124  -0.0002   0.0000  -0.0124   0.0138    1.255
    44  18.2809  -6.9353  -0.5549   3.6075   3.3775  -0.0142  -0.0121  -0.0048  -0.0039   0.0000   0.0000  -0.0132   0.0109  999.000
    45  18.7672  -7.8737  -0.4645   3.4215   3.2389  -0.0591  -0.0086  -0.0210  -0.0173   0.0001   0.0000  -0.0140   0.0087   -0.562
    46  19.2562  -8.8172  -0.3736   3.2345   3.0619  -0.0928  -0.0065  -0.0348  -0.0287   0.0002   0.0000  -0.0150   0.0070   -0.272
    47  19.7425  -9.7556  -0.2833   3.0486   2.8543  -0.1185  -0.0057  -0.0472  -0.0389   0.0003   0.0000  -0.0161   0.0058   -0.164
    48  20.2208 -10.6786  -0.1944   2.8657   2.6239  -0.1382  -0.0060  -0.0586  -0.0483   0.0003   0.0000  -0.0177   0.0051   -0.117
    49  20.6858 -11.5760  -0.1080   2.6879   2.3787  -0.1526  -0.0070  -0.0690  -0.0568   0.0002   0.0000  -0.0208   0.0059   -0.116
    50  21.1299 -12.4328  -0.0255   2.5181   2.1010  -0.1599  -0.0078  -0.0771  -0.0635   0.0010   0.0000  -0.0341   0.0163   -0.287
    51  21.5482 -13.2400   0.0523   2.3582   1.8520  -0.1593  -0.0080  -0.0820  -0.0676   0.0003   0.0000  -0.0358   0.0169   -0.279
    52  21.9390 -13.9941   0.1249   2.2087   1.6074  -0.1528  -0.0079  -0.0840  -0.0692   0.0002   0.0000  -0.0364   0.0171   -0.276
    53  22.2979 -14.6868   0.1916   2.0715   1.3716  -0.1414  -0.0079  -0.0829  -0.0683   0.0001   0.0000  -0.0369   0.0178   -0.290
    54  22.6211 -15.3105   0.2516   1.9479   1.1479  -0.1256  -0.0075  -0.0783  -0.0645  -0.0000   0.0000  -0.0372   0.0189   -0.327
    55  22.9051 -15.8583   0.3044   1.8393   0.9381  -0.1061  -0.0066  -0.0701  -0.0577  -0.0002   0.0000  -0.0365   0.0198   -0.383
    56  23.1466 -16.3244   0.3493   1.7470   0.7427  -0.0847  -0.0054  -0.0589  -0.0485  -0.0003   0.0000  -0.0323   0.0181   -0.416
    57  23.5299 -16.6722   0.3828   1.4928   0.4131  -0.0644  -0.0049  -0.1425  -0.0432  -0.0015   0.0000  -0.0167   0.0029   -0.137
    58  23.9809 -16.9098   0.4056   1.1466   0.2292  -0.0455  -0.0044  -0.1310  -0.0398  -0.0010   0.0000  -0.0164   0.0032   -0.163
    59  24.2843 -17.0696   0.4210   0.9138   0.1104  -0.0269  -0.0034  -0.0972  -0.0295  -0.0013   0.0000  -0.0150   0.0037   -0.257
    60  24.4368 -17.1499   0.4287   0.7967   0.0322  -0.0088  -0.0023  -0.0368  -0.0112  -0.0020   0.0000  -0.0072   0.0021   -0.392

  Surface # 3     horizontal_stabilizer                   
     # Chordwise = 10   # Spanwise = 30     First strip = 61
     Surface area Ssurf =   20.744605     Ave. chord Cave =    2.848571

 Forces referred to Sref, Cref, Bref about Xref, Yref, Zref
 Standard axis orientation,  X fwd, Z down         
     CLsurf  =  -0.02811     Clsurf  =   0.00271
     CYsurf  =   0.00453     Cmsurf  =   0.10473
     CDsurf  =   0.00010     Cnsurf  =  -0.00232
     CDisurf =   0.00010     CDvsurf =   0.00000

 Forces referred to Ssurf, Cave 
     CLsurf  =  -0.17139     CDsurf  =   0.00058

 Strip Forces referred to Strip Area, Chord
    j     Xle      Yle      Zle      Chord    Area     c_cl     ai     cl_norm    cl       cd       cdv    cm_c/4     cm_LE   C.P.x/c
    61  33.0230   0.0046   1.4667   4.2713   0.0803  -0.5783  -0.0203  -0.1713  -0.1336   0.0534   0.0000   0.0080   0.0350    0.310
    62  33.0469   0.0418   1.4723   4.2566   0.2392  -0.6532  -0.0207  -0.1966  -0.1533   0.0064   0.0000   0.0076   0.0384    0.299
    63  33.0943   0.1156   1.4835   4.2274   0.3930  -0.6591  -0.0211  -0.1999  -0.1559   0.0034   0.0000   0.0071   0.0385    0.295
    64  33.1649   0.2254   1.5002   4.1839   0.5386  -0.6606  -0.0214  -0.2025  -0.1579   0.0026   0.0000   0.0062   0.0382    0.289
    65  33.2578   0.3698   1.5221   4.1268   0.6730  -0.6609  -0.0214  -0.2054  -0.1602   0.0021   0.0000   0.0052   0.0379    0.282
    66  33.3719   0.5474   1.5490   4.0565   0.7936  -0.6602  -0.0211  -0.2087  -0.1628   0.0017   0.0000   0.0041   0.0375    0.275
    67  33.5097   0.7617   1.5816   3.9717   0.9441  -0.6582  -0.0204  -0.2126  -0.1658   0.0013   0.0000   0.0031   0.0373    0.269
    68  33.6704   1.0116   1.6195   3.8728   1.0344  -0.6543  -0.0190  -0.2167  -0.1690   0.0010   0.0000   0.0022   0.0371    0.263
    69  33.8488   1.2891   1.6616   3.7630   1.1046  -0.6479  -0.0170  -0.2209  -0.1723   0.0007   0.0000   0.0014   0.0372    0.258
    70  34.0430   1.5912   1.7075   3.6435   1.1542  -0.6387  -0.0146  -0.2249  -0.1754   0.0004   0.0000   0.0008   0.0373    0.254
    71  34.2510   1.9146   1.7565   3.5155   1.1831  -0.6264  -0.0121  -0.2286  -0.1783   0.0002   0.0000   0.0003   0.0375    0.252
    72  34.4703   2.2558   1.8083   3.3805   1.1921  -0.6109  -0.0102  -0.2319  -0.1808   0.0000   0.0000  -0.0001   0.0377    0.249
    73  34.6987   2.6109   1.8622   3.2400   1.1821  -0.5922  -0.0091  -0.2345  -0.1829  -0.0001   0.0000  -0.0004   0.0379    0.248
    74  34.9335   2.9762   1.9177   3.0955   1.1548  -0.5704  -0.0087  -0.2364  -0.1844  -0.0002   0.0000  -0.0006   0.0380    0.247
    75  35.1723   3.3476   1.9740   2.9485   1.1122  -0.5460  -0.0089  -0.2376  -0.1853  -0.0003   0.0000  -0.0007   0.0381    0.246
    76  35.4124   3.7210   2.0307   2.8008   1.0564  -0.5194  -0.0094  -0.2380  -0.1856  -0.0003   0.0000  -0.0009   0.0380    0.245
    77  35.6512   4.0924   2.0871   2.6538   0.9900  -0.4912  -0.0100  -0.2375  -0.1852  -0.0003   0.0000  -0.0010   0.0378    0.245
    78  35.8861   4.4577   2.1425   2.5093   0.9155  -0.4619  -0.0108  -0.2362  -0.1842  -0.0003   0.0000  -0.0012   0.0375    0.244
    79  36.1144   4.8128   2.1964   2.3687   0.8353  -0.4318  -0.0117  -0.2339  -0.1824  -0.0003   0.0000  -0.0014   0.0369    0.242
    80  36.3338   5.1540   2.2482   2.2338   0.7518  -0.4014  -0.0127  -0.2305  -0.1798  -0.0003   0.0000  -0.0017   0.0361    0.240
    81  36.5417   5.4774   2.2973   2.1058   0.6671  -0.3706  -0.0139  -0.2258  -0.1761  -0.0003   0.0000  -0.0022   0.0349    0.237
    82  36.7359   5.7795   2.3431   1.9862   0.5830  -0.3395  -0.0153  -0.2193  -0.1711  -0.0003   0.0000  -0.0029   0.0333    0.233
    83  36.9144   6.0570   2.3852   1.8764   0.5012  -0.3079  -0.0169  -0.2106  -0.1642  -0.0003   0.0000  -0.0037   0.0311    0.227
    84  37.0750   6.3069   2.4232   1.7776   0.4225  -0.2755  -0.0186  -0.1989  -0.1551  -0.0003   0.0000  -0.0048   0.0283    0.219
    85  37.2162   6.5264   2.4565   1.6907   0.3478  -0.2418  -0.0203  -0.1835  -0.1431  -0.0004   0.0000  -0.0060   0.0248    0.208
    86  37.3480   6.7314   2.4876   1.6096   0.3326  -0.2048  -0.0220  -0.1633  -0.1274  -0.0004   0.0000  -0.0071   0.0205    0.194
    87  37.4657   6.9144   2.5154   1.5372   0.2507  -0.1628  -0.0236  -0.1359  -0.1060  -0.0005   0.0000  -0.0079   0.0154    0.176
    88  37.5551   7.0535   2.5365   1.4822   0.1746  -0.1182  -0.0249  -0.1024  -0.0798  -0.0005   0.0000  -0.0075   0.0103    0.156
    89  37.6153   7.1471   2.5508   1.4451   0.1029  -0.0718  -0.0258  -0.0637  -0.0497  -0.0005   0.0000  -0.0056   0.0057    0.138
    90  37.6455   7.1941   2.5579   1.4265   0.0340  -0.0241  -0.0262  -0.0217  -0.0169  -0.0005   0.0000  -0.0021   0.0018    0.128

  Surface # 4     horizontal_stabilizer (YDUP)            
     # Chordwise = 10   # Spanwise = 30     First strip = 91
     Surface area Ssurf =   20.744605     Ave. chord Cave =    2.848571

 Forces referred to Sref, Cref, Bref about Xref, Yref, Zref
 Standard axis orientation,  X fwd, Z down         
     CLsurf  =  -0.02811     Clsurf  =  -0.00271
     CYsurf  =  -0.00453     Cmsurf  =   0.10473
     CDsurf  =   0.00010     Cnsurf  =   0.00232
     CDisurf =   0.00010     CDvsurf =   0.00000

 Forces referred to Ssurf, Cave 
     CLsurf  =  -0.17139     CDsurf  =   0.00058

 Strip Forces referred to Strip Area, Chord
    j     Xle      Yle      Zle      Chord    Area     c_cl     ai     cl_norm    cl       cd       cdv    cm_c/4     cm_LE   C.P.x/c
    91  33.0230  -0.0046   1.4667   4.2713   0.0803  -0.5783  -0.0203  -0.1713  -0.1336   0.0534   0.0000   0.0080  -0.0350    0.310
    92  33.0469  -0.0418   1.4723   4.2566   0.2392  -0.6532  -0.0207  -0.1966  -0.1533   0.0064   0.0000   0.0076  -0.0384    0.299
    93  33.0943  -0.1156   1.4835   4.2274   0.3930  -0.6591  -0.0211  -0.1999  -0.1559   0.0034   0.0000   0.0071  -0.0385    0.295
    94  33.1649  -0.2254   1.5002   4.1839   0.5386  -0.6606  -0.0214  -0.2025  -0.1579   0.0026   0.0000   0.0062  -0.0382    0.289
    95  33.2578  -0.3698   1.5221   4.1268   0.6730  -0.6609  -0.0214  -0.2054  -0.1602   0.0021   0.0000   0.0052  -0.0379    0.282
    96  33.3719  -0.5474   1.5490   4.0565   0.7936  -0.6602  -0.0211  -0.2087  -0.1628   0.0017   0.0000   0.0041  -0.0375    0.275
    97  33.5097  -0.7617   1.5816   3.9717   0.9441  -0.6582  -0.0204  -0.2126  -0.1658   0.0013   0.0000   0.0031  -0.0373    0.269
    98  33.6704  -1.0116   1.6195   3.8728   1.0344  -0.6543  -0.0190  -0.2167  -0.1690   0.0010   0.0000   0.0022  -0.0371    0.263
    99  33.8488  -1.2891   1.6616   3.7630   1.1046  -0.6479  -0.0170  -0.2209  -0.1723   0.0007   0.0000   0.0014  -0.0372    0.258
   100  34.0430  -1.5912   1.7075   3.6435   1.1542  -0.6387  -0.0146  -0.2249  -0.1754   0.0004   0.0000   0.0008  -0.0373    0.254
   101  34.2510  -1.9146   1.7565   3.5155   1.1831  -0.6264  -0.0121  -0.2286  -0.1783   0.0002   0.0000   0.0003  -0.0375    0.252
   102  34.4703  -2.2558   1.8083   3.3805   1.1921  -0.6109  -0.0102  -0.2319  -0.1808   0.0000   0.0000  -0.0001  -0.0377    0.249
   103  34.6987  -2.6109   1.8622   3.2400   1.1821  -0.5922  -0.0091  -0.2345  -0.1829  -0.0001   0.0000  -0.0004  -0.0379    0.248
   104  34.9335  -2.9762   1.9177   3.0955   1.1548  -0.5704  -0.0087  -0.2364  -0.1844  -0.0002   0.0000  -0.0006  -0.0380    0.247
   105  35.1723  -3.3476   1.9740   2.9485   1.1122  -0.5460  -0.0089  -0.2376  -0.1853  -0.0003   0.0000  -0.0007  -0.0381    0.246
   106  35.4124  -3.7210   2.0307   2.8008   1.0564  -0.5194  -0.0094  -0.2380  -0.1856  -0.0003   0.0000  -0.0009  -0.0380    0.245
   107  35.6512  -4.0924   2.0871   2.6538   0.9900  -0.4912  -0.0100  -0.2375  -0.1852  -0.0003   0.0000  -0.0010  -0.0378    0.245
   108  35.8861  -4.4577   2.1425   2.5093   0.9155  -0.4619  -0.0108  -0.2362  -0.1842  -0.0003   0.0000  -0.0012  -0.0375    0.244
   109  36.1144  -4.8128   2.1964   2.3687   0.8353  -0.4318  -0.0117  -0.2339  -0.1824  -0.0003   0.0000  -0.0014  -0.0369    0.242
   110  36.3338  -5.1540   2.2482   2.2338   0.7518  -0.4014  -0.0127  -0.2305  -0.1798  -0.0003   0.0000  -0.0017  -0.0361    0.240
   111  36.5417  -5.4774   2.2973   2.1058   0.6671  -0.3706  -0.0139  -0.2258  -0.1761  -0.0003   0.0000  -0.0022  -0.0349    0.237
   112  36.7359  -5.7795   2.3431   1.9862   0.5830  -0.3395  -0.0153  -0.2193  -0.1711  -0.0003   0.0000  -0.0029  -0.0333    0.233
   113  36.9144  -6.0570   2.3852   1.8764   0.5012  -0.3079  -0.0169  -0.2106  -0.1642  -0.0003   0.0000  -0.0037  -0.0311    0.227
   114  37.0750  -6.3069   2.4232   1.7776   0.4225  -0.2755  -0.0186  -0.1989  -0.1551  -0.0003   0.0000  -0.0048  -0.0283    0.219
   115  37.2162  -6.5264   2.4565   1.6907   0.3478  -0.2418  -0.0203  -0.1835  -0.1431  -0.0004   0.0000  -0.0060  -0.0248    0.208
   116  37.3480  -6.7314   2.4876   1.6096   0.3326  -0.2048  -0.0220  -0.1633  -0.1274  -0.0004   0.0000  -0.0071  -0.0205    0.194
   117  37.4657  -6.9144   2.5154   1.5372   0.2507  -0.1628  -0.0236  -0.1359  -0.1060  -0.0005   0.0000  -0.0079  -0.0154    0.176
   118  37.5551  -7.0535   2.5365   1.4822   0.1746  -0.1182  -0.0249  -0.1024  -0.0798  -0.0005   0.0000  -0.0075  -0.0103    0.156
   119  37.6153  -7.1471   2.5508   1.4451   0.1029  -0.0718  -0.0258  -0.0637  -0.0497  -0.0005   0.0000  -0.0056  -0.0057    0.138
   120  37.6455  -7.1941   2.5579   1.4265   0.0340  -0.0241  -0.0262  -0.0217  -0.0169  -0.0005   0.0000  -0.0021  -0.0018    0.128

  Surface # 5     vertical_stabilizer                     
     # Chordwise = 10   # Spanwise = 30     First strip =121
     Surface area Ssurf =   34.910363     Ave. chord Cave =    4.190920

 Forces referred to Sref, Cref, Bref about Xref, Yref, Zref
 Standard axis orientation,  X fwd, Z down         
     CLsurf  =   0.00000     Clsurf  =   0.00000
     CYsurf  =   0.00000     Cmsurf  =  -0.00000
     CDsurf  =  -0.00000     Cnsurf  =  -0.00000
     CDisurf =  -0.00000     CDvsurf =   0.00000

 Forces referred to Ssurf, Cave 
     CLsurf  =  -0.00000     CDsurf  =  -0.00000

 Strip Forces referred to Strip Area, Chord
    j     Xle      Yle      Zle      Chord    Area     c_cl     ai     cl_norm    cl       cd       cdv    cm_c/4     cm_LE   C.P.x/c
   121  27.0137   0.0000   1.5690  10.0347   0.6931  -0.0000  -0.0000  -0.0000  -0.0000   0.0000   0.0000   0.0000   0.0000    0.704
   122  27.2327   0.0000   1.6601   9.8296   1.1101  -0.0000  -0.0000  -0.0000  -0.0000   0.0000   0.0000   0.0000   0.0000    0.549
   123  27.5561   0.0000   1.7947   9.5266   1.4857  -0.0000   0.0000  -0.0000  -0.0000   0.0000   0.0000   0.0000   0.0000    0.745
   124  27.9815   0.0000   1.9717   9.1281   1.8040  -0.0000  -0.0000  -0.0000  -0.0000  -0.0000   0.0000   0.0000   0.0000    0.671
   125  28.5051   0.0000   2.1895   8.6377   2.0517  -0.0000   0.0000  -0.0000  -0.0000   0.0000   0.0000   0.0000   0.0000    0.756
   126  29.1220   0.0000   2.4462   8.0598   2.2181  -0.0000   0.0000  -0.0000  -0.0000   0.0000   0.0000   0.0000   0.0000    0.774
   127  29.8264   0.0000   2.7392   7.4000   2.2957  -0.0000   0.0000  -0.0000  -0.0000  -0.0000   0.0000   0.0000   0.0000    0.897
   128  30.6115   0.0000   3.0659   6.6646   2.2808  -0.0000  -0.0000  -0.0000  -0.0000  -0.0000   0.0000   0.0000   0.0000    0.823
   129  31.4694   0.0000   3.4228   5.8609   2.1733  -0.0000   0.0000  -0.0000  -0.0000   0.0000   0.0000   0.0000   0.0000    0.385
   130  32.3918   0.0000   3.8066   4.9969   1.9773  -0.0000   0.0000  -0.0000  -0.0000  -0.0000   0.0000   0.0000   0.0000    0.494
   131  33.0131   0.0000   4.1929   4.4389   1.6667  -0.0000   0.0000  -0.0000  -0.0000   0.0000   0.0000   0.0000   0.0000    0.395
   132  33.3001   0.0000   4.5764   4.2198   1.6478  -0.0000   0.0000  -0.0000  -0.0000   0.0000   0.0000   0.0000   0.0000    0.392
   133  33.5969   0.0000   4.9729   3.9932   1.6033  -0.0000  -0.0000  -0.0000  -0.0000  -0.0000   0.0000   0.0000   0.0000    0.416
   134  33.9004   0.0000   5.3784   3.7615   1.5362  -0.0000  -0.0000  -0.0000  -0.0000  -0.0000   0.0000   0.0000   0.0000    0.256
   135  34.2075   0.0000   5.7886   3.5271   1.4499  -0.0000   0.0000  -0.0000  -0.0000   0.0000   0.0000  -0.0000   0.0000    0.153
   136  34.5150   0.0000   6.1995   3.2923   1.3482  -0.0000  -0.0000  -0.0000  -0.0000  -0.0000   0.0000   0.0000   0.0000    0.327
   137  34.8197   0.0000   6.6066   3.0597   1.2352  -0.0000   0.0000  -0.0000  -0.0000  -0.0000   0.0000  -0.0000   0.0000    0.092
   138  35.1185   0.0000   7.0058   2.8315   1.1147  -0.0000   0.0000  -0.0000  -0.0000   0.0000   0.0000   0.0000   0.0000    0.287
   139  35.4083   0.0000   7.3929   2.6103   0.9908  -0.0000  -0.0000  -0.0000  -0.0000  -0.0000   0.0000   0.0000   0.0000    0.305
   140  35.6860   0.0000   7.7640   2.3983   0.8670  -0.0000  -0.0000  -0.0000  -0.0000  -0.0000   0.0000  -0.0000   0.0000    0.170
   141  35.9487   0.0000   8.1150   2.1977   0.7464  -0.0000   0.0000  -0.0000  -0.0000  -0.0000   0.0000  -0.0000   0.0000    0.195
   142  36.1937   0.0000   8.4424   2.0106   0.6318  -0.0000   0.0000  -0.0000  -0.0000  -0.0000   0.0000   0.0000   0.0000    0.353
   143  36.4185   0.0000   8.7426   1.8390   0.5251  -0.0000  -0.0000  -0.0000  -0.0000  -0.0000   0.0000   0.0000   0.0000    0.354
   144  36.6206   0.0000   9.0127   1.6847   0.4276  -0.0000   0.0000  -0.0000  -0.0000  -0.0000   0.0000   0.0000   0.0000    0.272
   145  36.7980   0.0000   9.2496   1.5493   0.3400  -0.0000   0.0000  -0.0000  -0.0000  -0.0000   0.0000  -0.0000   0.0000    0.144
   146  36.9487   0.0000   9.4510   1.4342   0.2622  -0.0000  -0.0000  -0.0000  -0.0000  -0.0000   0.0000   0.0000   0.0000    0.341
   147  37.0713   0.0000   9.6148   1.3407   0.1933  -0.0000  -0.0000  -0.0000  -0.0000  -0.0000   0.0000   0.0000   0.0000    0.266
   148  37.1643   0.0000   9.7391   1.2696   0.1322  -0.0000   0.0000  -0.0000  -0.0000  -0.0000   0.0000  -0.0000  -0.0000   -0.060
   149  37.2269   0.0000   9.8227   1.2218   0.0769  -0.0000  -0.0000  -0.0000  -0.0000  -0.0000   0.0000  -0.0000   0.0000    0.187
   150  37.2584   0.0000   9.8647   1.1978   0.0252  -0.0000  -0.0000  -0.0000  -0.0000  -0.0000   0.0000   0.0000   0.0000    0.261

  Surface # 6     fuselage_horizontal                     
     # Chordwise = 10   # Spanwise = 10     First strip =151
     Surface area Ssurf =  123.841199     Ave. chord Cave =   33.112620

 Forces referred to Sref, Cref, Bref about Xref, Yref, Zref
 Standard axis orientation,  X fwd, Z down         
     CLsurf  =  -0.00975     Clsurf  =   0.00000
     CYsurf  =   0.00000     Cmsurf  =  -0.03034
     CDsurf  =   0.00022     Cnsurf  =   0.00000
     CDisurf =   0.00022     CDvsurf =   0.00000

 Forces referred to Ssurf, Cave 
     CLsurf  =  -0.00983     CDsurf  =   0.00022

 Strip Forces referred to Strip Area, Chord
    j     Xle      Yle      Zle      Chord    Area     c_cl     ai     cl_norm    cl       cd       cdv    cm_c/4     cm_LE   C.P.x/c
   151   5.0231  -1.6830   0.0000  26.5957   9.9468  -0.2437  -0.0596  -0.1139  -0.0092   0.0001   0.0000  -0.0003   0.0003    0.213
   152   2.9203  -1.3090   0.0000  31.2096  11.6724  -0.3277  -0.0550  -0.0408  -0.0105   0.0002   0.0000  -0.0008   0.0005    0.175
   153   1.6676  -0.9350   0.0000  34.0626  12.7394  -0.3484  -0.0332  -0.0250  -0.0102   0.0002   0.0000  -0.0016   0.0003    0.096
   154   0.7666  -0.5610   0.0000  36.1620  13.5246  -0.3535  -0.0216  -0.0164  -0.0098   0.0003   0.0000  -0.0021   0.0002    0.040
   155   0.1963  -0.1870   0.0000  37.5333  14.0374  -0.3547  -0.0170  -0.0110  -0.0094   0.0003   0.0000  -0.0023   0.0001    0.011
   156   0.1963   0.1870   0.0000  37.5333  14.0374  -0.3547  -0.0170  -0.0110  -0.0094   0.0003   0.0000  -0.0023   0.0001    0.011
   157   0.7666   0.5610   0.0000  36.1620  13.5246  -0.3535  -0.0216  -0.0164  -0.0098   0.0003   0.0000  -0.0021   0.0002    0.040
   158   1.6676   0.9350   0.0000  34.0626  12.7394  -0.3484  -0.0332  -0.0250  -0.0102   0.0002   0.0000  -0.0016   0.0003    0.096
   159   2.9202   1.3090   0.0000  31.2096  11.6724  -0.3277  -0.0550  -0.0408  -0.0105   0.0002   0.0000  -0.0008   0.0005    0.175
   160   5.0231   1.6830   0.0000  26.5957   9.9468  -0.2437  -0.0596  -0.1139  -0.0092   0.0001   0.0000  -0.0003   0.0003    0.213

  Surface # 7     fuselage_vertical                       
     # Chordwise = 10   # Spanwise = 10     First strip =161
     Surface area Ssurf =  123.841199     Ave. chord Cave =   33.112620

 Forces referred to Sref, Cref, Bref about Xref, Yref, Zref
 Standard axis orientation,  X fwd, Z down         
     CLsurf  =   0.00000     Clsurf  =  -0.00000
     CYsurf  =  -0.00000     Cmsurf  =  -0.00000
     CDsurf  =   0.00000     Cnsurf  =   0.00000
     CDisurf =   0.00000     CDvsurf =   0.00000

 Forces referred to Ssurf, Cave 
     CLsurf  =   0.00000     CDsurf  =   0.00000

 Strip Forces referred to Strip Area, Chord
    j     Xle      Yle      Zle      Chord    Area     c_cl     ai     cl_norm    cl       cd       cdv    cm_c/4     cm_LE   C.P.x/c
   161   5.0231   0.0000  -1.6830  26.5957   9.9468   0.0000  -0.0000   0.0000   0.0000   0.0000   0.0000  -0.0000  -0.0000    0.442
   162   2.9203   0.0000  -1.3090  31.2096  11.6724   0.0000   0.0000   0.0000   0.0000   0.0000   0.0000   0.0000   0.0000   -0.823
   163   1.6676   0.0000  -0.9350  34.0626  12.7394   0.0000   0.0000   0.0000   0.0000   0.0000   0.0000  -0.0000  -0.0000    0.735
   164   0.7666   0.0000  -0.5610  36.1620  13.5246   0.0000   0.0000   0.0000   0.0000   0.0000   0.0000  -0.0000  -0.0000    0.756
   165   0.1963   0.0000  -0.1870  37.5333  14.0374   0.0000   0.0000   0.0000   0.0000  -0.0000   0.0000   0.0000   0.0000   -0.763
   166   0.1963   0.0000   0.1870  37.5333  14.0374   0.0000  -0.0000   0.0000   0.0000  -0.0000   0.0000  -0.0000  -0.0000    0.716
   167   0.7666   0.0000   0.5610  36.1620  13.5246   0.0000  -0.0000   0.0000   0.0000   0.0000   0.0000  -0.0000  -0.0000    0.979
   168   1.6676   0.0000   0.9350  34.0626  12.7394   0.0000  -0.0000   0.0000   0.0000   0.0000   0.0000  -0.0000  -0.0000    1.090
   169   2.9202   0.0000   1.3090  31.2096  11.6724   0.0000   0.0000   0.0000   0.0000   0.0000   0.0000  -0.0000  -0.0000    1.992
   170   5.0231   0.0000   1.6830  26.5957   9.9468   0.0000  -0.0000   0.0000   0.0000  -0.0000   0.0000  -0.0000  -0.0000  999.000
 ---------------------------------------------------------------
