 ---------------------------------------------------------------
 Surface and Strip Forces by surface

  Sref =  124.86       Cref =  4.4875       Bref =  34.320    
  Xref =  18.914       Yref =  0.0000       Zref =-0.17619    

  Surface # 1     main_wing                               
     # Chordwise = 10   # Spanwise = 30     First strip =  1
     Surface area Ssurf =   63.968838     Ave. chord Cave =    3.715026

 Forces referred to Sref, Cref, Bref about Xref, Yref, Zref
 Standard axis orientation,  X fwd, Z down         
     CLsurf  =   0.71630     Clsurf  =  -0.14492
     CYsurf  =  -0.03842     Cmsurf  =  -0.06578
     CDsurf  =   0.04270     Cnsurf  =  -0.02697
     CDisurf =   0.04270     CDvsurf =   0.00000

 Forces referred to Ssurf, Cave 
     CLsurf  =   1.40001     CDsurf  =   0.08334

 Strip Forces referred to Strip Area, Chord
    j     Xle      Yle      Zle      Chord    Area     c_cl     ai     cl_norm    cl       cd       cdv    cm_c/4     cm_LE   C.P.x/c
     1  13.6181   0.0114  -0.9295   7.7520   0.3539   9.3753   0.2508   1.0730   0.8328   2.2348   0.0000  -0.1126  -0.3409    0.385
     2  13.6830   0.1025  -0.9255   7.6885   1.0492   7.6927   0.2506   1.2278   0.9529   0.3564   0.0000  -0.0993  -0.2875    0.354
     3  13.8120   0.2837  -0.9176   7.5620   1.7073   7.5573   0.2495   1.2553   0.9743   0.2292   0.0000  -0.0958  -0.2846    0.348
     4  14.0037   0.5530  -0.9059   7.3741   2.3052   7.5098   0.2465   1.2860   0.9981   0.2036   0.0000  -0.0905  -0.2842    0.341
     5  14.2560   0.9075  -0.8904   7.1267   2.8223   7.4644   0.2398   1.3268   1.0298   0.1910   0.0000  -0.0838  -0.2848    0.331
     6  14.5662   1.3432  -0.8714   6.8226   3.2414   7.3985   0.2234   1.3783   1.0697   0.1775   0.0000  -0.0768  -0.2868    0.322
     7  14.9309   1.8554  -0.8490   6.4651   3.5491   7.2998   0.1875   1.4403   1.1179   0.1620   0.0000  -0.0703  -0.2908    0.313
     8  15.3460   2.4386  -0.8236   6.0582   3.7368   7.1611   0.1524   1.5137   1.1748   0.1443   0.0000  -0.0648  -0.2973    0.305
     9  15.8070   3.0862  -0.7953   5.6062   3.8005   6.9780   0.1376   1.6003   1.2420   0.1239   0.0000  -0.0607  -0.3069    0.299
    10  16.2877   3.7613  -0.7658   5.1351   3.4440   6.7594   0.1259   1.6989   1.3184   0.1029   0.0000  -0.0574  -0.3190    0.294
    11  16.7803   4.4532  -0.7356   4.6522   3.3149   6.5137   0.1105   1.8135   1.4074   0.0810   0.0000  -0.0539  -0.3336    0.288
    12  17.2999   5.1831  -0.7037   4.1429   3.0930   6.2391   0.0846   1.9597   1.5208   0.0474   0.0000  -0.0480  -0.3507    0.282
    13  17.8026   6.0123  -0.6437   3.7903   3.4706   5.9257   0.0650   1.9436   1.5815   0.0343   0.0000  -0.0297  -0.3825    0.269
    14  18.2809   6.9353  -0.5549   3.6075   3.3775   5.6811   0.0627   1.9592   1.5942   0.0284   0.0000  -0.0252  -0.3812    0.266
    15  18.7672   7.8737  -0.4645   3.4215   3.2389   5.4446   0.0571   1.9814   1.6123   0.0206   0.0000  -0.0228  -0.3828    0.264
    16  19.2562   8.8172  -0.3736   3.2345   3.0619   5.2066   0.0535   2.0061   1.6324   0.0127   0.0000  -0.0217  -0.3860    0.263
    17  19.7425   9.7556  -0.2833   3.0486   2.8543   4.9634   0.0529   2.0307   1.6523   0.0053   0.0000  -0.0216  -0.3901    0.263
    18  20.2208  10.6786  -0.1944   2.8657   2.6239   4.7139   0.0545   2.0531   1.6706  -0.0012   0.0000  -0.0226  -0.3949    0.264
    19  20.6858  11.5760  -0.1080   2.6879   2.3787   4.4583   0.0578   2.0708   1.6850  -0.0040   0.0000  -0.0257  -0.4008    0.265
    20  21.1299  12.4328  -0.0255   2.5181   2.1010   4.1976   0.0634   2.0867   1.6979  -0.0290   0.0000  -0.0395  -0.4149    0.273
    21  21.5482  13.2400   0.0523   2.3582   1.8520   3.9292   0.0714   2.0852   1.6967  -0.0267   0.0000  -0.0370  -0.4125    0.272
    22  21.9390  13.9941   0.1249   2.2087   1.6074   3.6450   0.0817   2.0662   1.6812  -0.0308   0.0000  -0.0302  -0.4029    0.268
    23  22.2979  14.6868   0.1916   2.0715   1.3716   3.3357   0.0938   2.0176   1.6417  -0.0365   0.0000  -0.0197  -0.3845    0.262
    24  22.6211  15.3105   0.2516   1.9479   1.1479   2.9914   0.1067   1.9257   1.5669  -0.0421   0.0000  -0.0067  -0.3560    0.254
    25  22.9051  15.8583   0.3044   1.8393   0.9381   2.6036   0.1199   1.7762   1.4452  -0.0443   0.0000   0.0039  -0.3193    0.247
    26  23.1466  16.3244   0.3493   1.7470   0.7427   2.1674   0.1331   1.5550   1.2653  -0.0307   0.0000   0.0000  -0.2828    0.250
    27  23.5299  16.6722   0.3828   1.4928   0.4131   1.7049   0.1450   3.8795   1.1857  -0.1417   0.0000   0.0057  -0.1439    0.245
    28  23.9809  16.9098   0.4056   1.1466   0.2292   1.2430   0.1572   3.7535   1.1471  -0.2549   0.0000   0.0589  -0.1125    0.199
    29  24.2843  17.0696   0.4210   0.9138   0.1104   0.7571   0.1645   2.9572   0.9038  -0.3440   0.0000   0.0983  -0.0619    0.141
    30  24.4368  17.1499   0.4287   0.7967   0.0322   0.2544   0.1683   1.2151   0.3713  -0.2598   0.0000   0.0563  -0.0156    0.098

  Surface # 2     main_wing (YDUP)                        
     # Chordwise = 10   # Spanwise = 30     First strip = 31
     Surface area Ssurf =   63.968838     Ave. chord Cave =    3.715026

 Forces referred to Sref, Cref, Bref about Xref, Yref, Zref
 Standard axis orientation,  X fwd, Z down         
     CLsurf  =   0.71630     Clsurf  =   0.14492
     CYsurf  =   0.03842     Cmsurf  =  -0.06578
     CDsurf  =   0.04270     Cnsurf  =   0.02697
     CDisurf =   0.04270     CDvsurf =   0.00000

 Forces referred to Ssurf, Cave 
     CLsurf  =   1.40001     CDsurf  =   0.08334

 Strip Forces referred to Strip Area, Chord
    j     Xle      Yle      Zle      Chord    Area     c_cl     ai     cl_norm    cl       cd       cdv    cm_c/4     cm_LE   C.P.x/c
    31  13.6181  -0.0114  -0.9295   7.7520   0.3539   9.3753   0.2508   1.0730   0.8328   2.2348   0.0000  -0.1126   0.3409    0.385
    32  13.6830  -0.1025  -0.9255   7.6885   1.0492   7.6927   0.2506   1.2278   0.9529   0.3564   0.0000  -0.0993   0.2875    0.354
    33  13.8120  -0.2837  -0.9176   7.5620   1.7073   7.5573   0.2495   1.2553   0.9743   0.2292   0.0000  -0.0958   0.2846    0.348
    34  14.0037  -0.5530  -0.9059   7.3741   2.3052   7.5098   0.2465   1.2860   0.9981   0.2036   0.0000  -0.0905   0.2842    0.341
    35  14.2560  -0.9075  -0.8904   7.1267   2.8223   7.4644   0.2398   1.3268   1.0298   0.1910   0.0000  -0.0838   0.2848    0.331
    36  14.5662  -1.3432  -0.8714   6.8226   3.2414   7.3985   0.2234   1.3783   1.0697   0.1775   0.0000  -0.0768   0.2868    0.322
    37  14.9309  -1.8554  -0.8490   6.4651   3.5491   7.2998   0.1875   1.4403   1.1179   0.1620   0.0000  -0.0703   0.2908    0.313
    38  15.3460  -2.4386  -0.8236   6.0582   3.7368   7.1611   0.1524   1.5137   1.1748   0.1443   0.0000  -0.0648   0.2973    0.305
    39  15.8070  -3.0862  -0.7953   5.6062   3.8005   6.9780   0.1376   1.6003   1.2420   0.1239   0.0000  -0.0607   0.3069    0.299
    40  16.2877  -3.7613  -0.7658   5.1351   3.4440   6.7594   0.1259   1.6989   1.3184   0.1029   0.0000  -0.0574   0.3190    0.294
    41  16.7803  -4.4532  -0.7356   4.6522   3.3149   6.5137   0.1105   1.8135   1.4074   0.0810   0.0000  -0.0539   0.3336    0.288
    42  17.2999  -5.1831  -0.7037   4.1429   3.0930   6.2391   0.0846   1.9597   1.5208   0.0474   0.0000  -0.0480   0.3507    0.282
    43  17.8026  -6.0123  -0.6437   3.7903   3.4706   5.9257   0.0650   1.9436   1.5815   0.0343   0.0000  -0.0297   0.3825    0.269
    44  18.2809  -6.9353  -0.5549   3.6075   3.3775   5.6811   0.0627   1.9592   1.5942   0.0284   0.0000  -0.0252   0.3812    0.266
    45  18.7672  -7.8737  -0.4645   3.4215   3.2389   5.4446   0.0571   1.9814   1.6123   0.0206   0.0000  -0.0228   0.3828    0.264
    46  19.2562  -8.8172  -0.3736   3.2345   3.0619   5.2066   0.0535   2.0061   1.6324   0.0127   0.0000  -0.0217   0.3860    0.263
    47  19.7425  -9.7556  -0.2833   3.0486   2.8543   4.9634   0.0529   2.0307   1.6523   0.0053   0.0000  -0.0216   0.3901    0.263
    48  20.2208 -10.6786  -0.1944   2.8657   2.6239   4.7139   0.0545   2.0531   1.6706  -0.0012   0.0000  -0.0226   0.3949    0.264
    49  20.6858 -11.5760  -0.1080   2.6879   2.3787   4.4583   0.0578   2.0708   1.6850  -0.0040   0.0000  -0.0257   0.4008    0.265
    50  21.1299 -12.4328  -0.0255   2.5181   2.1010   4.1976   0.0634   2.0867   1.6979  -0.0290   0.0000  -0.0395   0.4149    0.273
    51  21.5482 -13.2400   0.0523   2.3582   1.8520   3.9292   0.0714   2.0852   1.6967  -0.0267   0.0000  -0.0370   0.4125    0.272
    52  21.9390 -13.9941   0.1249   2.2087   1.6074   3.6450   0.0817   2.0662   1.6812  -0.0308   0.0000  -0.0302   0.4029    0.268
    53  22.2979 -14.6868   0.1916   2.0715   1.3716   3.3357   0.0938   2.0176   1.6417  -0.0365   0.0000  -0.0197   0.3845    0.262
    54  22.6211 -15.3105   0.2516   1.9479   1.1479   2.9914   0.1067   1.9257   1.5669  -0.0421   0.0000  -0.0067   0.3560    0.254
    55  22.9051 -15.8583   0.3044   1.8393   0.9381   2.6036   0.1199   1.7762   1.4452  -0.0443   0.0000   0.0039   0.3193    0.247
    56  23.1466 -16.3244   0.3493   1.7470   0.7427   2.1674   0.1331   1.5550   1.2653  -0.0307   0.0000   0.0000   0.2828    0.250
    57  23.5299 -16.6722   0.3828   1.4928   0.4131   1.7049   0.1450   3.8795   1.1857  -0.1417   0.0000   0.0057   0.1439    0.245
    58  23.9809 -16.9098   0.4056   1.1466   0.2292   1.2430   0.1572   3.7535   1.1471  -0.2549   0.0000   0.0589   0.1125    0.199
    59  24.2843 -17.0696   0.4210   0.9138   0.1104   0.7571   0.1645   2.9572   0.9038  -0.3440   0.0000   0.0983   0.0619    0.141
    60  24.4368 -17.1499   0.4287   0.7967   0.0322   0.2544   0.1683   1.2151   0.3713  -0.2598   0.0000   0.0563   0.0156    0.098

  Surface # 3     horizontal_stabilizer                   
     # Chordwise = 10   # Spanwise = 30     First strip = 61
     Surface area Ssurf =   20.744605     Ave. chord Cave =    2.848571

 Forces referred to Sref, Cref, Bref about Xref, Yref, Zref
 Standard axis orientation,  X fwd, Z down         
     CLsurf  =   0.07098     Clsurf  =  -0.00724
     CYsurf  =  -0.01210     Cmsurf  =  -0.27193
     CDsurf  =   0.00871     Cnsurf  =   0.00528
     CDisurf =   0.00871     CDvsurf =   0.00000

 Forces referred to Ssurf, Cave 
     CLsurf  =   0.43332     CDsurf  =   0.05242

 Strip Forces referred to Strip Area, Chord
    j     Xle      Yle      Zle      Chord    Area     c_cl     ai     cl_norm    cl       cd       cdv    cm_c/4     cm_LE   C.P.x/c
    61  33.0230   0.0046   1.4667   4.2713   0.0803   2.1105   0.1959   0.5562   0.4228   0.4461   0.0000  -0.0370  -0.1387    0.338
    62  33.0469   0.0418   1.4723   4.2566   0.2392   1.5514   0.1966   0.4666   0.3547   0.0868   0.0000  -0.0305  -0.1059    0.336
    63  33.0943   0.1156   1.4835   4.2274   0.3930   1.5075   0.1969   0.4621   0.3513   0.0610   0.0000  -0.0293  -0.1033    0.333
    64  33.1649   0.2254   1.5002   4.1839   0.5386   1.4960   0.1963   0.4646   0.3531   0.0559   0.0000  -0.0276  -0.1021    0.328
    65  33.2578   0.3698   1.5221   4.1268   0.6730   1.4905   0.1946   0.4697   0.3571   0.0546   0.0000  -0.0252  -0.1009    0.321
    66  33.3719   0.5474   1.5490   4.0565   0.7936   1.4861   0.1916   0.4768   0.3624   0.0540   0.0000  -0.0225  -0.0998    0.312
    67  33.5097   0.7617   1.5816   3.9717   0.9441   1.4806   0.1869   0.4855   0.3690   0.0536   0.0000  -0.0196  -0.0989    0.303
    68  33.6704   1.0116   1.6195   3.8728   1.0344   1.4731   0.1802   0.4957   0.3768   0.0532   0.0000  -0.0168  -0.0982    0.295
    69  33.8488   1.2891   1.6616   3.7630   1.1046   1.4634   0.1719   0.5071   0.3855   0.0529   0.0000  -0.0142  -0.0979    0.287
    70  34.0430   1.5912   1.7075   3.6435   1.1542   1.4517   0.1625   0.5199   0.3952   0.0528   0.0000  -0.0118  -0.0980    0.280
    71  34.2510   1.9146   1.7565   3.5155   1.1831   1.4380   0.1531   0.5341   0.4059   0.0529   0.0000  -0.0096  -0.0986    0.274
    72  34.4703   2.2558   1.8083   3.3805   1.1921   1.4225   0.1450   0.5497   0.4178   0.0531   0.0000  -0.0076  -0.0995    0.268
    73  34.6987   2.6109   1.8622   3.2400   1.1821   1.4052   0.1387   0.5669   0.4309   0.0534   0.0000  -0.0058  -0.1009    0.263
    74  34.9335   2.9762   1.9177   3.0955   1.1548   1.3859   0.1343   0.5856   0.4451   0.0537   0.0000  -0.0040  -0.1024    0.259
    75  35.1723   3.3476   1.9740   2.9485   1.1122   1.3641   0.1315   0.6054   0.4602   0.0539   0.0000  -0.0021  -0.1042    0.255
    76  35.4124   3.7210   2.0307   2.8008   1.0564   1.3389   0.1300   0.6260   0.4758   0.0541   0.0000  -0.0000  -0.1059    0.250
    77  35.6512   4.0924   2.0871   2.6538   0.9900   1.3095   0.1294   0.6466   0.4914   0.0541   0.0000   0.0023  -0.1073    0.245
    78  35.8861   4.4577   2.1425   2.5093   0.9155   1.2747   0.1297   0.6661   0.5063   0.0537   0.0000   0.0050  -0.1083    0.240
    79  36.1144   4.8128   2.1964   2.3687   0.8353   1.2332   0.1308   0.6831   0.5192   0.0529   0.0000   0.0084  -0.1083    0.234
    80  36.3338   5.1540   2.2482   2.2338   0.7518   1.1838   0.1325   0.6960   0.5290   0.0514   0.0000   0.0124  -0.1070    0.227
    81  36.5417   5.4774   2.2973   2.1058   0.6671   1.1253   0.1348   0.7024   0.5339   0.0492   0.0000   0.0172  -0.1040    0.218
    82  36.7359   5.7795   2.3431   1.9862   0.5830   1.0568   0.1373   0.7000   0.5320   0.0461   0.0000   0.0227  -0.0989    0.207
    83  36.9144   6.0570   2.3852   1.8764   0.5012   0.9777   0.1400   0.6862   0.5216   0.0419   0.0000   0.0288  -0.0914    0.195
    84  37.0750   6.3069   2.4232   1.7776   0.4225   0.8881   0.1425   0.6588   0.5008   0.0367   0.0000   0.0350  -0.0816    0.180
    85  37.2162   6.5264   2.4565   1.6907   0.3478   0.7883   0.1448   0.6157   0.4680   0.0304   0.0000   0.0403  -0.0698    0.164
    86  37.3480   6.7314   2.4876   1.6096   0.3326   0.6733   0.1469   0.5533   0.4206   0.0233   0.0000   0.0439  -0.0561    0.146
    87  37.4657   6.9144   2.5154   1.5372   0.2507   0.5381   0.1487   0.4643   0.3529   0.0144   0.0000   0.0440  -0.0409    0.125
    88  37.5551   7.0535   2.5365   1.4822   0.1746   0.3921   0.1501   0.3522   0.2676   0.0053   0.0000   0.0385  -0.0266    0.106
    89  37.6153   7.1471   2.5508   1.4451   0.1029   0.2384   0.1511   0.2208   0.1678  -0.0020   0.0000   0.0267  -0.0144    0.091
    90  37.6455   7.1941   2.5579   1.4265   0.0340   0.0800   0.1515   0.0770   0.0585  -0.0090   0.0000   0.0095  -0.0045    0.088

  Surface # 4     horizontal_stabilizer (YDUP)            
     # Chordwise = 10   # Spanwise = 30     First strip = 91
     Surface area Ssurf =   20.744605     Ave. chord Cave =    2.848571

 Forces referred to Sref, Cref, Bref about Xref, Yref, Zref
 Standard axis orientation,  X fwd, Z down         
     CLsurf  =   0.07098     Clsurf  =   0.00724
     CYsurf  =   0.01210     Cmsurf  =  -0.27193
     CDsurf  =   0.00871     Cnsurf  =  -0.00528
     CDisurf =   0.00871     CDvsurf =   0.00000

 Forces referred to Ssurf, Cave 
     CLsurf  =   0.43332     CDsurf  =   0.05242

 Strip Forces referred to Strip Area, Chord
    j     Xle      Yle      Zle      Chord    Area     c_cl     ai     cl_norm    cl       cd       cdv    cm_c/4     cm_LE   C.P.x/c
    91  33.0230  -0.0046   1.4667   4.2713   0.0803   2.1105   0.1959   0.5562   0.4228   0.4461   0.0000  -0.0370   0.1387    0.338
    92  33.0469  -0.0418   1.4723   4.2566   0.2392   1.5514   0.1966   0.4666   0.3547   0.0868   0.0000  -0.0305   0.1059    0.336
    93  33.0943  -0.1156   1.4835   4.2274   0.3930   1.5075   0.1969   0.4621   0.3513   0.0610   0.0000  -0.0293   0.1033    0.333
    94  33.1649  -0.2254   1.5002   4.1839   0.5386   1.4960   0.1963   0.4646   0.3531   0.0559   0.0000  -0.0276   0.1021    0.328
    95  33.2578  -0.3698   1.5221   4.1268   0.6730   1.4905   0.1946   0.4697   0.3571   0.0546   0.0000  -0.0252   0.1009    0.321
    96  33.3719  -0.5474   1.5490   4.0565   0.7936   1.4861   0.1916   0.4768   0.3624   0.0540   0.0000  -0.0225   0.0998    0.312
    97  33.5097  -0.7617   1.5816   3.9717   0.9441   1.4806   0.1869   0.4855   0.3690   0.0536   0.0000  -0.0196   0.0989    0.303
    98  33.6704  -1.0116   1.6195   3.8728   1.0344   1.4731   0.1802   0.4957   0.3768   0.0532   0.0000  -0.0168   0.0982    0.295
    99  33.8488  -1.2891   1.6616   3.7630   1.1046   1.4634   0.1719   0.5071   0.3855   0.0529   0.0000  -0.0142   0.0979    0.287
   100  34.0430  -1.5912   1.7075   3.6435   1.1542   1.4517   0.1625   0.5199   0.3952   0.0528   0.0000  -0.0118   0.0980    0.280
   101  34.2510  -1.9146   1.7565   3.5155   1.1831   1.4380   0.1531   0.5341   0.4059   0.0529   0.0000  -0.0096   0.0986    0.274
   102  34.4703  -2.2558   1.8083   3.3805   1.1921   1.4225   0.1450   0.5497   0.4178   0.0531   0.0000  -0.0076   0.0995    0.268
   103  34.6987  -2.6109   1.8622   3.2400   1.1821   1.4052   0.1387   0.5669   0.4309   0.0534   0.0000  -0.0058   0.1009    0.263
   104  34.9335  -2.9762   1.9177   3.0955   1.1548   1.3859   0.1343   0.5856   0.4451   0.0537   0.0000  -0.0040   0.1024    0.259
   105  35.1723  -3.3476   1.9740   2.9485   1.1122   1.3641   0.1315   0.6054   0.4602   0.0539   0.0000  -0.0021   0.1042    0.255
   106  35.4124  -3.7210   2.0307   2.8008   1.0564   1.3389   0.1300   0.6260   0.4758   0.0541   0.0000  -0.0000   0.1059    0.250
   107  35.6512  -4.0924   2.0871   2.6538   0.9900   1.3095   0.1294   0.6466   0.4914   0.0541   0.0000   0.0023   0.1073    0.245
   108  35.8861  -4.4577   2.1425   2.5093   0.9155   1.2747   0.1297   0.6661   0.5063   0.0537   0.0000   0.0050   0.1083    0.240
   109  36.1144  -4.8128   2.1964   2.3687   0.8353   1.2332   0.1308   0.6831   0.5192   0.0529   0.0000   0.0084   0.1083    0.234
   110  36.3338  -5.1540   2.2482   2.2338   0.7518   1.1838   0.1325   0.6960   0.5290   0.0514   0.0000   0.0124   0.1070    0.227
   111  36.5417  -5.4774   2.2973   2.1058   0.6671   1.1253   0.1348   0.7024   0.5339   0.0492   0.0000   0.0172   0.1040    0.218
   112  36.7359  -5.7795   2.3431   1.9862   0.5830   1.0568   0.1373   0.7000   0.5320   0.0461   0.0000   0.0227   0.0989    0.207
   113  36.9144  -6.0570   2.3852   1.8764   0.5012   0.9777   0.1400   0.6862   0.5216   0.0419   0.0000   0.0288   0.0914    0.195
   114  37.0750  -6.3069   2.4232   1.7776   0.4225   0.8881   0.1425   0.6588   0.5008   0.0367   0.0000   0.0350   0.0816    0.180
   115  37.2162  -6.5264   2.4565   1.6907   0.3478   0.7883   0.1448   0.6157   0.4680   0.0304   0.0000   0.0403   0.0698    0.164
   116  37.3480  -6.7314   2.4876   1.6096   0.3326   0.6733   0.1469   0.5533   0.4206   0.0233   0.0000   0.0439   0.0561    0.146
   117  37.4657  -6.9144   2.5154   1.5372   0.2507   0.5381   0.1487   0.4643   0.3529   0.0144   0.0000   0.0440   0.0409    0.125
   118  37.5551  -7.0535   2.5365   1.4822   0.1746   0.3921   0.1501   0.3522   0.2676   0.0053   0.0000   0.0385   0.0266    0.106
   119  37.6153  -7.1471   2.5508   1.4451   0.1029   0.2384   0.1511   0.2208   0.1678  -0.0020   0.0000   0.0267   0.0144    0.091
   120  37.6455  -7.1941   2.5579   1.4265   0.0340   0.0800   0.1515   0.0770   0.0585  -0.0090   0.0000   0.0095   0.0045    0.088

  Surface # 5     vertical_stabilizer                     
     # Chordwise = 10   # Spanwise = 30     First strip =121
     Surface area Ssurf =   34.910363     Ave. chord Cave =    4.190920

 Forces referred to Sref, Cref, Bref about Xref, Yref, Zref
 Standard axis orientation,  X fwd, Z down         
     CLsurf  =   0.00000     Clsurf  =  -0.00000
     CYsurf  =  -0.00000     Cmsurf  =  -0.00000
     CDsurf  =  -0.00000     Cnsurf  =   0.00000
     CDisurf =  -0.00000     CDvsurf =   0.00000

 Forces referred to Ssurf, Cave 
     CLsurf  =   0.00000     CDsurf  =  -0.00000

 Strip Forces referred to Strip Area, Chord
    j     Xle      Yle      Zle      Chord    Area     c_cl     ai     cl_norm    cl       cd       cdv    cm_c/4     cm_LE   C.P.x/c
   121  27.0137   0.0000   1.5690  10.0347   0.6931   0.0000   0.0000   0.0000   0.0000   0.0000   0.0000   0.0000  -0.0000   -0.349
   122  27.2327   0.0000   1.6601   9.8296   1.1101   0.0000   0.0000   0.0000   0.0000  -0.0000   0.0000   0.0000  -0.0000   -0.301
   123  27.5561   0.0000   1.7947   9.5266   1.4857   0.0000   0.0000   0.0000   0.0000  -0.0000   0.0000   0.0000  -0.0000   -0.103
   124  27.9815   0.0000   1.9717   9.1281   1.8040   0.0000  -0.0000   0.0000   0.0000   0.0000   0.0000   0.0000  -0.0000    0.022
   125  28.5051   0.0000   2.1895   8.6377   2.0517   0.0000  -0.0000   0.0000   0.0000   0.0000   0.0000   0.0000  -0.0000   -0.311
   126  29.1220   0.0000   2.4462   8.0598   2.2181   0.0000  -0.0000   0.0000   0.0000   0.0000   0.0000   0.0000  -0.0000   -0.359
   127  29.8264   0.0000   2.7392   7.4000   2.2957   0.0000  -0.0000   0.0000   0.0000  -0.0000   0.0000   0.0000  -0.0000   -0.167
   128  30.6115   0.0000   3.0659   6.6646   2.2808   0.0000  -0.0000   0.0000   0.0000  -0.0000   0.0000   0.0000  -0.0000    0.002
   129  31.4694   0.0000   3.4228   5.8609   2.1733   0.0000  -0.0000   0.0000   0.0000  -0.0000   0.0000   0.0000  -0.0000    0.214
   130  32.3918   0.0000   3.8066   4.9969   1.9773   0.0000  -0.0000   0.0000   0.0000   0.0000   0.0000  -0.0000  -0.0000    0.290
   131  33.0131   0.0000   4.1929   4.4389   1.6667   0.0000  -0.0000   0.0000   0.0000  -0.0000   0.0000   0.0000  -0.0000    0.198
   132  33.3001   0.0000   4.5764   4.2198   1.6478   0.0000  -0.0000   0.0000   0.0000   0.0000   0.0000  -0.0000  -0.0000    0.324
   133  33.5969   0.0000   4.9729   3.9932   1.6033   0.0000  -0.0000   0.0000   0.0000  -0.0000   0.0000   0.0000  -0.0000    0.233
   134  33.9004   0.0000   5.3784   3.7615   1.5362   0.0000  -0.0000   0.0000   0.0000  -0.0000   0.0000   0.0000  -0.0000    0.090
   135  34.2075   0.0000   5.7886   3.5271   1.4499   0.0000  -0.0000   0.0000   0.0000   0.0000   0.0000   0.0000  -0.0000    0.220
   136  34.5150   0.0000   6.1995   3.2923   1.3482   0.0000  -0.0000   0.0000   0.0000  -0.0000   0.0000  -0.0000  -0.0000    0.329
   137  34.8197   0.0000   6.6066   3.0597   1.2352   0.0000  -0.0000   0.0000   0.0000   0.0000   0.0000  -0.0000  -0.0000    0.393
   138  35.1185   0.0000   7.0058   2.8315   1.1147   0.0000   0.0000   0.0000   0.0000  -0.0000   0.0000  -0.0000  -0.0000    0.480
   139  35.4083   0.0000   7.3929   2.6103   0.9908   0.0000  -0.0000   0.0000   0.0000   0.0000   0.0000  -0.0000  -0.0000    0.360
   140  35.6860   0.0000   7.7640   2.3983   0.8670   0.0000  -0.0000   0.0000   0.0000   0.0000   0.0000  -0.0000  -0.0000    0.450
   141  35.9487   0.0000   8.1150   2.1977   0.7464   0.0000   0.0000   0.0000   0.0000   0.0000   0.0000  -0.0000  -0.0000    0.351
   142  36.1937   0.0000   8.4424   2.0106   0.6318   0.0000  -0.0000   0.0000   0.0000   0.0000   0.0000  -0.0000  -0.0000    0.315
   143  36.4185   0.0000   8.7426   1.8390   0.5251   0.0000   0.0000   0.0000   0.0000  -0.0000   0.0000  -0.0000  -0.0000    0.263
   144  36.6206   0.0000   9.0127   1.6847   0.4276   0.0000  -0.0000   0.0000   0.0000  -0.0000   0.0000  -0.0000  -0.0000    0.325
   145  36.7980   0.0000   9.2496   1.5493   0.3400   0.0000  -0.0000   0.0000   0.0000  -0.0000   0.0000  -0.0000  -0.0000    0.394
   146  36.9487   0.0000   9.4510   1.4342   0.2622   0.0000  -0.0000   0.0000   0.0000  -0.0000   0.0000  -0.0000  -0.0000    0.262
   147  37.0713   0.0000   9.6148   1.3407   0.1933   0.0000  -0.0000   0.0000   0.0000  -0.0000   0.0000   0.0000  -0.0000   -0.032
   148  37.1643   0.0000   9.7391   1.2696   0.1322   0.0000  -0.0000   0.0000   0.0000  -0.0000   0.0000   0.0000  -0.0000    0.065
   149  37.2269   0.0000   9.8227   1.2218   0.0769   0.0000   0.0000   0.0000   0.0000  -0.0000   0.0000  -0.0000  -0.0000    0.255
   150  37.2584   0.0000   9.8647   1.1978   0.0252   0.0000  -0.0000   0.0000   0.0000   0.0000   0.0000   0.0000  -0.0000    0.025

  Surface # 6     fuselage_horizontal                     
     # Chordwise = 10   # Spanwise = 10     First strip =151
     Surface area Ssurf =  123.841199     Ave. chord Cave =   33.112620

 Forces referred to Sref, Cref, Bref about Xref, Yref, Zref
 Standard axis orientation,  X fwd, Z down         
     CLsurf  =   0.01605     Clsurf  =   0.00000
     CYsurf  =   0.00000     Cmsurf  =   0.09594
     CDsurf  =  -0.00005     Cnsurf  =  -0.00000
     CDisurf =  -0.00005     CDvsurf =   0.00000

 Forces referred to Ssurf, Cave 
     CLsurf  =   0.01618     CDsurf  =  -0.00005

 Strip Forces referred to Strip Area, Chord
    j     Xle      Yle      Zle      Chord    Area     c_cl     ai     cl_norm    cl       cd       cdv    cm_c/4     cm_LE   C.P.x/c
   151   5.0231  -1.6830   0.0000  26.5957   9.9468   0.3706   0.2807   0.1428   0.0153  -0.0065   0.0000   0.0054   0.0003   -0.103
   152   2.9203  -1.3090   0.0000  31.2096  11.6724   0.5233   0.3021   0.0623   0.0174  -0.0019   0.0000   0.0071   0.0007   -0.161
   153   1.6676  -0.9350   0.0000  34.0626  12.7394   0.5574   0.2682   0.0389   0.0166   0.0001   0.0000   0.0092   0.0017   -0.306
   154   0.7666  -0.5610   0.0000  36.1620  13.5246   0.5836   0.2596   0.0265   0.0161   0.0016   0.0000   0.0101   0.0027   -0.377
   155   0.1963  -0.1870   0.0000  37.5333  14.0374   0.6024   0.2608   0.0180   0.0156   0.0042   0.0000   0.0103   0.0043   -0.411
   156   0.1963   0.1870   0.0000  37.5333  14.0374   0.6024   0.2608   0.0180   0.0156   0.0042   0.0000   0.0103   0.0043   -0.411
   157   0.7666   0.5610   0.0000  36.1620  13.5246   0.5836   0.2596   0.0265   0.0161   0.0016   0.0000   0.0101   0.0027   -0.377
   158   1.6676   0.9350   0.0000  34.0626  12.7394   0.5574   0.2682   0.0389   0.0166   0.0001   0.0000   0.0092   0.0017   -0.306
   159   2.9202   1.3090   0.0000  31.2096  11.6724   0.5233   0.3021   0.0623   0.0174  -0.0019   0.0000   0.0071   0.0007   -0.161
   160   5.0231   1.6830   0.0000  26.5957   9.9468   0.3706   0.2807   0.1428   0.0153  -0.0065   0.0000   0.0054   0.0003   -0.103

  Surface # 7     fuselage_vertical                       
     # Chordwise = 10   # Spanwise = 10     First strip =161
     Surface area Ssurf =  123.841199     Ave. chord Cave =   33.112620

 Forces referred to Sref, Cref, Bref about Xref, Yref, Zref
 Standard axis orientation,  X fwd, Z down         
     CLsurf  =   0.00000     Clsurf  =   0.00000
     CYsurf  =  -0.00000     Cmsurf  =   0.00000
     CDsurf  =   0.00000     Cnsurf  =   0.00000
     CDisurf =   0.00000     CDvsurf =   0.00000

 Forces referred to Ssurf, Cave 
     CLsurf  =   0.00000     CDsurf  =   0.00000

 Strip Forces referred to Strip Area, Chord
    j     Xle      Yle      Zle      Chord    Area     c_cl     ai     cl_norm    cl       cd       cdv    cm_c/4     cm_LE   C.P.x/c
   161   5.0231   0.0000  -1.6830  26.5957   9.9468  -0.0000   0.0000  -0.0000  -0.0000  -0.0000   0.0000  -0.0000  -0.0000  999.000
   162   2.9203   0.0000  -1.3090  31.2096  11.6724   0.0000  -0.0000   0.0000   0.0000   0.0000   0.0000   0.0000   0.0000  999.000
   163   1.6676   0.0000  -0.9350  34.0626  12.7394   0.0000   0.0000   0.0000   0.0000   0.0000   0.0000   0.0000   0.0000   -0.190
   164   0.7666   0.0000  -0.5610  36.1620  13.5246   0.0000  -0.0000   0.0000   0.0000   0.0000   0.0000   0.0000   0.0000    0.165
   165   0.1963   0.0000  -0.1870  37.5333  14.0374   0.0000   0.0000   0.0000   0.0000  -0.0000   0.0000  -0.0000  -0.0000    0.400
   166   0.1963   0.0000   0.1870  37.5333  14.0374   0.0000  -0.0000   0.0000   0.0000   0.0000   0.0000  -0.0000  -0.0000    0.629
   167   0.7666   0.0000   0.5610  36.1620  13.5246   0.0000  -0.0000   0.0000   0.0000   0.0000   0.0000  -0.0000  -0.0000    0.674
   168   1.6676   0.0000   0.9350  34.0626  12.7394   0.0000  -0.0000   0.0000   0.0000  -0.0000   0.0000  -0.0000  -0.0000    0.780
   169   2.9202   0.0000   1.3090  31.2096  11.6724   0.0000  -0.0000   0.0000   0.0000  -0.0000   0.0000  -0.0000  -0.0000    0.741
   170   5.0231   0.0000   1.6830  26.5957   9.9468   0.0000   0.0000   0.0000   0.0000   0.0000   0.0000  -0.0000  -0.0000    0.798
 ---------------------------------------------------------------
