 ---------------------------------------------------------------
 Surface and Strip Forces by surface

  Sref =  124.86       Cref =  4.4875       Bref =  34.320    
  Xref =  18.914       Yref =  0.0000       Zref =-0.17619    

  Surface # 1     main_wing                               
     # Chordwise = 10   # Spanwise = 30     First strip =  1
     Surface area Ssurf =   63.968838     Ave. chord Cave =    3.715026

 Forces referred to Sref, Cref, Bref about Xref, Yref, Zref
 Standard axis orientation,  X fwd, Z down         
     CLsurf  =   0.13626     Clsurf  =  -0.02351
     CYsurf  =  -0.00979     Cmsurf  =  -0.00401
     CDsurf  =   0.00216     Cnsurf  =   0.00005
     CDisurf =   0.00216     CDvsurf =   0.00000

 Forces referred to Ssurf, Cave 
     CLsurf  =   0.26665     CDsurf  =   0.00422

 Strip Forces referred to Strip Area, Chord
    j     Xle      Yle      Zle      Chord    Area     c_cl     ai     cl_norm    cl       cd       cdv    cm_c/4     cm_LE   C.P.x/c
     1  13.6181   0.0114  -0.9295   7.7520   0.3539   2.1328   0.0535   0.3547   0.2751   0.1569   0.0000  -0.0271  -0.0781    0.349
     2  13.6830   0.1025  -0.9255   7.6885   1.0492   2.0185   0.0529   0.3385   0.2625   0.0283   0.0000  -0.0265  -0.0751    0.351
     3  13.8120   0.2837  -0.9176   7.5620   1.7073   2.0056   0.0513   0.3419   0.2652   0.0195   0.0000  -0.0259  -0.0751    0.348
     4  14.0037   0.5530  -0.9059   7.3741   2.3052   1.9917   0.0485   0.3482   0.2701   0.0172   0.0000  -0.0247  -0.0752    0.342
     5  14.2560   0.9075  -0.8904   7.1267   2.8223   1.9667   0.0448   0.3558   0.2760   0.0155   0.0000  -0.0233  -0.0752    0.335
     6  14.5662   1.3432  -0.8714   6.8226   3.2414   1.9248   0.0420   0.3637   0.2821   0.0135   0.0000  -0.0220  -0.0754    0.328
     7  14.9309   1.8554  -0.8490   6.4651   3.5491   1.8615   0.0440   0.3712   0.2879   0.0112   0.0000  -0.0211  -0.0758    0.323
     8  15.3460   2.4386  -0.8236   6.0582   3.7368   1.7737   0.0447   0.3775   0.2928   0.0086   0.0000  -0.0206  -0.0765    0.320
     9  15.8070   3.0862  -0.7953   5.6062   3.8005   1.6608   0.0362   0.3819   0.2962   0.0056   0.0000  -0.0208  -0.0773    0.320
    10  16.2877   3.7613  -0.7658   5.1351   3.4440   1.5321   0.0261   0.3847   0.2984   0.0029   0.0000  -0.0212  -0.0781    0.321
    11  16.7803   4.4532  -0.7356   4.6522   3.3149   1.3942   0.0167   0.3864   0.2997   0.0007   0.0000  -0.0218  -0.0788    0.323
    12  17.2999   5.1831  -0.7037   4.1429   3.0930   1.2462   0.0039   0.3878   0.3008  -0.0022   0.0000  -0.0225  -0.0796    0.325
    13  17.8026   6.0123  -0.6437   3.7903   3.4706   1.1078  -0.0038   0.3560   0.2923  -0.0032   0.0000  -0.0220  -0.0845    0.325
    14  18.2809   6.9353  -0.5549   3.6075   3.3775   1.0039   0.0003   0.3389   0.2783  -0.0027   0.0000  -0.0223  -0.0817    0.330
    15  18.7672   7.8737  -0.4645   3.4215   3.2389   0.9143   0.0028   0.3254   0.2672  -0.0024   0.0000  -0.0231  -0.0799    0.337
    16  19.2562   8.8172  -0.3736   3.2345   3.0619   0.8338   0.0039   0.3139   0.2578  -0.0023   0.0000  -0.0244  -0.0790    0.345
    17  19.7425   9.7556  -0.2833   3.0486   2.8543   0.7601   0.0040   0.3037   0.2493  -0.0021   0.0000  -0.0263  -0.0788    0.356
    18  20.2208  10.6786  -0.1944   2.8657   2.6239   0.6925   0.0035   0.2943   0.2417  -0.0019   0.0000  -0.0294  -0.0798    0.372
    19  20.6858  11.5760  -0.1080   2.6879   2.3787   0.6313   0.0030   0.2861   0.2349  -0.0012   0.0000  -0.0351  -0.0834    0.399
    20  21.1299  12.4328  -0.0255   2.5181   2.1010   0.5777   0.0032   0.2794   0.2294  -0.0026   0.0000  -0.0526  -0.0977    0.479
    21  21.5482  13.2400   0.0523   2.3582   1.8520   0.5309   0.0044   0.2742   0.2251  -0.0025   0.0000  -0.0549  -0.0988    0.494
    22  21.9390  13.9941   0.1249   2.2087   1.6074   0.4880   0.0062   0.2691   0.2209  -0.0023   0.0000  -0.0551  -0.0981    0.499
    23  22.2979  14.6868   0.1916   2.0715   1.3716   0.4465   0.0087   0.2625   0.2155  -0.0021   0.0000  -0.0541  -0.0959    0.501
    24  22.6211  15.3105   0.2516   1.9479   1.1479   0.4033   0.0118   0.2521   0.2070  -0.0021   0.0000  -0.0515  -0.0918    0.499
    25  22.9051  15.8583   0.3044   1.8393   0.9381   0.3551   0.0151   0.2351   0.1930  -0.0023   0.0000  -0.0469  -0.0845    0.493
    26  23.1466  16.3244   0.3493   1.7470   0.7427   0.2991   0.0183   0.2085   0.1712  -0.0042   0.0000  -0.0395  -0.0731    0.481
    27  23.5299  16.6722   0.3828   1.4928   0.4131   0.2377   0.0208   0.5316   0.1592  -0.0014   0.0000  -0.0190  -0.0275    0.370
    28  23.9809  16.9098   0.4056   1.1466   0.2292   0.1749   0.0236   0.5090   0.1525  -0.0038   0.0000  -0.0086  -0.0219    0.306
    29  24.2843  17.0696   0.4210   0.9138   0.1104   0.1072   0.0255   0.3917   0.1174  -0.0052   0.0000   0.0009  -0.0133    0.242
    30  24.4368  17.1499   0.4287   0.7967   0.0322   0.0362   0.0269   0.1517   0.0454  -0.0034   0.0000   0.0024  -0.0042    0.198

  Surface # 2     main_wing (YDUP)                        
     # Chordwise = 10   # Spanwise = 30     First strip = 31
     Surface area Ssurf =   63.968838     Ave. chord Cave =    3.715026

 Forces referred to Sref, Cref, Bref about Xref, Yref, Zref
 Standard axis orientation,  X fwd, Z down         
     CLsurf  =   0.13626     Clsurf  =   0.02351
     CYsurf  =   0.00979     Cmsurf  =  -0.00401
     CDsurf  =   0.00216     Cnsurf  =  -0.00005
     CDisurf =   0.00216     CDvsurf =   0.00000

 Forces referred to Ssurf, Cave 
     CLsurf  =   0.26665     CDsurf  =   0.00422

 Strip Forces referred to Strip Area, Chord
    j     Xle      Yle      Zle      Chord    Area     c_cl     ai     cl_norm    cl       cd       cdv    cm_c/4     cm_LE   C.P.x/c
    31  13.6181  -0.0114  -0.9295   7.7520   0.3539   2.1328   0.0535   0.3547   0.2751   0.1569   0.0000  -0.0271   0.0781    0.349
    32  13.6830  -0.1025  -0.9255   7.6885   1.0492   2.0185   0.0529   0.3385   0.2625   0.0283   0.0000  -0.0265   0.0751    0.351
    33  13.8120  -0.2837  -0.9176   7.5620   1.7073   2.0056   0.0513   0.3419   0.2652   0.0195   0.0000  -0.0259   0.0751    0.348
    34  14.0037  -0.5530  -0.9059   7.3741   2.3052   1.9917   0.0485   0.3482   0.2701   0.0172   0.0000  -0.0247   0.0752    0.342
    35  14.2560  -0.9075  -0.8904   7.1267   2.8223   1.9667   0.0448   0.3558   0.2760   0.0155   0.0000  -0.0233   0.0752    0.335
    36  14.5662  -1.3432  -0.8714   6.8226   3.2414   1.9248   0.0420   0.3637   0.2821   0.0135   0.0000  -0.0220   0.0754    0.328
    37  14.9309  -1.8554  -0.8490   6.4651   3.5491   1.8615   0.0440   0.3712   0.2879   0.0112   0.0000  -0.0211   0.0758    0.323
    38  15.3460  -2.4386  -0.8236   6.0582   3.7368   1.7737   0.0447   0.3775   0.2928   0.0086   0.0000  -0.0206   0.0765    0.320
    39  15.8070  -3.0862  -0.7953   5.6062   3.8005   1.6608   0.0362   0.3819   0.2962   0.0056   0.0000  -0.0208   0.0773    0.320
    40  16.2877  -3.7613  -0.7658   5.1351   3.4440   1.5321   0.0261   0.3847   0.2984   0.0029   0.0000  -0.0212   0.0781    0.321
    41  16.7803  -4.4532  -0.7356   4.6522   3.3149   1.3942   0.0167   0.3864   0.2997   0.0007   0.0000  -0.0218   0.0788    0.323
    42  17.2999  -5.1831  -0.7037   4.1429   3.0930   1.2462   0.0039   0.3878   0.3008  -0.0022   0.0000  -0.0225   0.0796    0.325
    43  17.8026  -6.0123  -0.6437   3.7903   3.4706   1.1078  -0.0038   0.3560   0.2923  -0.0032   0.0000  -0.0220   0.0845    0.325
    44  18.2809  -6.9353  -0.5549   3.6075   3.3775   1.0039   0.0003   0.3389   0.2783  -0.0027   0.0000  -0.0223   0.0817    0.330
    45  18.7672  -7.8737  -0.4645   3.4215   3.2389   0.9143   0.0028   0.3254   0.2672  -0.0024   0.0000  -0.0231   0.0799    0.337
    46  19.2562  -8.8172  -0.3736   3.2345   3.0619   0.8338   0.0039   0.3139   0.2578  -0.0023   0.0000  -0.0244   0.0790    0.345
    47  19.7425  -9.7556  -0.2833   3.0486   2.8543   0.7601   0.0040   0.3037   0.2493  -0.0021   0.0000  -0.0263   0.0788    0.356
    48  20.2208 -10.6786  -0.1944   2.8657   2.6239   0.6925   0.0035   0.2943   0.2417  -0.0019   0.0000  -0.0294   0.0798    0.372
    49  20.6858 -11.5760  -0.1080   2.6879   2.3787   0.6313   0.0030   0.2861   0.2349  -0.0012   0.0000  -0.0351   0.0834    0.399
    50  21.1299 -12.4328  -0.0255   2.5181   2.1010   0.5777   0.0032   0.2794   0.2294  -0.0026   0.0000  -0.0526   0.0977    0.479
    51  21.5482 -13.2400   0.0523   2.3582   1.8520   0.5309   0.0044   0.2742   0.2251  -0.0025   0.0000  -0.0549   0.0988    0.494
    52  21.9390 -13.9941   0.1249   2.2087   1.6074   0.4880   0.0062   0.2691   0.2209  -0.0023   0.0000  -0.0551   0.0981    0.499
    53  22.2979 -14.6868   0.1916   2.0715   1.3716   0.4465   0.0087   0.2625   0.2155  -0.0021   0.0000  -0.0541   0.0959    0.501
    54  22.6211 -15.3105   0.2516   1.9479   1.1479   0.4033   0.0118   0.2521   0.2070  -0.0021   0.0000  -0.0515   0.0918    0.499
    55  22.9051 -15.8583   0.3044   1.8393   0.9381   0.3551   0.0151   0.2351   0.1930  -0.0023   0.0000  -0.0469   0.0845    0.493
    56  23.1466 -16.3244   0.3493   1.7470   0.7427   0.2991   0.0183   0.2085   0.1712  -0.0042   0.0000  -0.0395   0.0731    0.481
    57  23.5299 -16.6722   0.3828   1.4928   0.4131   0.2377   0.0208   0.5316   0.1592  -0.0014   0.0000  -0.0190   0.0275    0.370
    58  23.9809 -16.9098   0.4056   1.1466   0.2292   0.1749   0.0236   0.5090   0.1525  -0.0038   0.0000  -0.0086   0.0219    0.306
    59  24.2843 -17.0696   0.4210   0.9138   0.1104   0.1072   0.0255   0.3917   0.1174  -0.0052   0.0000   0.0009   0.0133    0.242
    60  24.4368 -17.1499   0.4287   0.7967   0.0322   0.0362   0.0269   0.1517   0.0454  -0.0034   0.0000   0.0024   0.0042    0.198

  Surface # 3     horizontal_stabilizer                   
     # Chordwise = 10   # Spanwise = 30     First strip = 61
     Surface area Ssurf =   20.744605     Ave. chord Cave =    2.848571

 Forces referred to Sref, Cref, Bref about Xref, Yref, Zref
 Standard axis orientation,  X fwd, Z down         
     CLsurf  =  -0.02105     Clsurf  =   0.00198
     CYsurf  =   0.00339     Cmsurf  =   0.07855
     CDsurf  =  -0.00031     Cnsurf  =  -0.00169
     CDisurf =  -0.00031     CDvsurf =   0.00000

 Forces referred to Ssurf, Cave 
     CLsurf  =  -0.12836     CDsurf  =  -0.00188

 Strip Forces referred to Strip Area, Chord
    j     Xle      Yle      Zle      Chord    Area     c_cl     ai     cl_norm    cl       cd       cdv    cm_c/4     cm_LE   C.P.x/c
    61  33.0230   0.0046   1.4667   4.2713   0.0803  -0.4341   0.0138  -0.1311  -0.1016   0.0442   0.0000   0.0084   0.0285    0.333
    62  33.0469   0.0418   1.4723   4.2566   0.2392  -0.4999   0.0134  -0.1515  -0.1174   0.0029   0.0000   0.0088   0.0322    0.325
    63  33.0943   0.1156   1.4835   4.2274   0.3930  -0.5051   0.0129  -0.1541  -0.1195  -0.0001   0.0000   0.0085   0.0324    0.321
    64  33.1649   0.2254   1.5002   4.1839   0.5386  -0.5065   0.0124  -0.1561  -0.1211  -0.0007   0.0000   0.0080   0.0323    0.316
    65  33.2578   0.3698   1.5221   4.1268   0.6730  -0.5069   0.0118  -0.1584  -0.1228  -0.0009   0.0000   0.0072   0.0320    0.308
    66  33.3719   0.5474   1.5490   4.0565   0.7936  -0.5065   0.0113  -0.1610  -0.1249  -0.0011   0.0000   0.0062   0.0316    0.300
    67  33.5097   0.7617   1.5816   3.9717   0.9441  -0.5052   0.0108  -0.1641  -0.1272  -0.0014   0.0000   0.0051   0.0312    0.290
    68  33.6704   1.0116   1.6195   3.8728   1.0344  -0.5026   0.0105  -0.1674  -0.1298  -0.0016   0.0000   0.0041   0.0308    0.281
    69  33.8488   1.2891   1.6616   3.7630   1.1046  -0.4982   0.0104  -0.1708  -0.1324  -0.0018   0.0000   0.0030   0.0305    0.273
    70  34.0430   1.5912   1.7075   3.6435   1.1542  -0.4917   0.0105  -0.1741  -0.1349  -0.0020   0.0000   0.0021   0.0302    0.266
    71  34.2510   1.9146   1.7565   3.5155   1.1831  -0.4826   0.0106  -0.1771  -0.1373  -0.0023   0.0000   0.0013   0.0300    0.259
    72  34.4703   2.2558   1.8083   3.3805   1.1921  -0.4706   0.0106  -0.1796  -0.1392  -0.0024   0.0000   0.0005   0.0298    0.254
    73  34.6987   2.6109   1.8622   3.2400   1.1821  -0.4556   0.0102  -0.1814  -0.1406  -0.0026   0.0000  -0.0001   0.0296    0.249
    74  34.9335   2.9762   1.9177   3.0955   1.1548  -0.4377   0.0094  -0.1824  -0.1414  -0.0027   0.0000  -0.0007   0.0293    0.245
    75  35.1723   3.3476   1.9740   2.9485   1.1122  -0.4171   0.0085  -0.1825  -0.1415  -0.0027   0.0000  -0.0011   0.0289    0.242
    76  35.4124   3.7210   2.0307   2.8008   1.0564  -0.3943   0.0076  -0.1816  -0.1408  -0.0028   0.0000  -0.0015   0.0284    0.239
    77  35.6512   4.0924   2.0871   2.6538   0.9900  -0.3696   0.0066  -0.1796  -0.1393  -0.0027   0.0000  -0.0019   0.0277    0.236
    78  35.8861   4.4577   2.1425   2.5093   0.9155  -0.3437   0.0058  -0.1767  -0.1370  -0.0027   0.0000  -0.0023   0.0269    0.233
    79  36.1144   4.8128   2.1964   2.3687   0.8353  -0.3170   0.0050  -0.1726  -0.1338  -0.0026   0.0000  -0.0028   0.0259    0.229
    80  36.3338   5.1540   2.2482   2.2338   0.7518  -0.2900   0.0043  -0.1675  -0.1298  -0.0026   0.0000  -0.0033   0.0246    0.225
    81  36.5417   5.4774   2.2973   2.1058   0.6671  -0.2629   0.0037  -0.1610  -0.1249  -0.0025   0.0000  -0.0039   0.0230    0.218
    82  36.7359   5.7795   2.3431   1.9862   0.5830  -0.2360   0.0031  -0.1533  -0.1188  -0.0023   0.0000  -0.0047   0.0211    0.210
    83  36.9144   6.0570   2.3852   1.8764   0.5012  -0.2094   0.0026  -0.1440  -0.1116  -0.0022   0.0000  -0.0055   0.0189    0.200
    84  37.0750   6.3069   2.4232   1.7776   0.4225  -0.1832   0.0022  -0.1329  -0.1030  -0.0021   0.0000  -0.0064   0.0164    0.188
    85  37.2162   6.5264   2.4565   1.6907   0.3478  -0.1572   0.0018  -0.1199  -0.0930  -0.0020   0.0000  -0.0071   0.0137    0.174
    86  37.3480   6.7314   2.4876   1.6096   0.3326  -0.1302   0.0015  -0.1043  -0.0809  -0.0018   0.0000  -0.0075   0.0107    0.157
    87  37.4657   6.9144   2.5154   1.5372   0.2507  -0.1013   0.0012  -0.0850  -0.0659  -0.0016   0.0000  -0.0074   0.0077    0.138
    88  37.5551   7.0535   2.5365   1.4822   0.1746  -0.0723   0.0010  -0.0630  -0.0488  -0.0013   0.0000  -0.0064   0.0049    0.119
    89  37.6153   7.1471   2.5508   1.4451   0.1029  -0.0434   0.0009  -0.0387  -0.0300  -0.0010   0.0000  -0.0044   0.0026    0.104
    90  37.6455   7.1941   2.5579   1.4265   0.0340  -0.0145   0.0008  -0.0131  -0.0101  -0.0006   0.0000  -0.0016   0.0008    0.097

  Surface # 4     horizontal_stabilizer (YDUP)            
     # Chordwise = 10   # Spanwise = 30     First strip = 91
     Surface area Ssurf =   20.744605     Ave. chord Cave =    2.848571

 Forces referred to Sref, Cref, Bref about Xref, Yref, Zref
 Standard axis orientation,  X fwd, Z down         
     CLsurf  =  -0.02105     Clsurf  =  -0.00198
     CYsurf  =  -0.00339     Cmsurf  =   0.07855
     CDsurf  =  -0.00031     Cnsurf  =   0.00169
     CDisurf =  -0.00031     CDvsurf =   0.00000

 Forces referred to Ssurf, Cave 
     CLsurf  =  -0.12836     CDsurf  =  -0.00188

 Strip Forces referred to Strip Area, Chord
    j     Xle      Yle      Zle      Chord    Area     c_cl     ai     cl_norm    cl       cd       cdv    cm_c/4     cm_LE   C.P.x/c
    91  33.0230  -0.0046   1.4667   4.2713   0.0803  -0.4341   0.0138  -0.1311  -0.1016   0.0442   0.0000   0.0084  -0.0285    0.333
    92  33.0469  -0.0418   1.4723   4.2566   0.2392  -0.4999   0.0134  -0.1515  -0.1174   0.0029   0.0000   0.0088  -0.0322    0.325
    93  33.0943  -0.1156   1.4835   4.2274   0.3930  -0.5051   0.0129  -0.1541  -0.1195  -0.0001   0.0000   0.0085  -0.0324    0.321
    94  33.1649  -0.2254   1.5002   4.1839   0.5386  -0.5065   0.0124  -0.1561  -0.1211  -0.0007   0.0000   0.0080  -0.0323    0.316
    95  33.2578  -0.3698   1.5221   4.1268   0.6730  -0.5069   0.0118  -0.1584  -0.1228  -0.0009   0.0000   0.0072  -0.0320    0.308
    96  33.3719  -0.5474   1.5490   4.0565   0.7936  -0.5065   0.0113  -0.1610  -0.1249  -0.0011   0.0000   0.0062  -0.0316    0.300
    97  33.5097  -0.7617   1.5816   3.9717   0.9441  -0.5052   0.0108  -0.1641  -0.1272  -0.0014   0.0000   0.0051  -0.0312    0.290
    98  33.6704  -1.0116   1.6195   3.8728   1.0344  -0.5026   0.0105  -0.1674  -0.1298  -0.0016   0.0000   0.0041  -0.0308    0.281
    99  33.8488  -1.2891   1.6616   3.7630   1.1046  -0.4982   0.0104  -0.1708  -0.1324  -0.0018   0.0000   0.0030  -0.0305    0.273
   100  34.0430  -1.5912   1.7075   3.6435   1.1542  -0.4917   0.0105  -0.1741  -0.1349  -0.0020   0.0000   0.0021  -0.0302    0.266
   101  34.2510  -1.9146   1.7565   3.5155   1.1831  -0.4826   0.0106  -0.1771  -0.1373  -0.0023   0.0000   0.0013  -0.0300    0.259
   102  34.4703  -2.2558   1.8083   3.3805   1.1921  -0.4706   0.0106  -0.1796  -0.1392  -0.0024   0.0000   0.0005  -0.0298    0.254
   103  34.6987  -2.6109   1.8622   3.2400   1.1821  -0.4556   0.0102  -0.1814  -0.1406  -0.0026   0.0000  -0.0001  -0.0296    0.249
   104  34.9335  -2.9762   1.9177   3.0955   1.1548  -0.4377   0.0094  -0.1824  -0.1414  -0.0027   0.0000  -0.0007  -0.0293    0.245
   105  35.1723  -3.3476   1.9740   2.9485   1.1122  -0.4171   0.0085  -0.1825  -0.1415  -0.0027   0.0000  -0.0011  -0.0289    0.242
   106  35.4124  -3.7210   2.0307   2.8008   1.0564  -0.3943   0.0076  -0.1816  -0.1408  -0.0028   0.0000  -0.0015  -0.0284    0.239
   107  35.6512  -4.0924   2.0871   2.6538   0.9900  -0.3696   0.0066  -0.1796  -0.1393  -0.0027   0.0000  -0.0019  -0.0277    0.236
   108  35.8861  -4.4577   2.1425   2.5093   0.9155  -0.3437   0.0058  -0.1767  -0.1370  -0.0027   0.0000  -0.0023  -0.0269    0.233
   109  36.1144  -4.8128   2.1964   2.3687   0.8353  -0.3170   0.0050  -0.1726  -0.1338  -0.0026   0.0000  -0.0028  -0.0259    0.229
   110  36.3338  -5.1540   2.2482   2.2338   0.7518  -0.2900   0.0043  -0.1675  -0.1298  -0.0026   0.0000  -0.0033  -0.0246    0.225
   111  36.5417  -5.4774   2.2973   2.1058   0.6671  -0.2629   0.0037  -0.1610  -0.1249  -0.0025   0.0000  -0.0039  -0.0230    0.218
   112  36.7359  -5.7795   2.3431   1.9862   0.5830  -0.2360   0.0031  -0.1533  -0.1188  -0.0023   0.0000  -0.0047  -0.0211    0.210
   113  36.9144  -6.0570   2.3852   1.8764   0.5012  -0.2094   0.0026  -0.1440  -0.1116  -0.0022   0.0000  -0.0055  -0.0189    0.200
   114  37.0750  -6.3069   2.4232   1.7776   0.4225  -0.1832   0.0022  -0.1329  -0.1030  -0.0021   0.0000  -0.0064  -0.0164    0.188
   115  37.2162  -6.5264   2.4565   1.6907   0.3478  -0.1572   0.0018  -0.1199  -0.0930  -0.0020   0.0000  -0.0071  -0.0137    0.174
   116  37.3480  -6.7314   2.4876   1.6096   0.3326  -0.1302   0.0015  -0.1043  -0.0809  -0.0018   0.0000  -0.0075  -0.0107    0.157
   117  37.4657  -6.9144   2.5154   1.5372   0.2507  -0.1013   0.0012  -0.0850  -0.0659  -0.0016   0.0000  -0.0074  -0.0077    0.138
   118  37.5551  -7.0535   2.5365   1.4822   0.1746  -0.0723   0.0010  -0.0630  -0.0488  -0.0013   0.0000  -0.0064  -0.0049    0.119
   119  37.6153  -7.1471   2.5508   1.4451   0.1029  -0.0434   0.0009  -0.0387  -0.0300  -0.0010   0.0000  -0.0044  -0.0026    0.104
   120  37.6455  -7.1941   2.5579   1.4265   0.0340  -0.0145   0.0008  -0.0131  -0.0101  -0.0006   0.0000  -0.0016  -0.0008    0.097

  Surface # 5     vertical_stabilizer                     
     # Chordwise = 10   # Spanwise = 30     First strip =121
     Surface area Ssurf =   34.910363     Ave. chord Cave =    4.190920

 Forces referred to Sref, Cref, Bref about Xref, Yref, Zref
 Standard axis orientation,  X fwd, Z down         
     CLsurf  =  -0.00000     Clsurf  =  -0.00000
     CYsurf  =  -0.00000     Cmsurf  =   0.00000
     CDsurf  =   0.00000     Cnsurf  =   0.00000
     CDisurf =   0.00000     CDvsurf =   0.00000

 Forces referred to Ssurf, Cave 
     CLsurf  =   0.00000     CDsurf  =   0.00000

 Strip Forces referred to Strip Area, Chord
    j     Xle      Yle      Zle      Chord    Area     c_cl     ai     cl_norm    cl       cd       cdv    cm_c/4     cm_LE   C.P.x/c
   121  27.0137   0.0000   1.5690  10.0347   0.6931   0.0000  -0.0000   0.0000   0.0000   0.0000   0.0000   0.0000   0.0000   -0.842
   122  27.2327   0.0000   1.6601   9.8296   1.1101   0.0000  -0.0000   0.0000   0.0000  -0.0000   0.0000   0.0000   0.0000  999.000
   123  27.5561   0.0000   1.7947   9.5266   1.4857   0.0000   0.0000   0.0000   0.0000   0.0000   0.0000   0.0000   0.0000  999.000
   124  27.9815   0.0000   1.9717   9.1281   1.8040   0.0000  -0.0000   0.0000   0.0000  -0.0000   0.0000   0.0000   0.0000  999.000
   125  28.5051   0.0000   2.1895   8.6377   2.0517  -0.0000  -0.0000  -0.0000  -0.0000   0.0000   0.0000   0.0000   0.0000  999.000
   126  29.1220   0.0000   2.4462   8.0598   2.2181   0.0000  -0.0000   0.0000   0.0000   0.0000   0.0000   0.0000   0.0000   -0.768
   127  29.8264   0.0000   2.7392   7.4000   2.2957   0.0000   0.0000   0.0000   0.0000  -0.0000   0.0000   0.0000   0.0000   -0.004
   128  30.6115   0.0000   3.0659   6.6646   2.2808   0.0000   0.0000   0.0000   0.0000  -0.0000   0.0000  -0.0000  -0.0000    0.391
   129  31.4694   0.0000   3.4228   5.8609   2.1733   0.0000   0.0000   0.0000   0.0000  -0.0000   0.0000  -0.0000  -0.0000    0.296
   130  32.3918   0.0000   3.8066   4.9969   1.9773   0.0000   0.0000   0.0000   0.0000   0.0000   0.0000  -0.0000  -0.0000    0.307
   131  33.0131   0.0000   4.1929   4.4389   1.6667   0.0000  -0.0000   0.0000   0.0000   0.0000   0.0000   0.0000   0.0000   -0.170
   132  33.3001   0.0000   4.5764   4.2198   1.6478   0.0000   0.0000   0.0000   0.0000   0.0000   0.0000   0.0000   0.0000   -0.214
   133  33.5969   0.0000   4.9729   3.9932   1.6033   0.0000   0.0000   0.0000   0.0000  -0.0000   0.0000   0.0000   0.0000   -0.995
   134  33.9004   0.0000   5.3784   3.7615   1.5362   0.0000   0.0000   0.0000   0.0000   0.0000   0.0000   0.0000  -0.0000    0.162
   135  34.2075   0.0000   5.7886   3.5271   1.4499   0.0000   0.0000   0.0000   0.0000   0.0000   0.0000  -0.0000  -0.0000    0.262
   136  34.5150   0.0000   6.1995   3.2923   1.3482   0.0000   0.0000   0.0000   0.0000  -0.0000   0.0000   0.0000  -0.0000    0.045
   137  34.8197   0.0000   6.6066   3.0597   1.2352   0.0000  -0.0000   0.0000   0.0000   0.0000   0.0000   0.0000  -0.0000    0.089
   138  35.1185   0.0000   7.0058   2.8315   1.1147   0.0000   0.0000   0.0000   0.0000  -0.0000   0.0000  -0.0000  -0.0000    0.430
   139  35.4083   0.0000   7.3929   2.6103   0.9908   0.0000   0.0000   0.0000   0.0000  -0.0000   0.0000  -0.0000  -0.0000    0.536
   140  35.6860   0.0000   7.7640   2.3983   0.8670   0.0000   0.0000   0.0000   0.0000  -0.0000   0.0000  -0.0000  -0.0000    0.264
   141  35.9487   0.0000   8.1150   2.1977   0.7464   0.0000  -0.0000   0.0000   0.0000   0.0000   0.0000  -0.0000  -0.0000    0.337
   142  36.1937   0.0000   8.4424   2.0106   0.6318   0.0000   0.0000   0.0000   0.0000   0.0000   0.0000  -0.0000  -0.0000    0.449
   143  36.4185   0.0000   8.7426   1.8390   0.5251   0.0000   0.0000   0.0000   0.0000   0.0000   0.0000  -0.0000  -0.0000    0.367
   144  36.6206   0.0000   9.0127   1.6847   0.4276   0.0000  -0.0000   0.0000   0.0000  -0.0000   0.0000   0.0000   0.0000   -0.639
   145  36.7980   0.0000   9.2496   1.5493   0.3400   0.0000   0.0000   0.0000   0.0000   0.0000   0.0000   0.0000  -0.0000    0.065
   146  36.9487   0.0000   9.4510   1.4342   0.2622   0.0000  -0.0000   0.0000   0.0000   0.0000   0.0000   0.0000   0.0000   -0.525
   147  37.0713   0.0000   9.6148   1.3407   0.1933   0.0000  -0.0000   0.0000   0.0000  -0.0000   0.0000   0.0000   0.0000   -0.250
   148  37.1643   0.0000   9.7391   1.2696   0.1322   0.0000   0.0000   0.0000   0.0000  -0.0000   0.0000   0.0000   0.0000   -0.051
   149  37.2269   0.0000   9.8227   1.2218   0.0769   0.0000   0.0000   0.0000   0.0000   0.0000   0.0000  -0.0000  -0.0000    0.399
   150  37.2584   0.0000   9.8647   1.1978   0.0252   0.0000  -0.0000   0.0000   0.0000  -0.0000   0.0000   0.0000   0.0000   -0.130

  Surface # 6     fuselage_horizontal                     
     # Chordwise = 10   # Spanwise = 10     First strip =151
     Surface area Ssurf =  123.841199     Ave. chord Cave =   33.112620

 Forces referred to Sref, Cref, Bref about Xref, Yref, Zref
 Standard axis orientation,  X fwd, Z down         
     CLsurf  =  -0.00517     Clsurf  =   0.00000
     CYsurf  =  -0.00000     Cmsurf  =  -0.01068
     CDsurf  =   0.00004     Cnsurf  =   0.00000
     CDisurf =   0.00004     CDvsurf =   0.00000

 Forces referred to Ssurf, Cave 
     CLsurf  =  -0.00522     CDsurf  =   0.00004

 Strip Forces referred to Strip Area, Chord
    j     Xle      Yle      Zle      Chord    Area     c_cl     ai     cl_norm    cl       cd       cdv    cm_c/4     cm_LE   C.P.x/c
   151   5.0231  -1.6830   0.0000  26.5957   9.9468  -0.1437  -0.0078  -0.0681  -0.0054  -0.0002   0.0000   0.0007   0.0003    0.374
   152   2.9203  -1.3090   0.0000  31.2096  11.6724  -0.1856  -0.0032  -0.0232  -0.0059  -0.0000   0.0000   0.0005   0.0005    0.332
   153   1.6676  -0.9350   0.0000  34.0626  12.7394  -0.1831   0.0181  -0.0131  -0.0054   0.0001   0.0000  -0.0001   0.0004    0.229
   154   0.7666  -0.5610   0.0000  36.1620  13.5246  -0.1772   0.0279  -0.0082  -0.0049   0.0001   0.0000  -0.0005   0.0003    0.158
   155   0.1963  -0.1870   0.0000  37.5333  14.0374  -0.1742   0.0316  -0.0054  -0.0046   0.0001   0.0000  -0.0006   0.0004    0.123
   156   0.1963   0.1870   0.0000  37.5333  14.0374  -0.1742   0.0316  -0.0054  -0.0046   0.0001   0.0000  -0.0006   0.0004    0.123
   157   0.7666   0.5610   0.0000  36.1620  13.5246  -0.1772   0.0279  -0.0082  -0.0049   0.0001   0.0000  -0.0005   0.0003    0.158
   158   1.6676   0.9350   0.0000  34.0626  12.7394  -0.1831   0.0181  -0.0131  -0.0054   0.0001   0.0000  -0.0001   0.0004    0.229
   159   2.9202   1.3090   0.0000  31.2096  11.6724  -0.1856  -0.0032  -0.0232  -0.0059  -0.0000   0.0000   0.0005   0.0005    0.332
   160   5.0231   1.6830   0.0000  26.5957   9.9468  -0.1437  -0.0078  -0.0681  -0.0054  -0.0002   0.0000   0.0007   0.0003    0.374

  Surface # 7     fuselage_vertical                       
     # Chordwise = 10   # Spanwise = 10     First strip =161
     Surface area Ssurf =  123.841199     Ave. chord Cave =   33.112620

 Forces referred to Sref, Cref, Bref about Xref, Yref, Zref
 Standard axis orientation,  X fwd, Z down         
     CLsurf  =   0.00000     Clsurf  =  -0.00000
     CYsurf  =  -0.00000     Cmsurf  =  -0.00000
     CDsurf  =   0.00000     Cnsurf  =  -0.00000
     CDisurf =   0.00000     CDvsurf =   0.00000

 Forces referred to Ssurf, Cave 
     CLsurf  =   0.00000     CDsurf  =   0.00000

 Strip Forces referred to Strip Area, Chord
    j     Xle      Yle      Zle      Chord    Area     c_cl     ai     cl_norm    cl       cd       cdv    cm_c/4     cm_LE   C.P.x/c
   161   5.0231   0.0000  -1.6830  26.5957   9.9468   0.0000   0.0000   0.0000   0.0000   0.0000   0.0000  -0.0000  -0.0000    1.361
   162   2.9203   0.0000  -1.3090  31.2096  11.6724   0.0000   0.0000   0.0000   0.0000  -0.0000   0.0000  -0.0000  -0.0000    0.405
   163   1.6676   0.0000  -0.9350  34.0626  12.7394   0.0000   0.0000   0.0000   0.0000   0.0000   0.0000  -0.0000  -0.0000    0.371
   164   0.7666   0.0000  -0.5610  36.1620  13.5246   0.0000  -0.0000   0.0000   0.0000   0.0000   0.0000  -0.0000  -0.0000    0.450
   165   0.1963   0.0000  -0.1870  37.5333  14.0374   0.0000  -0.0000   0.0000   0.0000  -0.0000   0.0000  -0.0000  -0.0000    0.537
   166   0.1963   0.0000   0.1870  37.5333  14.0374   0.0000  -0.0000   0.0000   0.0000  -0.0000   0.0000  -0.0000  -0.0000    0.578
   167   0.7666   0.0000   0.5610  36.1620  13.5246   0.0000  -0.0000   0.0000   0.0000  -0.0000   0.0000  -0.0000  -0.0000    0.504
   168   1.6676   0.0000   0.9350  34.0626  12.7394   0.0000  -0.0000   0.0000   0.0000   0.0000   0.0000  -0.0000  -0.0000    0.428
   169   2.9202   0.0000   1.3090  31.2096  11.6724   0.0000  -0.0000   0.0000   0.0000   0.0000   0.0000  -0.0000  -0.0000    0.436
   170   5.0231   0.0000   1.6830  26.5957   9.9468   0.0000  -0.0000   0.0000   0.0000   0.0000   0.0000  -0.0000  -0.0000    0.512
 ---------------------------------------------------------------
