 ---------------------------------------------------------------
 Surface and Strip Forces by surface

  Sref =  124.86       Cref =  4.4875       Bref =  34.320    
  Xref =  18.914       Yref =  0.0000       Zref =-0.17619    

  Surface # 1     main_wing                               
     # Chordwise = 10   # Spanwise = 30     First strip =  1
     Surface area Ssurf =   63.968838     Ave. chord Cave =    3.715026

 Forces referred to Sref, Cref, Bref about Xref, Yref, Zref
 Standard axis orientation,  X fwd, Z down         
     CLsurf  =   0.49796     Clsurf  =  -0.09721
     CYsurf  =  -0.02257     Cmsurf  =  -0.02184
     CDsurf  =   0.02113     Cnsurf  =  -0.01759
     CDisurf =   0.02113     CDvsurf =   0.00000

 Forces referred to Ssurf, Cave 
     CLsurf  =   0.97271     CDsurf  =   0.04124

 Strip Forces referred to Strip Area, Chord
    j     Xle      Yle      Zle      Chord    Area     c_cl     ai     cl_norm    cl       cd       cdv    cm_c/4     cm_LE   C.P.x/c
     1  13.6181   0.0114  -0.9295   7.7520   0.3539   6.3396   0.2268   0.8554   0.6639   0.9414   0.0000  -0.0429  -0.2038    0.315
     2  13.6830   0.1025  -0.9255   7.6885   1.0492   5.6948   0.2265   0.9269   0.7194   0.1851   0.0000  -0.0431  -0.1883    0.310
     3  13.8120   0.2837  -0.9176   7.5620   1.7073   5.6413   0.2252   0.9446   0.7331   0.1380   0.0000  -0.0402  -0.1870    0.305
     4  14.0037   0.5530  -0.9059   7.3741   2.3052   5.6130   0.2220   0.9679   0.7512   0.1226   0.0000  -0.0356  -0.1864    0.297
     5  14.2560   0.9075  -0.8904   7.1267   2.8223   5.5732   0.2149   0.9981   0.7746   0.1100   0.0000  -0.0306  -0.1867    0.290
     6  14.5662   1.3432  -0.8714   6.8226   3.2414   5.5090   0.1977   1.0342   0.8027   0.0976   0.0000  -0.0260  -0.1883    0.282
     7  14.9309   1.8554  -0.8490   6.4651   3.5491   5.4118   0.1608   1.0758   0.8349   0.0852   0.0000  -0.0223  -0.1914    0.277
     8  15.3460   2.4386  -0.8236   6.0582   3.7368   5.2751   0.1247   1.1228   0.8714   0.0722   0.0000  -0.0197  -0.1962    0.273
     9  15.8070   3.0862  -0.7953   5.6062   3.8005   5.0951   0.1092   1.1758   0.9126   0.0580   0.0000  -0.0183  -0.2030    0.270
    10  16.2877   3.7613  -0.7658   5.1351   3.4440   4.8818   0.0969   1.2338   0.9576   0.0441   0.0000  -0.0178  -0.2113    0.269
    11  16.7803   4.4532  -0.7356   4.6522   3.3149   4.6445   0.0812   1.2994   1.0084   0.0302   0.0000  -0.0175  -0.2209    0.267
    12  17.2999   5.1831  -0.7037   4.1429   3.0930   4.3846   0.0563   1.3826   1.0730   0.0095   0.0000  -0.0165  -0.2325    0.265
    13  17.8026   6.0123  -0.6437   3.7903   3.4706   4.1029   0.0388   1.3506   1.0990   0.0014   0.0000  -0.0091  -0.2548    0.258
    14  18.2809   6.9353  -0.5549   3.6075   3.3775   3.8841   0.0353   1.3431   1.0929   0.0027   0.0000  -0.0094  -0.2537    0.259
    15  18.7672   7.8737  -0.4645   3.4215   3.2389   3.6805   0.0293   1.3421   1.0920   0.0018   0.0000  -0.0099  -0.2540    0.259
    16  19.2562   8.8172  -0.3736   3.2345   3.0619   3.4830   0.0253   1.3438   1.0934   0.0003   0.0000  -0.0106  -0.2548    0.260
    17  19.7425   9.7556  -0.2833   3.0486   2.8543   3.2879   0.0239   1.3462   1.0954  -0.0012   0.0000  -0.0114  -0.2559    0.260
    18  20.2208  10.6786  -0.1944   2.8657   2.6239   3.0936   0.0242   1.3478   1.0967  -0.0025   0.0000  -0.0126  -0.2572    0.261
    19  20.6858  11.5760  -0.1080   2.6879   2.3787   2.9003   0.0254   1.3470   1.0961  -0.0019   0.0000  -0.0151  -0.2593    0.264
    20  21.1299  12.4328  -0.0255   2.5181   2.1010   2.7111   0.0280   1.3462   1.0954  -0.0118   0.0000  -0.0275  -0.2697    0.275
    21  21.5482  13.2400   0.0523   2.3582   1.8520   2.5262   0.0328   1.3388   1.0894  -0.0086   0.0000  -0.0279  -0.2688    0.276
    22  21.9390  13.9941   0.1249   2.2087   1.6074   2.3413   0.0400   1.3246   1.0778  -0.0078   0.0000  -0.0266  -0.2651    0.275
    23  22.2979  14.6868   0.1916   2.0715   1.3716   2.1507   0.0500   1.2972   1.0555  -0.0070   0.0000  -0.0239  -0.2578    0.273
    24  22.6211  15.3105   0.2516   1.9479   1.1479   1.9457   0.0629   1.2478   1.0153  -0.0056   0.0000  -0.0196  -0.2450    0.269
    25  22.9051  15.8583   0.3044   1.8393   0.9381   1.7148   0.0777   1.1641   0.9472  -0.0025   0.0000  -0.0146  -0.2255    0.265
    26  23.1466  16.3244   0.3493   1.7470   0.7427   1.4477   0.0928   1.0327   0.8403   0.0070   0.0000  -0.0146  -0.2018    0.267
    27  23.5299  16.6722   0.3828   1.4928   0.4131   1.1541   0.1076   2.5870   0.7906  -0.0296   0.0000  -0.0069  -0.1023    0.259
    28  23.9809  16.9098   0.4056   1.1466   0.2292   0.8545   0.1268   2.5258   0.7719  -0.0828   0.0000   0.0241  -0.0848    0.219
    29  24.2843  17.0696   0.4210   0.9138   0.1104   0.5274   0.1419   1.9905   0.6083  -0.1220   0.0000   0.0521  -0.0506    0.164
    30  24.4368  17.1499   0.4287   0.7967   0.0322   0.1785   0.1502   0.8002   0.2445  -0.0936   0.0000   0.0330  -0.0139    0.115

  Surface # 2     main_wing (YDUP)                        
     # Chordwise = 10   # Spanwise = 30     First strip = 31
     Surface area Ssurf =   63.968838     Ave. chord Cave =    3.715026

 Forces referred to Sref, Cref, Bref about Xref, Yref, Zref
 Standard axis orientation,  X fwd, Z down         
     CLsurf  =   0.49796     Clsurf  =   0.09721
     CYsurf  =   0.02257     Cmsurf  =  -0.02184
     CDsurf  =   0.02113     Cnsurf  =   0.01759
     CDisurf =   0.02113     CDvsurf =   0.00000

 Forces referred to Ssurf, Cave 
     CLsurf  =   0.97271     CDsurf  =   0.04124

 Strip Forces referred to Strip Area, Chord
    j     Xle      Yle      Zle      Chord    Area     c_cl     ai     cl_norm    cl       cd       cdv    cm_c/4     cm_LE   C.P.x/c
    31  13.6181  -0.0114  -0.9295   7.7520   0.3539   6.3396   0.2268   0.8554   0.6639   0.9414   0.0000  -0.0429   0.2038    0.315
    32  13.6830  -0.1025  -0.9255   7.6885   1.0492   5.6948   0.2265   0.9269   0.7194   0.1851   0.0000  -0.0431   0.1883    0.310
    33  13.8120  -0.2837  -0.9176   7.5620   1.7073   5.6413   0.2252   0.9446   0.7331   0.1380   0.0000  -0.0402   0.1870    0.305
    34  14.0037  -0.5530  -0.9059   7.3741   2.3052   5.6130   0.2220   0.9679   0.7512   0.1226   0.0000  -0.0356   0.1864    0.297
    35  14.2560  -0.9075  -0.8904   7.1267   2.8223   5.5732   0.2149   0.9981   0.7746   0.1100   0.0000  -0.0306   0.1867    0.290
    36  14.5662  -1.3432  -0.8714   6.8226   3.2414   5.5090   0.1977   1.0342   0.8027   0.0976   0.0000  -0.0260   0.1883    0.282
    37  14.9309  -1.8554  -0.8490   6.4651   3.5491   5.4118   0.1608   1.0758   0.8349   0.0852   0.0000  -0.0223   0.1914    0.277
    38  15.3460  -2.4386  -0.8236   6.0582   3.7368   5.2751   0.1247   1.1228   0.8714   0.0722   0.0000  -0.0197   0.1962    0.273
    39  15.8070  -3.0862  -0.7953   5.6062   3.8005   5.0951   0.1092   1.1758   0.9126   0.0580   0.0000  -0.0183   0.2030    0.270
    40  16.2877  -3.7613  -0.7658   5.1351   3.4440   4.8818   0.0969   1.2338   0.9576   0.0441   0.0000  -0.0178   0.2113    0.269
    41  16.7803  -4.4532  -0.7356   4.6522   3.3149   4.6445   0.0812   1.2994   1.0084   0.0302   0.0000  -0.0175   0.2209    0.267
    42  17.2999  -5.1831  -0.7037   4.1429   3.0930   4.3846   0.0563   1.3826   1.0730   0.0095   0.0000  -0.0165   0.2325    0.265
    43  17.8026  -6.0123  -0.6437   3.7903   3.4706   4.1029   0.0388   1.3506   1.0990   0.0014   0.0000  -0.0091   0.2548    0.258
    44  18.2809  -6.9353  -0.5549   3.6075   3.3775   3.8841   0.0353   1.3431   1.0929   0.0027   0.0000  -0.0094   0.2537    0.259
    45  18.7672  -7.8737  -0.4645   3.4215   3.2389   3.6805   0.0293   1.3421   1.0920   0.0018   0.0000  -0.0099   0.2540    0.259
    46  19.2562  -8.8172  -0.3736   3.2345   3.0619   3.4830   0.0253   1.3438   1.0934   0.0003   0.0000  -0.0106   0.2548    0.260
    47  19.7425  -9.7556  -0.2833   3.0486   2.8543   3.2879   0.0239   1.3462   1.0954  -0.0012   0.0000  -0.0114   0.2559    0.260
    48  20.2208 -10.6786  -0.1944   2.8657   2.6239   3.0936   0.0242   1.3478   1.0967  -0.0025   0.0000  -0.0126   0.2572    0.261
    49  20.6858 -11.5760  -0.1080   2.6879   2.3787   2.9003   0.0254   1.3470   1.0961  -0.0019   0.0000  -0.0151   0.2593    0.264
    50  21.1299 -12.4328  -0.0255   2.5181   2.1010   2.7111   0.0280   1.3462   1.0954  -0.0118   0.0000  -0.0275   0.2697    0.275
    51  21.5482 -13.2400   0.0523   2.3582   1.8520   2.5262   0.0328   1.3388   1.0894  -0.0086   0.0000  -0.0279   0.2688    0.276
    52  21.9390 -13.9941   0.1249   2.2087   1.6074   2.3413   0.0400   1.3246   1.0778  -0.0078   0.0000  -0.0266   0.2651    0.275
    53  22.2979 -14.6868   0.1916   2.0715   1.3716   2.1507   0.0500   1.2972   1.0555  -0.0070   0.0000  -0.0239   0.2578    0.273
    54  22.6211 -15.3105   0.2516   1.9479   1.1479   1.9457   0.0629   1.2478   1.0153  -0.0056   0.0000  -0.0196   0.2450    0.269
    55  22.9051 -15.8583   0.3044   1.8393   0.9381   1.7148   0.0777   1.1641   0.9472  -0.0025   0.0000  -0.0146   0.2255    0.265
    56  23.1466 -16.3244   0.3493   1.7470   0.7427   1.4477   0.0928   1.0327   0.8403   0.0070   0.0000  -0.0146   0.2018    0.267
    57  23.5299 -16.6722   0.3828   1.4928   0.4131   1.1541   0.1076   2.5870   0.7906  -0.0296   0.0000  -0.0069   0.1023    0.259
    58  23.9809 -16.9098   0.4056   1.1466   0.2292   0.8545   0.1268   2.5258   0.7719  -0.0828   0.0000   0.0241   0.0848    0.219
    59  24.2843 -17.0696   0.4210   0.9138   0.1104   0.5274   0.1419   1.9905   0.6083  -0.1220   0.0000   0.0521   0.0506    0.164
    60  24.4368 -17.1499   0.4287   0.7967   0.0322   0.1785   0.1502   0.8002   0.2445  -0.0936   0.0000   0.0330   0.0139    0.115

  Surface # 3     horizontal_stabilizer                   
     # Chordwise = 10   # Spanwise = 30     First strip = 61
     Surface area Ssurf =   20.744605     Ave. chord Cave =    2.848571

 Forces referred to Sref, Cref, Bref about Xref, Yref, Zref
 Standard axis orientation,  X fwd, Z down         
     CLsurf  =   0.06387     Clsurf  =  -0.00648
     CYsurf  =  -0.01006     Cmsurf  =  -0.24401
     CDsurf  =   0.00652     Cnsurf  =   0.00426
     CDisurf =   0.00652     CDvsurf =   0.00000

 Forces referred to Ssurf, Cave 
     CLsurf  =   0.38914     CDsurf  =   0.03922

 Strip Forces referred to Strip Area, Chord
    j     Xle      Yle      Zle      Chord    Area     c_cl     ai     cl_norm    cl       cd       cdv    cm_c/4     cm_LE   C.P.x/c
    61  33.0230   0.0046   1.4667   4.2713   0.0803   1.6475   0.1684   0.4564   0.3469   0.2528   0.0000  -0.0164  -0.0982    0.297
    62  33.0469   0.0418   1.4723   4.2566   0.2392   1.3511   0.1691   0.4102   0.3118   0.0593   0.0000  -0.0165  -0.0839    0.303
    63  33.0943   0.1156   1.4835   4.2274   0.3930   1.3287   0.1694   0.4090   0.3109   0.0467   0.0000  -0.0155  -0.0824    0.300
    64  33.1649   0.2254   1.5002   4.1839   0.5386   1.3232   0.1688   0.4122   0.3133   0.0440   0.0000  -0.0138  -0.0815    0.294
    65  33.2578   0.3698   1.5221   4.1268   0.6730   1.3205   0.1673   0.4175   0.3173   0.0426   0.0000  -0.0118  -0.0807    0.287
    66  33.3719   0.5474   1.5490   4.0565   0.7936   1.3180   0.1644   0.4243   0.3225   0.0416   0.0000  -0.0097  -0.0800    0.280
    67  33.5097   0.7617   1.5816   3.9717   0.9441   1.3145   0.1599   0.4326   0.3288   0.0408   0.0000  -0.0076  -0.0796    0.273
    68  33.6704   1.0116   1.6195   3.8728   1.0344   1.3094   0.1535   0.4423   0.3362   0.0402   0.0000  -0.0058  -0.0797    0.267
    69  33.8488   1.2891   1.6616   3.7630   1.1046   1.3026   0.1454   0.4531   0.3444   0.0399   0.0000  -0.0042  -0.0802    0.262
    70  34.0430   1.5912   1.7075   3.6435   1.1542   1.2940   0.1362   0.4652   0.3536   0.0397   0.0000  -0.0029  -0.0811    0.258
    71  34.2510   1.9146   1.7565   3.5155   1.1831   1.2834   0.1269   0.4784   0.3636   0.0396   0.0000  -0.0019  -0.0824    0.255
    72  34.4703   2.2558   1.8083   3.3805   1.1921   1.2708   0.1188   0.4929   0.3747   0.0397   0.0000  -0.0010  -0.0841    0.253
    73  34.6987   2.6109   1.8622   3.2400   1.1821   1.2563   0.1124   0.5087   0.3866   0.0398   0.0000  -0.0002  -0.0860    0.251
    74  34.9335   2.9762   1.9177   3.0955   1.1548   1.2394   0.1078   0.5256   0.3995   0.0398   0.0000   0.0005  -0.0882    0.249
    75  35.1723   3.3476   1.9740   2.9485   1.1122   1.2199   0.1046   0.5433   0.4130   0.0399   0.0000   0.0013  -0.0906    0.247
    76  35.4124   3.7210   2.0307   2.8008   1.0564   1.1971   0.1025   0.5617   0.4269   0.0398   0.0000   0.0020  -0.0930    0.245
    77  35.6512   4.0924   2.0871   2.6538   0.9900   1.1705   0.1013   0.5799   0.4408   0.0397   0.0000   0.0029  -0.0953    0.243
    78  35.8861   4.4577   2.1425   2.5093   0.9155   1.1393   0.1010   0.5974   0.4541   0.0393   0.0000   0.0039  -0.0973    0.241
    79  36.1144   4.8128   2.1964   2.3687   0.8353   1.1029   0.1015   0.6129   0.4659   0.0386   0.0000   0.0052  -0.0988    0.239
    80  36.3338   5.1540   2.2482   2.2338   0.7518   1.0603   0.1028   0.6253   0.4753   0.0377   0.0000   0.0068  -0.0995    0.236
    81  36.5417   5.4774   2.2973   2.1058   0.6671   1.0108   0.1051   0.6327   0.4809   0.0364   0.0000   0.0088  -0.0990    0.232
    82  36.7359   5.7795   2.3431   1.9862   0.5830   0.9536   0.1083   0.6332   0.4813   0.0347   0.0000   0.0113  -0.0969    0.226
    83  36.9144   6.0570   2.3852   1.8764   0.5012   0.8878   0.1124   0.6244   0.4746   0.0325   0.0000   0.0145  -0.0927    0.219
    84  37.0750   6.3069   2.4232   1.7776   0.4225   0.8126   0.1170   0.6037   0.4589   0.0296   0.0000   0.0183  -0.0860    0.210
    85  37.2162   6.5264   2.4565   1.6907   0.3478   0.7273   0.1218   0.5686   0.4322   0.0260   0.0000   0.0223  -0.0767    0.198
    86  37.3480   6.7314   2.4876   1.6096   0.3326   0.6269   0.1268   0.5152   0.3916   0.0218   0.0000   0.0261  -0.0646    0.183
    87  37.4657   6.9144   2.5154   1.5372   0.2507   0.5055   0.1315   0.4355   0.3310   0.0162   0.0000   0.0284  -0.0493    0.164
    88  37.5551   7.0535   2.5365   1.4822   0.1746   0.3710   0.1353   0.3320   0.2523   0.0101   0.0000   0.0267  -0.0332    0.144
    89  37.6153   7.1471   2.5508   1.4451   0.1029   0.2267   0.1379   0.2086   0.1585   0.0042   0.0000   0.0196  -0.0185    0.126
    90  37.6455   7.1941   2.5579   1.4265   0.0340   0.0763   0.1394   0.0718   0.0546  -0.0018   0.0000   0.0073  -0.0058    0.117

  Surface # 4     horizontal_stabilizer (YDUP)            
     # Chordwise = 10   # Spanwise = 30     First strip = 91
     Surface area Ssurf =   20.744605     Ave. chord Cave =    2.848571

 Forces referred to Sref, Cref, Bref about Xref, Yref, Zref
 Standard axis orientation,  X fwd, Z down         
     CLsurf  =   0.06387     Clsurf  =   0.00648
     CYsurf  =   0.01006     Cmsurf  =  -0.24401
     CDsurf  =   0.00652     Cnsurf  =  -0.00426
     CDisurf =   0.00652     CDvsurf =   0.00000

 Forces referred to Ssurf, Cave 
     CLsurf  =   0.38914     CDsurf  =   0.03922

 Strip Forces referred to Strip Area, Chord
    j     Xle      Yle      Zle      Chord    Area     c_cl     ai     cl_norm    cl       cd       cdv    cm_c/4     cm_LE   C.P.x/c
    91  33.0230  -0.0046   1.4667   4.2713   0.0803   1.6475   0.1684   0.4564   0.3469   0.2528   0.0000  -0.0164   0.0982    0.297
    92  33.0469  -0.0418   1.4723   4.2566   0.2392   1.3511   0.1691   0.4102   0.3118   0.0593   0.0000  -0.0165   0.0839    0.303
    93  33.0943  -0.1156   1.4835   4.2274   0.3930   1.3287   0.1694   0.4090   0.3109   0.0467   0.0000  -0.0155   0.0824    0.300
    94  33.1649  -0.2254   1.5002   4.1839   0.5386   1.3232   0.1688   0.4122   0.3133   0.0440   0.0000  -0.0138   0.0815    0.294
    95  33.2578  -0.3698   1.5221   4.1268   0.6730   1.3205   0.1673   0.4175   0.3173   0.0426   0.0000  -0.0118   0.0807    0.287
    96  33.3719  -0.5474   1.5490   4.0565   0.7936   1.3180   0.1644   0.4243   0.3225   0.0416   0.0000  -0.0097   0.0800    0.280
    97  33.5097  -0.7617   1.5816   3.9717   0.9441   1.3145   0.1599   0.4326   0.3288   0.0408   0.0000  -0.0076   0.0796    0.273
    98  33.6704  -1.0116   1.6195   3.8728   1.0344   1.3094   0.1535   0.4423   0.3362   0.0402   0.0000  -0.0058   0.0797    0.267
    99  33.8488  -1.2891   1.6616   3.7630   1.1046   1.3026   0.1454   0.4531   0.3444   0.0399   0.0000  -0.0042   0.0802    0.262
   100  34.0430  -1.5912   1.7075   3.6435   1.1542   1.2940   0.1362   0.4652   0.3536   0.0397   0.0000  -0.0029   0.0811    0.258
   101  34.2510  -1.9146   1.7565   3.5155   1.1831   1.2834   0.1269   0.4784   0.3636   0.0396   0.0000  -0.0019   0.0824    0.255
   102  34.4703  -2.2558   1.8083   3.3805   1.1921   1.2708   0.1188   0.4929   0.3747   0.0397   0.0000  -0.0010   0.0841    0.253
   103  34.6987  -2.6109   1.8622   3.2400   1.1821   1.2563   0.1124   0.5087   0.3866   0.0398   0.0000  -0.0002   0.0860    0.251
   104  34.9335  -2.9762   1.9177   3.0955   1.1548   1.2394   0.1078   0.5256   0.3995   0.0398   0.0000   0.0005   0.0882    0.249
   105  35.1723  -3.3476   1.9740   2.9485   1.1122   1.2199   0.1046   0.5433   0.4130   0.0399   0.0000   0.0013   0.0906    0.247
   106  35.4124  -3.7210   2.0307   2.8008   1.0564   1.1971   0.1025   0.5617   0.4269   0.0398   0.0000   0.0020   0.0930    0.245
   107  35.6512  -4.0924   2.0871   2.6538   0.9900   1.1705   0.1013   0.5799   0.4408   0.0397   0.0000   0.0029   0.0953    0.243
   108  35.8861  -4.4577   2.1425   2.5093   0.9155   1.1393   0.1010   0.5974   0.4541   0.0393   0.0000   0.0039   0.0973    0.241
   109  36.1144  -4.8128   2.1964   2.3687   0.8353   1.1029   0.1015   0.6129   0.4659   0.0386   0.0000   0.0052   0.0988    0.239
   110  36.3338  -5.1540   2.2482   2.2338   0.7518   1.0603   0.1028   0.6253   0.4753   0.0377   0.0000   0.0068   0.0995    0.236
   111  36.5417  -5.4774   2.2973   2.1058   0.6671   1.0108   0.1051   0.6327   0.4809   0.0364   0.0000   0.0088   0.0990    0.232
   112  36.7359  -5.7795   2.3431   1.9862   0.5830   0.9536   0.1083   0.6332   0.4813   0.0347   0.0000   0.0113   0.0969    0.226
   113  36.9144  -6.0570   2.3852   1.8764   0.5012   0.8878   0.1124   0.6244   0.4746   0.0325   0.0000   0.0145   0.0927    0.219
   114  37.0750  -6.3069   2.4232   1.7776   0.4225   0.8126   0.1170   0.6037   0.4589   0.0296   0.0000   0.0183   0.0860    0.210
   115  37.2162  -6.5264   2.4565   1.6907   0.3478   0.7273   0.1218   0.5686   0.4322   0.0260   0.0000   0.0223   0.0767    0.198
   116  37.3480  -6.7314   2.4876   1.6096   0.3326   0.6269   0.1268   0.5152   0.3916   0.0218   0.0000   0.0261   0.0646    0.183
   117  37.4657  -6.9144   2.5154   1.5372   0.2507   0.5055   0.1315   0.4355   0.3310   0.0162   0.0000   0.0284   0.0493    0.164
   118  37.5551  -7.0535   2.5365   1.4822   0.1746   0.3710   0.1353   0.3320   0.2523   0.0101   0.0000   0.0267   0.0332    0.144
   119  37.6153  -7.1471   2.5508   1.4451   0.1029   0.2267   0.1379   0.2086   0.1585   0.0042   0.0000   0.0196   0.0185    0.126
   120  37.6455  -7.1941   2.5579   1.4265   0.0340   0.0763   0.1394   0.0718   0.0546  -0.0018   0.0000   0.0073   0.0058    0.117

  Surface # 5     vertical_stabilizer                     
     # Chordwise = 10   # Spanwise = 30     First strip =121
     Surface area Ssurf =   34.910363     Ave. chord Cave =    4.190920

 Forces referred to Sref, Cref, Bref about Xref, Yref, Zref
 Standard axis orientation,  X fwd, Z down         
     CLsurf  =   0.00000     Clsurf  =   0.00000
     CYsurf  =   0.00000     Cmsurf  =  -0.00000
     CDsurf  =  -0.00000     Cnsurf  =  -0.00000
     CDisurf =  -0.00000     CDvsurf =   0.00000

 Forces referred to Ssurf, Cave 
     CLsurf  =  -0.00000     CDsurf  =  -0.00000

 Strip Forces referred to Strip Area, Chord
    j     Xle      Yle      Zle      Chord    Area     c_cl     ai     cl_norm    cl       cd       cdv    cm_c/4     cm_LE   C.P.x/c
   121  27.0137   0.0000   1.5690  10.0347   0.6931  -0.0000   0.0000  -0.0000  -0.0000   0.0000   0.0000  -0.0000   0.0000   -0.055
   122  27.2327   0.0000   1.6601   9.8296   1.1101  -0.0000   0.0000  -0.0000  -0.0000   0.0000   0.0000  -0.0000   0.0000    0.240
   123  27.5561   0.0000   1.7947   9.5266   1.4857  -0.0000  -0.0000  -0.0000  -0.0000   0.0000   0.0000   0.0000   0.0000    0.556
   124  27.9815   0.0000   1.9717   9.1281   1.8040  -0.0000  -0.0000  -0.0000  -0.0000   0.0000   0.0000   0.0000   0.0000    0.501
   125  28.5051   0.0000   2.1895   8.6377   2.0517  -0.0000  -0.0000  -0.0000  -0.0000  -0.0000   0.0000  -0.0000   0.0000    0.013
   126  29.1220   0.0000   2.4462   8.0598   2.2181  -0.0000  -0.0000  -0.0000  -0.0000  -0.0000   0.0000  -0.0000   0.0000    0.164
   127  29.8264   0.0000   2.7392   7.4000   2.2957   0.0000   0.0000   0.0000   0.0000  -0.0000   0.0000  -0.0000  -0.0000  999.000
   128  30.6115   0.0000   3.0659   6.6646   2.2808   0.0000  -0.0000   0.0000   0.0000  -0.0000   0.0000  -0.0000  -0.0000  999.000
   129  31.4694   0.0000   3.4228   5.8609   2.1733   0.0000   0.0000   0.0000   0.0000  -0.0000   0.0000  -0.0000  -0.0000    1.292
   130  32.3918   0.0000   3.8066   4.9969   1.9773   0.0000   0.0000   0.0000   0.0000  -0.0000   0.0000  -0.0000  -0.0000    1.640
   131  33.0131   0.0000   4.1929   4.4389   1.6667   0.0000   0.0000   0.0000   0.0000  -0.0000   0.0000  -0.0000  -0.0000    1.785
   132  33.3001   0.0000   4.5764   4.2198   1.6478  -0.0000   0.0000  -0.0000  -0.0000   0.0000   0.0000  -0.0000  -0.0000   -0.498
   133  33.5969   0.0000   4.9729   3.9932   1.6033  -0.0000   0.0000  -0.0000  -0.0000   0.0000   0.0000  -0.0000   0.0000   -0.097
   134  33.9004   0.0000   5.3784   3.7615   1.5362  -0.0000   0.0000  -0.0000  -0.0000  -0.0000   0.0000  -0.0000  -0.0000   -0.195
   135  34.2075   0.0000   5.7886   3.5271   1.4499   0.0000   0.0000   0.0000   0.0000   0.0000   0.0000  -0.0000  -0.0000    1.541
   136  34.5150   0.0000   6.1995   3.2923   1.3482  -0.0000   0.0000  -0.0000  -0.0000   0.0000   0.0000  -0.0000  -0.0000  999.000
   137  34.8197   0.0000   6.6066   3.0597   1.2352  -0.0000   0.0000  -0.0000  -0.0000  -0.0000   0.0000  -0.0000   0.0000    0.248
   138  35.1185   0.0000   7.0058   2.8315   1.1147  -0.0000   0.0000  -0.0000  -0.0000   0.0000   0.0000  -0.0000   0.0000    0.107
   139  35.4083   0.0000   7.3929   2.6103   0.9908  -0.0000   0.0000  -0.0000  -0.0000   0.0000   0.0000   0.0000   0.0000    0.287
   140  35.6860   0.0000   7.7640   2.3983   0.8670  -0.0000   0.0000  -0.0000  -0.0000   0.0000   0.0000  -0.0000  -0.0000  999.000
   141  35.9487   0.0000   8.1150   2.1977   0.7464  -0.0000  -0.0000  -0.0000  -0.0000   0.0000   0.0000  -0.0000  -0.0000   -0.596
   142  36.1937   0.0000   8.4424   2.0106   0.6318  -0.0000   0.0000  -0.0000  -0.0000  -0.0000   0.0000  -0.0000  -0.0000   -0.325
   143  36.4185   0.0000   8.7426   1.8390   0.5251  -0.0000   0.0000  -0.0000  -0.0000  -0.0000   0.0000   0.0000   0.0000    0.437
   144  36.6206   0.0000   9.0127   1.6847   0.4276  -0.0000  -0.0000  -0.0000  -0.0000   0.0000   0.0000   0.0000   0.0000    0.433
   145  36.7980   0.0000   9.2496   1.5493   0.3400  -0.0000   0.0000  -0.0000  -0.0000  -0.0000   0.0000  -0.0000   0.0000    0.200
   146  36.9487   0.0000   9.4510   1.4342   0.2622  -0.0000  -0.0000  -0.0000  -0.0000   0.0000   0.0000   0.0000   0.0000    0.333
   147  37.0713   0.0000   9.6148   1.3407   0.1933  -0.0000  -0.0000  -0.0000  -0.0000  -0.0000   0.0000   0.0000   0.0000    0.676
   148  37.1643   0.0000   9.7391   1.2696   0.1322  -0.0000   0.0000  -0.0000  -0.0000  -0.0000   0.0000   0.0000   0.0000    0.669
   149  37.2269   0.0000   9.8227   1.2218   0.0769  -0.0000   0.0000  -0.0000  -0.0000   0.0000   0.0000   0.0000   0.0000    0.543
   150  37.2584   0.0000   9.8647   1.1978   0.0252  -0.0000   0.0000  -0.0000  -0.0000   0.0000   0.0000  -0.0000   0.0000    0.078

  Surface # 6     fuselage_horizontal                     
     # Chordwise = 10   # Spanwise = 10     First strip =151
     Surface area Ssurf =  123.841199     Ave. chord Cave =   33.112620

 Forces referred to Sref, Cref, Bref about Xref, Yref, Zref
 Standard axis orientation,  X fwd, Z down         
     CLsurf  =   0.01746     Clsurf  =   0.00000
     CYsurf  =   0.00000     Cmsurf  =   0.10424
     CDsurf  =  -0.00019     Cnsurf  =   0.00000
     CDisurf =  -0.00019     CDvsurf =   0.00000

 Forces referred to Ssurf, Cave 
     CLsurf  =   0.01760     CDsurf  =  -0.00019

 Strip Forces referred to Strip Area, Chord
    j     Xle      Yle      Zle      Chord    Area     c_cl     ai     cl_norm    cl       cd       cdv    cm_c/4     cm_LE   C.P.x/c
   151   5.0231  -1.6830   0.0000  26.5957   9.9468   0.4032   0.2573   0.1526   0.0163  -0.0054   0.0000   0.0064   0.0003   -0.139
   152   2.9203  -1.3090   0.0000  31.2096  11.6724   0.5611   0.2731   0.0665   0.0185  -0.0016   0.0000   0.0081   0.0009   -0.188
   153   1.6676  -0.9350   0.0000  34.0626  12.7394   0.6103   0.2469   0.0427   0.0182  -0.0001   0.0000   0.0099   0.0018   -0.294
   154   0.7666  -0.5610   0.0000  36.1620  13.5246   0.6372   0.2366   0.0291   0.0177   0.0011   0.0000   0.0108   0.0028   -0.359
   155   0.1963  -0.1870   0.0000  37.5333  14.0374   0.6529   0.2352   0.0198   0.0171   0.0033   0.0000   0.0110   0.0046   -0.392
   156   0.1963   0.1870   0.0000  37.5333  14.0374   0.6529   0.2352   0.0198   0.0171   0.0033   0.0000   0.0110   0.0046   -0.392
   157   0.7666   0.5610   0.0000  36.1620  13.5246   0.6372   0.2366   0.0291   0.0177   0.0011   0.0000   0.0108   0.0028   -0.359
   158   1.6676   0.9350   0.0000  34.0626  12.7394   0.6103   0.2469   0.0427   0.0182  -0.0001   0.0000   0.0099   0.0018   -0.294
   159   2.9202   1.3090   0.0000  31.2096  11.6724   0.5611   0.2731   0.0665   0.0185  -0.0016   0.0000   0.0081   0.0009   -0.188
   160   5.0231   1.6830   0.0000  26.5957   9.9468   0.4032   0.2573   0.1526   0.0163  -0.0054   0.0000   0.0064   0.0003   -0.139

  Surface # 7     fuselage_vertical                       
     # Chordwise = 10   # Spanwise = 10     First strip =161
     Surface area Ssurf =  123.841199     Ave. chord Cave =   33.112620

 Forces referred to Sref, Cref, Bref about Xref, Yref, Zref
 Standard axis orientation,  X fwd, Z down         
     CLsurf  =   0.00000     Clsurf  =   0.00000
     CYsurf  =   0.00000     Cmsurf  =  -0.00000
     CDsurf  =   0.00000     Cnsurf  =  -0.00000
     CDisurf =   0.00000     CDvsurf =   0.00000

 Forces referred to Ssurf, Cave 
     CLsurf  =  -0.00000     CDsurf  =   0.00000

 Strip Forces referred to Strip Area, Chord
    j     Xle      Yle      Zle      Chord    Area     c_cl     ai     cl_norm    cl       cd       cdv    cm_c/4     cm_LE   C.P.x/c
   161   5.0231   0.0000  -1.6830  26.5957   9.9468  -0.0000   0.0000  -0.0000  -0.0000   0.0000   0.0000   0.0000   0.0000    1.898
   162   2.9203   0.0000  -1.3090  31.2096  11.6724   0.0000  -0.0000   0.0000   0.0000  -0.0000   0.0000   0.0000   0.0000  999.000
   163   1.6676   0.0000  -0.9350  34.0626  12.7394  -0.0000   0.0000  -0.0000  -0.0000   0.0000   0.0000   0.0000   0.0000  999.000
   164   0.7666   0.0000  -0.5610  36.1620  13.5246  -0.0000   0.0000  -0.0000  -0.0000   0.0000   0.0000   0.0000   0.0000    1.107
   165   0.1963   0.0000  -0.1870  37.5333  14.0374  -0.0000   0.0000  -0.0000  -0.0000  -0.0000   0.0000  -0.0000  -0.0000  999.000
   166   0.1963   0.0000   0.1870  37.5333  14.0374  -0.0000  -0.0000  -0.0000  -0.0000  -0.0000   0.0000   0.0000   0.0000    1.093
   167   0.7666   0.0000   0.5610  36.1620  13.5246  -0.0000  -0.0000  -0.0000  -0.0000   0.0000   0.0000   0.0000   0.0000    0.988
   168   1.6676   0.0000   0.9350  34.0626  12.7394  -0.0000  -0.0000  -0.0000  -0.0000  -0.0000   0.0000   0.0000   0.0000    1.059
   169   2.9202   0.0000   1.3090  31.2096  11.6724  -0.0000  -0.0000  -0.0000  -0.0000   0.0000   0.0000   0.0000   0.0000    0.986
   170   5.0231   0.0000   1.6830  26.5957   9.9468  -0.0000   0.0000  -0.0000  -0.0000   0.0000   0.0000   0.0000   0.0000    1.139
 ---------------------------------------------------------------
