 ---------------------------------------------------------------
 Surface and Strip Forces by surface

  Sref =  124.86       Cref =  4.4875       Bref =  34.320    
  Xref =  18.914       Yref =  0.0000       Zref =-0.17619    

  Surface # 1     main_wing                               
     # Chordwise = 10   # Spanwise = 30     First strip =  1
     Surface area Ssurf =   63.968838     Ave. chord Cave =    3.715026

 Forces referred to Sref, Cref, Bref about Xref, Yref, Zref
 Standard axis orientation,  X fwd, Z down         
     CLsurf  =   0.35248     Clsurf  =  -0.06857
     CYsurf  =  -0.02184     Cmsurf  =  -0.01906
     CDsurf  =   0.01095     Cnsurf  =  -0.00606
     CDisurf =   0.01095     CDvsurf =   0.00000

 Forces referred to Ssurf, Cave 
     CLsurf  =   0.68932     CDsurf  =   0.02138

 Strip Forces referred to Strip Area, Chord
    j     Xle      Yle      Zle      Chord    Area     c_cl     ai     cl_norm    cl       cd       cdv    cm_c/4     cm_LE   C.P.x/c
     1  13.6181   0.0114  -0.9295   7.7520   0.3539   4.5802   0.1446   0.7011   0.5427   0.5750   0.0000  -0.0416  -0.1550    0.327
     2  13.6830   0.1025  -0.9255   7.6885   1.0492   4.1758   0.1441   0.6924   0.5360   0.1049   0.0000  -0.0406  -0.1446    0.326
     3  13.8120   0.2837  -0.9176   7.5620   1.7073   4.1404   0.1427   0.7015   0.5431   0.0748   0.0000  -0.0387  -0.1439    0.321
     4  14.0037   0.5530  -0.9059   7.3741   2.3052   4.1189   0.1398   0.7167   0.5549   0.0668   0.0000  -0.0356  -0.1437    0.314
     5  14.2560   0.9075  -0.8904   7.1267   2.8223   4.0867   0.1347   0.7367   0.5703   0.0605   0.0000  -0.0320  -0.1438    0.306
     6  14.5662   1.3432  -0.8714   6.8226   3.2414   4.0339   0.1251   0.7605   0.5888   0.0540   0.0000  -0.0285  -0.1446    0.298
     7  14.9309   1.8554  -0.8490   6.4651   3.5491   3.9538   0.1078   0.7877   0.6098   0.0469   0.0000  -0.0256  -0.1464    0.292
     8  15.3460   2.4386  -0.8236   6.0582   3.7368   3.8416   0.0902   0.8178   0.6331   0.0393   0.0000  -0.0236  -0.1494    0.287
     9  15.8070   3.0862  -0.7953   5.6062   3.8005   3.6950   0.0782   0.8511   0.6589   0.0307   0.0000  -0.0225  -0.1537    0.284
    10  16.2877   3.7613  -0.7658   5.1351   3.4440   3.5234   0.0671   0.8872   0.6868   0.0224   0.0000  -0.0220  -0.1588    0.282
    11  16.7803   4.4532  -0.7356   4.6522   3.3149   3.3345   0.0546   0.9278   0.7182   0.0144   0.0000  -0.0217  -0.1648    0.280
    12  17.2999   5.1831  -0.7037   4.1429   3.0930   3.1280   0.0355   0.9788   0.7577   0.0029   0.0000  -0.0209  -0.1720    0.278
    13  17.8026   6.0123  -0.6437   3.7903   3.4706   2.9186   0.0227   0.9474   0.7731  -0.0014   0.0000  -0.0164  -0.1878    0.271
    14  18.2809   6.9353  -0.5549   3.6075   3.3775   2.7541   0.0226   0.9393   0.7664  -0.0009   0.0000  -0.0163  -0.1863    0.271
    15  18.7672   7.8737  -0.4645   3.4215   3.2389   2.6028   0.0205   0.9359   0.7637  -0.0014   0.0000  -0.0167  -0.1860    0.272
    16  19.2562   8.8172  -0.3736   3.2345   3.0619   2.4573   0.0189   0.9348   0.7628  -0.0021   0.0000  -0.0175  -0.1865    0.273
    17  19.7425   9.7556  -0.2833   3.0486   2.8543   2.3147   0.0183   0.9343   0.7624  -0.0029   0.0000  -0.0186  -0.1873    0.274
    18  20.2208  10.6786  -0.1944   2.8657   2.6239   2.1737   0.0184   0.9334   0.7617  -0.0034   0.0000  -0.0204  -0.1887    0.277
    19  20.6858  11.5760  -0.1080   2.6879   2.3787   2.0347   0.0190   0.9315   0.7601  -0.0024   0.0000  -0.0240  -0.1916    0.282
    20  21.1299  12.4328  -0.0255   2.5181   2.1010   1.9000   0.0208   0.9292   0.7583  -0.0100   0.0000  -0.0384  -0.2038    0.301
    21  21.5482  13.2400   0.0523   2.3582   1.8520   1.7689   0.0242   0.9236   0.7536  -0.0075   0.0000  -0.0393  -0.2036    0.302
    22  21.9390  13.9941   0.1249   2.2087   1.6074   1.6376   0.0291   0.9128   0.7448  -0.0069   0.0000  -0.0381  -0.2006    0.301
    23  22.2979  14.6868   0.1916   2.0715   1.3716   1.5013   0.0357   0.8922   0.7281  -0.0067   0.0000  -0.0353  -0.1944    0.299
    24  22.6211  15.3105   0.2516   1.9479   1.1479   1.3538   0.0438   0.8556   0.6982  -0.0064   0.0000  -0.0311  -0.1839    0.295
    25  22.9051  15.8583   0.3044   1.8393   0.9381   1.1879   0.0527   0.7951   0.6488  -0.0056   0.0000  -0.0261  -0.1684    0.290
    26  23.1466  16.3244   0.3493   1.7470   0.7427   0.9981   0.0617   0.7031   0.5738  -0.0028   0.0000  -0.0239  -0.1498    0.292
    27  23.5299  16.6722   0.3828   1.4928   0.4131   0.7924   0.0703   1.7980   0.5345  -0.0181   0.0000  -0.0120  -0.0706    0.272
    28  23.9809  16.9098   0.4056   1.1466   0.2292   0.5833   0.0803   1.7309   0.5145  -0.0440   0.0000   0.0124  -0.0567    0.226
    29  24.2843  17.0696   0.4210   0.9138   0.1104   0.3580   0.0874   1.3417   0.3989  -0.0625   0.0000   0.0333  -0.0327    0.166
    30  24.4368  17.1499   0.4287   0.7967   0.0322   0.1208   0.0914   0.5258   0.1563  -0.0459   0.0000   0.0212  -0.0088    0.114

  Surface # 2     main_wing (YDUP)                        
     # Chordwise = 10   # Spanwise = 30     First strip = 31
     Surface area Ssurf =   63.968838     Ave. chord Cave =    3.715026

 Forces referred to Sref, Cref, Bref about Xref, Yref, Zref
 Standard axis orientation,  X fwd, Z down         
     CLsurf  =   0.35248     Clsurf  =   0.06857
     CYsurf  =   0.02184     Cmsurf  =  -0.01906
     CDsurf  =   0.01095     Cnsurf  =   0.00606
     CDisurf =   0.01095     CDvsurf =   0.00000

 Forces referred to Ssurf, Cave 
     CLsurf  =   0.68932     CDsurf  =   0.02138

 Strip Forces referred to Strip Area, Chord
    j     Xle      Yle      Zle      Chord    Area     c_cl     ai     cl_norm    cl       cd       cdv    cm_c/4     cm_LE   C.P.x/c
    31  13.6181  -0.0114  -0.9295   7.7520   0.3539   4.5802   0.1446   0.7011   0.5427   0.5750   0.0000  -0.0416   0.1550    0.327
    32  13.6830  -0.1025  -0.9255   7.6885   1.0492   4.1758   0.1441   0.6924   0.5360   0.1049   0.0000  -0.0406   0.1446    0.326
    33  13.8120  -0.2837  -0.9176   7.5620   1.7073   4.1404   0.1427   0.7015   0.5431   0.0748   0.0000  -0.0387   0.1439    0.321
    34  14.0037  -0.5530  -0.9059   7.3741   2.3052   4.1189   0.1398   0.7167   0.5549   0.0668   0.0000  -0.0356   0.1437    0.314
    35  14.2560  -0.9075  -0.8904   7.1267   2.8223   4.0867   0.1347   0.7367   0.5703   0.0605   0.0000  -0.0320   0.1438    0.306
    36  14.5662  -1.3432  -0.8714   6.8226   3.2414   4.0339   0.1251   0.7605   0.5888   0.0540   0.0000  -0.0285   0.1446    0.298
    37  14.9309  -1.8554  -0.8490   6.4651   3.5491   3.9538   0.1078   0.7877   0.6098   0.0469   0.0000  -0.0256   0.1464    0.292
    38  15.3460  -2.4386  -0.8236   6.0582   3.7368   3.8416   0.0902   0.8178   0.6331   0.0393   0.0000  -0.0236   0.1494    0.287
    39  15.8070  -3.0862  -0.7953   5.6062   3.8005   3.6950   0.0782   0.8511   0.6589   0.0307   0.0000  -0.0225   0.1537    0.284
    40  16.2877  -3.7613  -0.7658   5.1351   3.4440   3.5234   0.0671   0.8872   0.6868   0.0224   0.0000  -0.0220   0.1588    0.282
    41  16.7803  -4.4532  -0.7356   4.6522   3.3149   3.3345   0.0546   0.9278   0.7182   0.0144   0.0000  -0.0217   0.1648    0.280
    42  17.2999  -5.1831  -0.7037   4.1429   3.0930   3.1280   0.0355   0.9788   0.7577   0.0029   0.0000  -0.0209   0.1720    0.278
    43  17.8026  -6.0123  -0.6437   3.7903   3.4706   2.9186   0.0227   0.9474   0.7731  -0.0014   0.0000  -0.0164   0.1878    0.271
    44  18.2809  -6.9353  -0.5549   3.6075   3.3775   2.7541   0.0226   0.9393   0.7664  -0.0009   0.0000  -0.0163   0.1863    0.271
    45  18.7672  -7.8737  -0.4645   3.4215   3.2389   2.6028   0.0205   0.9359   0.7637  -0.0014   0.0000  -0.0167   0.1860    0.272
    46  19.2562  -8.8172  -0.3736   3.2345   3.0619   2.4573   0.0189   0.9348   0.7628  -0.0021   0.0000  -0.0175   0.1865    0.273
    47  19.7425  -9.7556  -0.2833   3.0486   2.8543   2.3147   0.0183   0.9343   0.7624  -0.0029   0.0000  -0.0186   0.1873    0.274
    48  20.2208 -10.6786  -0.1944   2.8657   2.6239   2.1737   0.0184   0.9334   0.7617  -0.0034   0.0000  -0.0204   0.1887    0.277
    49  20.6858 -11.5760  -0.1080   2.6879   2.3787   2.0347   0.0190   0.9315   0.7601  -0.0024   0.0000  -0.0240   0.1916    0.282
    50  21.1299 -12.4328  -0.0255   2.5181   2.1010   1.9000   0.0208   0.9292   0.7583  -0.0100   0.0000  -0.0384   0.2038    0.301
    51  21.5482 -13.2400   0.0523   2.3582   1.8520   1.7689   0.0242   0.9236   0.7536  -0.0075   0.0000  -0.0393   0.2036    0.302
    52  21.9390 -13.9941   0.1249   2.2087   1.6074   1.6376   0.0291   0.9128   0.7448  -0.0069   0.0000  -0.0381   0.2006    0.301
    53  22.2979 -14.6868   0.1916   2.0715   1.3716   1.5013   0.0357   0.8922   0.7281  -0.0067   0.0000  -0.0353   0.1944    0.299
    54  22.6211 -15.3105   0.2516   1.9479   1.1479   1.3538   0.0438   0.8556   0.6982  -0.0064   0.0000  -0.0311   0.1839    0.295
    55  22.9051 -15.8583   0.3044   1.8393   0.9381   1.1879   0.0527   0.7951   0.6488  -0.0056   0.0000  -0.0261   0.1684    0.290
    56  23.1466 -16.3244   0.3493   1.7470   0.7427   0.9981   0.0617   0.7031   0.5738  -0.0028   0.0000  -0.0239   0.1498    0.292
    57  23.5299 -16.6722   0.3828   1.4928   0.4131   0.7924   0.0703   1.7980   0.5345  -0.0181   0.0000  -0.0120   0.0706    0.272
    58  23.9809 -16.9098   0.4056   1.1466   0.2292   0.5833   0.0803   1.7309   0.5145  -0.0440   0.0000   0.0124   0.0567    0.226
    59  24.2843 -17.0696   0.4210   0.9138   0.1104   0.3580   0.0874   1.3417   0.3989  -0.0625   0.0000   0.0333   0.0327    0.166
    60  24.4368 -17.1499   0.4287   0.7967   0.0322   0.1208   0.0914   0.5258   0.1563  -0.0459   0.0000   0.0212   0.0088    0.114

  Surface # 3     horizontal_stabilizer                   
     # Chordwise = 10   # Spanwise = 30     First strip = 61
     Surface area Ssurf =   20.744605     Ave. chord Cave =    2.848571

 Forces referred to Sref, Cref, Bref about Xref, Yref, Zref
 Standard axis orientation,  X fwd, Z down         
     CLsurf  =   0.02635     Clsurf  =  -0.00279
     CYsurf  =  -0.00426     Cmsurf  =  -0.10045
     CDsurf  =   0.00164     Cnsurf  =   0.00199
     CDisurf =   0.00164     CDvsurf =   0.00000

 Forces referred to Ssurf, Cave 
     CLsurf  =   0.16064     CDsurf  =   0.00989

 Strip Forces referred to Strip Area, Chord
    j     Xle      Yle      Zle      Chord    Area     c_cl     ai     cl_norm    cl       cd       cdv    cm_c/4     cm_LE   C.P.x/c
    61  33.0230   0.0046   1.4667   4.2713   0.0803   0.5663   0.0968   0.1686   0.1291   0.0452   0.0000  -0.0094  -0.0364    0.323
    62  33.0469   0.0418   1.4723   4.2566   0.2392   0.5146   0.0970   0.1570   0.1203   0.0121   0.0000  -0.0090  -0.0337    0.325
    63  33.0943   0.1156   1.4835   4.2274   0.3930   0.5107   0.0969   0.1572   0.1204   0.0099   0.0000  -0.0087  -0.0334    0.322
    64  33.1649   0.2254   1.5002   4.1839   0.5386   0.5099   0.0964   0.1586   0.1215   0.0095   0.0000  -0.0081  -0.0331    0.316
    65  33.2578   0.3698   1.5221   4.1268   0.6730   0.5095   0.0954   0.1607   0.1231   0.0094   0.0000  -0.0073  -0.0328    0.309
    66  33.3719   0.5474   1.5490   4.0565   0.7936   0.5092   0.0938   0.1634   0.1252   0.0094   0.0000  -0.0064  -0.0325    0.301
    67  33.5097   0.7617   1.5816   3.9717   0.9441   0.5086   0.0914   0.1668   0.1277   0.0094   0.0000  -0.0056  -0.0324    0.294
    68  33.6704   1.0116   1.6195   3.8728   1.0344   0.5077   0.0881   0.1707   0.1308   0.0094   0.0000  -0.0048  -0.0324    0.287
    69  33.8488   1.2891   1.6616   3.7630   1.1046   0.5065   0.0841   0.1753   0.1343   0.0095   0.0000  -0.0041  -0.0325    0.280
    70  34.0430   1.5912   1.7075   3.6435   1.1542   0.5052   0.0796   0.1806   0.1384   0.0096   0.0000  -0.0035  -0.0329    0.275
    71  34.2510   1.9146   1.7565   3.5155   1.1831   0.5040   0.0752   0.1868   0.1431   0.0097   0.0000  -0.0030  -0.0335    0.271
    72  34.4703   2.2558   1.8083   3.3805   1.1921   0.5029   0.0712   0.1938   0.1485   0.0099   0.0000  -0.0025  -0.0343    0.267
    73  34.6987   2.6109   1.8622   3.2400   1.1821   0.5020   0.0679   0.2019   0.1546   0.0101   0.0000  -0.0020  -0.0352    0.263
    74  34.9335   2.9762   1.9177   3.0955   1.1548   0.5011   0.0654   0.2110   0.1616   0.0103   0.0000  -0.0016  -0.0363    0.260
    75  35.1723   3.3476   1.9740   2.9485   1.1122   0.4998   0.0635   0.2209   0.1692   0.0105   0.0000  -0.0011  -0.0376    0.257
    76  35.4124   3.7210   2.0307   2.8008   1.0564   0.4976   0.0622   0.2316   0.1774   0.0107   0.0000  -0.0006  -0.0389    0.253
    77  35.6512   4.0924   2.0871   2.6538   0.9900   0.4939   0.0614   0.2427   0.1859   0.0108   0.0000   0.0001  -0.0402    0.250
    78  35.8861   4.4577   2.1425   2.5093   0.9155   0.4880   0.0610   0.2536   0.1942   0.0109   0.0000   0.0008  -0.0414    0.246
    79  36.1144   4.8128   2.1964   2.3687   0.8353   0.4791   0.0611   0.2638   0.2021   0.0109   0.0000   0.0017  -0.0423    0.241
    80  36.3338   5.1540   2.2482   2.2338   0.7518   0.4666   0.0616   0.2725   0.2087   0.0108   0.0000   0.0029  -0.0427    0.236
    81  36.5417   5.4774   2.2973   2.1058   0.6671   0.4498   0.0625   0.2787   0.2135   0.0106   0.0000   0.0043  -0.0426    0.230
    82  36.7359   5.7795   2.3431   1.9862   0.5830   0.4281   0.0638   0.2813   0.2155   0.0101   0.0000   0.0061  -0.0415    0.222
    83  36.9144   6.0570   2.3852   1.8764   0.5012   0.4012   0.0652   0.2791   0.2138   0.0095   0.0000   0.0081  -0.0394    0.212
    84  37.0750   6.3069   2.4232   1.7776   0.4225   0.3688   0.0668   0.2709   0.2075   0.0086   0.0000   0.0104  -0.0362    0.200
    85  37.2162   6.5264   2.4565   1.6907   0.3478   0.3310   0.0684   0.2557   0.1958   0.0076   0.0000   0.0126  -0.0318    0.186
    86  37.3480   6.7314   2.4876   1.6096   0.3326   0.2856   0.0699   0.2318   0.1775   0.0063   0.0000   0.0144  -0.0263    0.169
    87  37.4657   6.9144   2.5154   1.5372   0.2507   0.2303   0.0713   0.1958   0.1500   0.0046   0.0000   0.0152  -0.0196    0.149
    88  37.5551   7.0535   2.5365   1.4822   0.1746   0.1689   0.0724   0.1491   0.1142   0.0027   0.0000   0.0139  -0.0130    0.128
    89  37.6153   7.1471   2.5508   1.4451   0.1029   0.1032   0.0731   0.0935   0.0716   0.0010   0.0000   0.0099  -0.0071    0.111
    90  37.6455   7.1941   2.5579   1.4265   0.0340   0.0347   0.0735   0.0320   0.0245  -0.0007   0.0000   0.0036  -0.0022    0.102

  Surface # 4     horizontal_stabilizer (YDUP)            
     # Chordwise = 10   # Spanwise = 30     First strip = 91
     Surface area Ssurf =   20.744605     Ave. chord Cave =    2.848571

 Forces referred to Sref, Cref, Bref about Xref, Yref, Zref
 Standard axis orientation,  X fwd, Z down         
     CLsurf  =   0.02635     Clsurf  =   0.00279
     CYsurf  =   0.00426     Cmsurf  =  -0.10045
     CDsurf  =   0.00164     Cnsurf  =  -0.00199
     CDisurf =   0.00164     CDvsurf =   0.00000

 Forces referred to Ssurf, Cave 
     CLsurf  =   0.16064     CDsurf  =   0.00989

 Strip Forces referred to Strip Area, Chord
    j     Xle      Yle      Zle      Chord    Area     c_cl     ai     cl_norm    cl       cd       cdv    cm_c/4     cm_LE   C.P.x/c
    91  33.0230  -0.0046   1.4667   4.2713   0.0803   0.5663   0.0968   0.1686   0.1291   0.0452   0.0000  -0.0094   0.0364    0.323
    92  33.0469  -0.0418   1.4723   4.2566   0.2392   0.5146   0.0970   0.1570   0.1203   0.0121   0.0000  -0.0090   0.0337    0.325
    93  33.0943  -0.1156   1.4835   4.2274   0.3930   0.5107   0.0969   0.1572   0.1204   0.0099   0.0000  -0.0087   0.0334    0.322
    94  33.1649  -0.2254   1.5002   4.1839   0.5386   0.5099   0.0964   0.1586   0.1215   0.0095   0.0000  -0.0081   0.0331    0.316
    95  33.2578  -0.3698   1.5221   4.1268   0.6730   0.5095   0.0954   0.1607   0.1231   0.0094   0.0000  -0.0073   0.0328    0.309
    96  33.3719  -0.5474   1.5490   4.0565   0.7936   0.5092   0.0938   0.1634   0.1252   0.0094   0.0000  -0.0064   0.0325    0.301
    97  33.5097  -0.7617   1.5816   3.9717   0.9441   0.5086   0.0914   0.1668   0.1277   0.0094   0.0000  -0.0056   0.0324    0.294
    98  33.6704  -1.0116   1.6195   3.8728   1.0344   0.5077   0.0881   0.1707   0.1308   0.0094   0.0000  -0.0048   0.0324    0.287
    99  33.8488  -1.2891   1.6616   3.7630   1.1046   0.5065   0.0841   0.1753   0.1343   0.0095   0.0000  -0.0041   0.0325    0.280
   100  34.0430  -1.5912   1.7075   3.6435   1.1542   0.5052   0.0796   0.1806   0.1384   0.0096   0.0000  -0.0035   0.0329    0.275
   101  34.2510  -1.9146   1.7565   3.5155   1.1831   0.5040   0.0752   0.1868   0.1431   0.0097   0.0000  -0.0030   0.0335    0.271
   102  34.4703  -2.2558   1.8083   3.3805   1.1921   0.5029   0.0712   0.1938   0.1485   0.0099   0.0000  -0.0025   0.0343    0.267
   103  34.6987  -2.6109   1.8622   3.2400   1.1821   0.5020   0.0679   0.2019   0.1546   0.0101   0.0000  -0.0020   0.0352    0.263
   104  34.9335  -2.9762   1.9177   3.0955   1.1548   0.5011   0.0654   0.2110   0.1616   0.0103   0.0000  -0.0016   0.0363    0.260
   105  35.1723  -3.3476   1.9740   2.9485   1.1122   0.4998   0.0635   0.2209   0.1692   0.0105   0.0000  -0.0011   0.0376    0.257
   106  35.4124  -3.7210   2.0307   2.8008   1.0564   0.4976   0.0622   0.2316   0.1774   0.0107   0.0000  -0.0006   0.0389    0.253
   107  35.6512  -4.0924   2.0871   2.6538   0.9900   0.4939   0.0614   0.2427   0.1859   0.0108   0.0000   0.0001   0.0402    0.250
   108  35.8861  -4.4577   2.1425   2.5093   0.9155   0.4880   0.0610   0.2536   0.1942   0.0109   0.0000   0.0008   0.0414    0.246
   109  36.1144  -4.8128   2.1964   2.3687   0.8353   0.4791   0.0611   0.2638   0.2021   0.0109   0.0000   0.0017   0.0423    0.241
   110  36.3338  -5.1540   2.2482   2.2338   0.7518   0.4666   0.0616   0.2725   0.2087   0.0108   0.0000   0.0029   0.0427    0.236
   111  36.5417  -5.4774   2.2973   2.1058   0.6671   0.4498   0.0625   0.2787   0.2135   0.0106   0.0000   0.0043   0.0426    0.230
   112  36.7359  -5.7795   2.3431   1.9862   0.5830   0.4281   0.0638   0.2813   0.2155   0.0101   0.0000   0.0061   0.0415    0.222
   113  36.9144  -6.0570   2.3852   1.8764   0.5012   0.4012   0.0652   0.2791   0.2138   0.0095   0.0000   0.0081   0.0394    0.212
   114  37.0750  -6.3069   2.4232   1.7776   0.4225   0.3688   0.0668   0.2709   0.2075   0.0086   0.0000   0.0104   0.0362    0.200
   115  37.2162  -6.5264   2.4565   1.6907   0.3478   0.3310   0.0684   0.2557   0.1958   0.0076   0.0000   0.0126   0.0318    0.186
   116  37.3480  -6.7314   2.4876   1.6096   0.3326   0.2856   0.0699   0.2318   0.1775   0.0063   0.0000   0.0144   0.0263    0.169
   117  37.4657  -6.9144   2.5154   1.5372   0.2507   0.2303   0.0713   0.1958   0.1500   0.0046   0.0000   0.0152   0.0196    0.149
   118  37.5551  -7.0535   2.5365   1.4822   0.1746   0.1689   0.0724   0.1491   0.1142   0.0027   0.0000   0.0139   0.0130    0.128
   119  37.6153  -7.1471   2.5508   1.4451   0.1029   0.1032   0.0731   0.0935   0.0716   0.0010   0.0000   0.0099   0.0071    0.111
   120  37.6455  -7.1941   2.5579   1.4265   0.0340   0.0347   0.0735   0.0320   0.0245  -0.0007   0.0000   0.0036   0.0022    0.102

  Surface # 5     vertical_stabilizer                     
     # Chordwise = 10   # Spanwise = 30     First strip =121
     Surface area Ssurf =   34.910363     Ave. chord Cave =    4.190920

 Forces referred to Sref, Cref, Bref about Xref, Yref, Zref
 Standard axis orientation,  X fwd, Z down         
     CLsurf  =   0.00000     Clsurf  =  -0.00000
     CYsurf  =  -0.00000     Cmsurf  =   0.00000
     CDsurf  =   0.00000     Cnsurf  =   0.00000
     CDisurf =   0.00000     CDvsurf =   0.00000

 Forces referred to Ssurf, Cave 
     CLsurf  =   0.00000     CDsurf  =   0.00000

 Strip Forces referred to Strip Area, Chord
    j     Xle      Yle      Zle      Chord    Area     c_cl     ai     cl_norm    cl       cd       cdv    cm_c/4     cm_LE   C.P.x/c
   121  27.0137   0.0000   1.5690  10.0347   0.6931  -0.0000  -0.0000  -0.0000  -0.0000  -0.0000   0.0000   0.0000   0.0000    0.476
   122  27.2327   0.0000   1.6601   9.8296   1.1101  -0.0000  -0.0000  -0.0000  -0.0000   0.0000   0.0000   0.0000   0.0000    0.676
   123  27.5561   0.0000   1.7947   9.5266   1.4857  -0.0000  -0.0000  -0.0000  -0.0000  -0.0000   0.0000   0.0000   0.0000    0.512
   124  27.9815   0.0000   1.9717   9.1281   1.8040  -0.0000   0.0000  -0.0000  -0.0000   0.0000   0.0000   0.0000   0.0000    0.426
   125  28.5051   0.0000   2.1895   8.6377   2.0517  -0.0000  -0.0000  -0.0000  -0.0000   0.0000   0.0000   0.0000   0.0000    0.290
   126  29.1220   0.0000   2.4462   8.0598   2.2181  -0.0000  -0.0000  -0.0000  -0.0000  -0.0000   0.0000  -0.0000  -0.0000   -0.310
   127  29.8264   0.0000   2.7392   7.4000   2.2957  -0.0000  -0.0000  -0.0000  -0.0000  -0.0000   0.0000  -0.0000  -0.0000  999.000
   128  30.6115   0.0000   3.0659   6.6646   2.2808   0.0000   0.0000   0.0000   0.0000   0.0000   0.0000  -0.0000  -0.0000    0.959
   129  31.4694   0.0000   3.4228   5.8609   2.1733   0.0000  -0.0000   0.0000   0.0000   0.0000   0.0000  -0.0000  -0.0000    0.512
   130  32.3918   0.0000   3.8066   4.9969   1.9773   0.0000  -0.0000   0.0000   0.0000  -0.0000   0.0000  -0.0000  -0.0000    0.664
   131  33.0131   0.0000   4.1929   4.4389   1.6667   0.0000  -0.0000   0.0000   0.0000  -0.0000   0.0000  -0.0000  -0.0000    0.497
   132  33.3001   0.0000   4.5764   4.2198   1.6478   0.0000  -0.0000   0.0000   0.0000  -0.0000   0.0000  -0.0000  -0.0000    0.505
   133  33.5969   0.0000   4.9729   3.9932   1.6033   0.0000   0.0000   0.0000   0.0000   0.0000   0.0000  -0.0000  -0.0000    0.668
   134  33.9004   0.0000   5.3784   3.7615   1.5362   0.0000   0.0000   0.0000   0.0000   0.0000   0.0000  -0.0000  -0.0000    0.509
   135  34.2075   0.0000   5.7886   3.5271   1.4499   0.0000   0.0000   0.0000   0.0000   0.0000   0.0000  -0.0000  -0.0000    0.556
   136  34.5150   0.0000   6.1995   3.2923   1.3482   0.0000  -0.0000   0.0000   0.0000   0.0000   0.0000  -0.0000  -0.0000    0.267
   137  34.8197   0.0000   6.6066   3.0597   1.2352   0.0000  -0.0000   0.0000   0.0000  -0.0000   0.0000  -0.0000  -0.0000    0.431
   138  35.1185   0.0000   7.0058   2.8315   1.1147   0.0000  -0.0000   0.0000   0.0000   0.0000   0.0000  -0.0000  -0.0000    0.617
   139  35.4083   0.0000   7.3929   2.6103   0.9908   0.0000  -0.0000   0.0000   0.0000   0.0000   0.0000  -0.0000  -0.0000    0.734
   140  35.6860   0.0000   7.7640   2.3983   0.8670   0.0000   0.0000   0.0000   0.0000  -0.0000   0.0000  -0.0000  -0.0000    0.602
   141  35.9487   0.0000   8.1150   2.1977   0.7464   0.0000  -0.0000   0.0000   0.0000  -0.0000   0.0000   0.0000  -0.0000    0.203
   142  36.1937   0.0000   8.4424   2.0106   0.6318   0.0000   0.0000   0.0000   0.0000   0.0000   0.0000   0.0000  -0.0000   -0.039
   143  36.4185   0.0000   8.7426   1.8390   0.5251   0.0000   0.0000   0.0000   0.0000  -0.0000   0.0000   0.0000  -0.0000    0.084
   144  36.6206   0.0000   9.0127   1.6847   0.4276   0.0000  -0.0000   0.0000   0.0000  -0.0000   0.0000   0.0000  -0.0000   -0.012
   145  36.7980   0.0000   9.2496   1.5493   0.3400   0.0000   0.0000   0.0000   0.0000  -0.0000   0.0000   0.0000   0.0000   -0.766
   146  36.9487   0.0000   9.4510   1.4342   0.2622   0.0000  -0.0000   0.0000   0.0000  -0.0000   0.0000   0.0000   0.0000   -0.200
   147  37.0713   0.0000   9.6148   1.3407   0.1933   0.0000   0.0000   0.0000   0.0000  -0.0000   0.0000   0.0000  -0.0000    0.058
   148  37.1643   0.0000   9.7391   1.2696   0.1322   0.0000  -0.0000   0.0000   0.0000  -0.0000   0.0000   0.0000   0.0000   -0.856
   149  37.2269   0.0000   9.8227   1.2218   0.0769   0.0000   0.0000   0.0000   0.0000   0.0000   0.0000   0.0000   0.0000   -0.118
   150  37.2584   0.0000   9.8647   1.1978   0.0252   0.0000   0.0000   0.0000   0.0000   0.0000   0.0000   0.0000   0.0000   -0.376

  Surface # 6     fuselage_horizontal                     
     # Chordwise = 10   # Spanwise = 10     First strip =151
     Surface area Ssurf =  123.841199     Ave. chord Cave =   33.112620

 Forces referred to Sref, Cref, Bref about Xref, Yref, Zref
 Standard axis orientation,  X fwd, Z down         
     CLsurf  =   0.00602     Clsurf  =   0.00000
     CYsurf  =   0.00000     Cmsurf  =   0.04704
     CDsurf  =  -0.00018     Cnsurf  =   0.00000
     CDisurf =  -0.00018     CDvsurf =   0.00000

 Forces referred to Ssurf, Cave 
     CLsurf  =   0.00607     CDsurf  =  -0.00018

 Strip Forces referred to Strip Area, Chord
    j     Xle      Yle      Zle      Chord    Area     c_cl     ai     cl_norm    cl       cd       cdv    cm_c/4     cm_LE   C.P.x/c
   151   5.0231  -1.6830   0.0000  26.5957   9.9468   0.1304   0.1310   0.0591   0.0051  -0.0021   0.0000   0.0034   0.0003   -0.425
   152   2.9203  -1.3090   0.0000  31.2096  11.6724   0.1924   0.1435   0.0238   0.0062  -0.0007   0.0000   0.0042   0.0007   -0.421
   153   1.6676  -0.9350   0.0000  34.0626  12.7394   0.2136   0.1365   0.0152   0.0063  -0.0001   0.0000   0.0049   0.0011   -0.532
   154   0.7666  -0.5610   0.0000  36.1620  13.5246   0.2271   0.1358   0.0105   0.0063   0.0003   0.0000   0.0053   0.0016   -0.588
   155   0.1963  -0.1870   0.0000  37.5333  14.0374   0.2351   0.1375   0.0072   0.0062   0.0010   0.0000   0.0053   0.0026   -0.609
   156   0.1963   0.1870   0.0000  37.5333  14.0374   0.2351   0.1375   0.0072   0.0062   0.0010   0.0000   0.0053   0.0026   -0.609
   157   0.7666   0.5610   0.0000  36.1620  13.5246   0.2271   0.1358   0.0105   0.0063   0.0003   0.0000   0.0053   0.0016   -0.588
   158   1.6676   0.9350   0.0000  34.0626  12.7394   0.2136   0.1365   0.0152   0.0063  -0.0001   0.0000   0.0049   0.0011   -0.532
   159   2.9202   1.3090   0.0000  31.2096  11.6724   0.1924   0.1435   0.0238   0.0062  -0.0007   0.0000   0.0042   0.0007   -0.421
   160   5.0231   1.6830   0.0000  26.5957   9.9468   0.1304   0.1310   0.0591   0.0051  -0.0021   0.0000   0.0034   0.0003   -0.425

  Surface # 7     fuselage_vertical                       
     # Chordwise = 10   # Spanwise = 10     First strip =161
     Surface area Ssurf =  123.841199     Ave. chord Cave =   33.112620

 Forces referred to Sref, Cref, Bref about Xref, Yref, Zref
 Standard axis orientation,  X fwd, Z down         
     CLsurf  =   0.00000     Clsurf  =  -0.00000
     CYsurf  =   0.00000     Cmsurf  =  -0.00000
     CDsurf  =   0.00000     Cnsurf  =  -0.00000
     CDisurf =   0.00000     CDvsurf =   0.00000

 Forces referred to Ssurf, Cave 
     CLsurf  =  -0.00000     CDsurf  =   0.00000

 Strip Forces referred to Strip Area, Chord
    j     Xle      Yle      Zle      Chord    Area     c_cl     ai     cl_norm    cl       cd       cdv    cm_c/4     cm_LE   C.P.x/c
   161   5.0231   0.0000  -1.6830  26.5957   9.9468   0.0000  -0.0000   0.0000   0.0000   0.0000   0.0000  -0.0000  -0.0000    1.434
   162   2.9203   0.0000  -1.3090  31.2096  11.6724  -0.0000  -0.0000  -0.0000  -0.0000   0.0000   0.0000  -0.0000  -0.0000   -0.134
   163   1.6676   0.0000  -0.9350  34.0626  12.7394  -0.0000   0.0000  -0.0000  -0.0000   0.0000   0.0000   0.0000   0.0000    0.309
   164   0.7666   0.0000  -0.5610  36.1620  13.5246  -0.0000   0.0000  -0.0000  -0.0000  -0.0000   0.0000   0.0000   0.0000    0.566
   165   0.1963   0.0000  -0.1870  37.5333  14.0374  -0.0000   0.0000  -0.0000  -0.0000   0.0000   0.0000   0.0000   0.0000    0.610
   166   0.1963   0.0000   0.1870  37.5333  14.0374  -0.0000   0.0000  -0.0000  -0.0000   0.0000   0.0000   0.0000   0.0000    0.632
   167   0.7666   0.0000   0.5610  36.1620  13.5246  -0.0000  -0.0000  -0.0000  -0.0000   0.0000   0.0000   0.0000   0.0000    0.625
   168   1.6676   0.0000   0.9350  34.0626  12.7394  -0.0000   0.0000  -0.0000  -0.0000   0.0000   0.0000   0.0000   0.0000    0.594
   169   2.9202   0.0000   1.3090  31.2096  11.6724  -0.0000   0.0000  -0.0000  -0.0000  -0.0000   0.0000   0.0000   0.0000    0.740
   170   5.0231   0.0000   1.6830  26.5957   9.9468  -0.0000  -0.0000  -0.0000  -0.0000   0.0000   0.0000   0.0000   0.0000    0.893
 ---------------------------------------------------------------
