 ---------------------------------------------------------------
 Surface and Strip Forces by surface

  Sref =  124.86       Cref =  4.4875       Bref =  34.320    
  Xref =  18.914       Yref =  0.0000       Zref =-0.17619    

  Surface # 1     main_wing                               
     # Chordwise = 10   # Spanwise = 30     First strip =  1
     Surface area Ssurf =   63.968838     Ave. chord Cave =    3.715026

 Forces referred to Sref, Cref, Bref about Xref, Yref, Zref
 Standard axis orientation,  X fwd, Z down         
     CLsurf  =   0.25392     Clsurf  =  -0.04842
     CYsurf  =  -0.01793     Cmsurf  =  -0.01702
     CDsurf  =   0.00600     Cnsurf  =  -0.00164
     CDisurf =   0.00600     CDvsurf =   0.00000

 Forces referred to Ssurf, Cave 
     CLsurf  =   0.49687     CDsurf  =   0.01171

 Strip Forces referred to Strip Area, Chord
    j     Xle      Yle      Zle      Chord    Area     c_cl     ai     cl_norm    cl       cd       cdv    cm_c/4     cm_LE   C.P.x/c
     1  13.6181   0.0114  -0.9295   7.7520   0.3539   3.4447   0.0933   0.5568   0.4313   0.3817   0.0000  -0.0431  -0.1259    0.350
     2  13.6830   0.1025  -0.9255   7.6885   1.0492   3.1633   0.0928   0.5285   0.4094   0.0651   0.0000  -0.0412  -0.1177    0.351
     3  13.8120   0.2837  -0.9176   7.5620   1.7073   3.1372   0.0912   0.5339   0.4136   0.0435   0.0000  -0.0402  -0.1175    0.347
     4  14.0037   0.5530  -0.9059   7.3741   2.3052   3.1193   0.0884   0.5447   0.4219   0.0386   0.0000  -0.0382  -0.1176    0.341
     5  14.2560   0.9075  -0.8904   7.1267   2.8223   3.0911   0.0841   0.5587   0.4328   0.0354   0.0000  -0.0357  -0.1177    0.333
     6  14.5662   1.3432  -0.8714   6.8226   3.2414   3.0446   0.0786   0.5750   0.4454   0.0318   0.0000  -0.0333  -0.1183    0.325
     7  14.9309   1.8554  -0.8490   6.4651   3.5491   2.9742   0.0730   0.5930   0.4593   0.0276   0.0000  -0.0312  -0.1194    0.318
     8  15.3460   2.4386  -0.8236   6.0582   3.7368   2.8759   0.0665   0.6122   0.4742   0.0228   0.0000  -0.0297  -0.1212    0.313
     9  15.8070   3.0862  -0.7953   5.6062   3.8005   2.7483   0.0566   0.6325   0.4899   0.0172   0.0000  -0.0290  -0.1238    0.309
    10  16.2877   3.7613  -0.7658   5.1351   3.4440   2.6007   0.0462   0.6537   0.5063   0.0118   0.0000  -0.0287  -0.1269    0.307
    11  16.7803   4.4532  -0.7356   4.6522   3.3149   2.4399   0.0356   0.6772   0.5245   0.0069   0.0000  -0.0284  -0.1303    0.304
    12  17.2999   5.1831  -0.7037   4.1429   3.0930   2.2647   0.0201   0.7062   0.5470   0.0001   0.0000  -0.0279  -0.1344    0.301
    13  17.8026   6.0123  -0.6437   3.7903   3.4706   2.0942   0.0100   0.6754   0.5529  -0.0025   0.0000  -0.0246  -0.1452    0.294
    14  18.2809   6.9353  -0.5549   3.6075   3.3775   1.9623   0.0128   0.6649   0.5444  -0.0023   0.0000  -0.0239  -0.1427    0.294
    15  18.7672   7.8737  -0.4645   3.4215   3.2389   1.8431   0.0137   0.6585   0.5391  -0.0026   0.0000  -0.0241  -0.1417    0.295
    16  19.2562   8.8172  -0.3736   3.2345   3.0619   1.7307   0.0139   0.6541   0.5355  -0.0030   0.0000  -0.0249  -0.1416    0.296
    17  19.7425   9.7556  -0.2833   3.0486   2.8543   1.6224   0.0138   0.6506   0.5326  -0.0033   0.0000  -0.0264  -0.1423    0.300
    18  20.2208  10.6786  -0.1944   2.8657   2.6239   1.5177   0.0138   0.6474   0.5300  -0.0035   0.0000  -0.0291  -0.1441    0.305
    19  20.6858  11.5760  -0.1080   2.6879   2.3787   1.4166   0.0140   0.6442   0.5275  -0.0024   0.0000  -0.0343  -0.1482    0.315
    20  21.1299  12.4328  -0.0255   2.5181   2.1010   1.3206   0.0153   0.6413   0.5250  -0.0078   0.0000  -0.0512  -0.1625    0.347
    21  21.5482  13.2400   0.0523   2.3582   1.8520   1.2284   0.0178   0.6369   0.5214  -0.0062   0.0000  -0.0525  -0.1629    0.351
    22  21.9390  13.9941   0.1249   2.2087   1.6074   1.1360   0.0213   0.6288   0.5148  -0.0058   0.0000  -0.0513  -0.1604    0.350
    23  22.2979  14.6868   0.1916   2.0715   1.3716   1.0396   0.0258   0.6136   0.5024  -0.0057   0.0000  -0.0483  -0.1549    0.346
    24  22.6211  15.3105   0.2516   1.9479   1.1479   0.9347   0.0309   0.5867   0.4803  -0.0058   0.0000  -0.0435  -0.1458    0.341
    25  22.9051  15.8583   0.3044   1.8393   0.9381   0.8168   0.0362   0.5430   0.4445  -0.0059   0.0000  -0.0376  -0.1325    0.335
    26  23.1466  16.3244   0.3493   1.7470   0.7427   0.6828   0.0414   0.4780   0.3913  -0.0064   0.0000  -0.0323  -0.1160    0.333
    27  23.5299  16.6722   0.3828   1.4928   0.4131   0.5393   0.0458   1.2167   0.3618  -0.0104   0.0000  -0.0151  -0.0501    0.292
    28  23.9809  16.9098   0.4056   1.1466   0.2292   0.3944   0.0505   1.1600   0.3450  -0.0229   0.0000   0.0042  -0.0391    0.238
    29  24.2843  17.0696   0.4210   0.9138   0.1104   0.2408   0.0535   0.8904   0.2648  -0.0311   0.0000   0.0200  -0.0221    0.174
    30  24.4368  17.1499   0.4287   0.7967   0.0322   0.0810   0.0554   0.3448   0.1025  -0.0216   0.0000   0.0131  -0.0061    0.122

  Surface # 2     main_wing (YDUP)                        
     # Chordwise = 10   # Spanwise = 30     First strip = 31
     Surface area Ssurf =   63.968838     Ave. chord Cave =    3.715026

 Forces referred to Sref, Cref, Bref about Xref, Yref, Zref
 Standard axis orientation,  X fwd, Z down         
     CLsurf  =   0.25392     Clsurf  =   0.04842
     CYsurf  =   0.01793     Cmsurf  =  -0.01702
     CDsurf  =   0.00600     Cnsurf  =   0.00164
     CDisurf =   0.00600     CDvsurf =   0.00000

 Forces referred to Ssurf, Cave 
     CLsurf  =   0.49687     CDsurf  =   0.01171

 Strip Forces referred to Strip Area, Chord
    j     Xle      Yle      Zle      Chord    Area     c_cl     ai     cl_norm    cl       cd       cdv    cm_c/4     cm_LE   C.P.x/c
    31  13.6181  -0.0114  -0.9295   7.7520   0.3539   3.4447   0.0933   0.5568   0.4313   0.3817   0.0000  -0.0431   0.1259    0.350
    32  13.6830  -0.1025  -0.9255   7.6885   1.0492   3.1633   0.0928   0.5285   0.4094   0.0651   0.0000  -0.0412   0.1177    0.351
    33  13.8120  -0.2837  -0.9176   7.5620   1.7073   3.1372   0.0912   0.5339   0.4136   0.0435   0.0000  -0.0402   0.1175    0.347
    34  14.0037  -0.5530  -0.9059   7.3741   2.3052   3.1193   0.0884   0.5447   0.4219   0.0386   0.0000  -0.0382   0.1176    0.341
    35  14.2560  -0.9075  -0.8904   7.1267   2.8223   3.0911   0.0841   0.5587   0.4328   0.0354   0.0000  -0.0357   0.1177    0.333
    36  14.5662  -1.3432  -0.8714   6.8226   3.2414   3.0446   0.0786   0.5750   0.4454   0.0318   0.0000  -0.0333   0.1183    0.325
    37  14.9309  -1.8554  -0.8490   6.4651   3.5491   2.9742   0.0730   0.5930   0.4593   0.0276   0.0000  -0.0312   0.1194    0.318
    38  15.3460  -2.4386  -0.8236   6.0582   3.7368   2.8759   0.0665   0.6122   0.4742   0.0228   0.0000  -0.0297   0.1212    0.313
    39  15.8070  -3.0862  -0.7953   5.6062   3.8005   2.7483   0.0566   0.6325   0.4899   0.0172   0.0000  -0.0290   0.1238    0.309
    40  16.2877  -3.7613  -0.7658   5.1351   3.4440   2.6007   0.0462   0.6537   0.5063   0.0118   0.0000  -0.0287   0.1269    0.307
    41  16.7803  -4.4532  -0.7356   4.6522   3.3149   2.4399   0.0356   0.6772   0.5245   0.0069   0.0000  -0.0284   0.1303    0.304
    42  17.2999  -5.1831  -0.7037   4.1429   3.0930   2.2647   0.0201   0.7062   0.5470   0.0001   0.0000  -0.0279   0.1344    0.301
    43  17.8026  -6.0123  -0.6437   3.7903   3.4706   2.0942   0.0100   0.6754   0.5529  -0.0025   0.0000  -0.0246   0.1452    0.294
    44  18.2809  -6.9353  -0.5549   3.6075   3.3775   1.9623   0.0128   0.6649   0.5444  -0.0023   0.0000  -0.0239   0.1427    0.294
    45  18.7672  -7.8737  -0.4645   3.4215   3.2389   1.8431   0.0137   0.6585   0.5391  -0.0026   0.0000  -0.0241   0.1417    0.295
    46  19.2562  -8.8172  -0.3736   3.2345   3.0619   1.7307   0.0139   0.6541   0.5355  -0.0030   0.0000  -0.0249   0.1416    0.296
    47  19.7425  -9.7556  -0.2833   3.0486   2.8543   1.6224   0.0138   0.6506   0.5326  -0.0033   0.0000  -0.0264   0.1423    0.300
    48  20.2208 -10.6786  -0.1944   2.8657   2.6239   1.5177   0.0138   0.6474   0.5300  -0.0035   0.0000  -0.0291   0.1441    0.305
    49  20.6858 -11.5760  -0.1080   2.6879   2.3787   1.4166   0.0140   0.6442   0.5275  -0.0024   0.0000  -0.0343   0.1482    0.315
    50  21.1299 -12.4328  -0.0255   2.5181   2.1010   1.3206   0.0153   0.6413   0.5250  -0.0078   0.0000  -0.0512   0.1625    0.347
    51  21.5482 -13.2400   0.0523   2.3582   1.8520   1.2284   0.0178   0.6369   0.5214  -0.0062   0.0000  -0.0525   0.1629    0.351
    52  21.9390 -13.9941   0.1249   2.2087   1.6074   1.1360   0.0213   0.6288   0.5148  -0.0058   0.0000  -0.0513   0.1604    0.350
    53  22.2979 -14.6868   0.1916   2.0715   1.3716   1.0396   0.0258   0.6136   0.5024  -0.0057   0.0000  -0.0483   0.1549    0.346
    54  22.6211 -15.3105   0.2516   1.9479   1.1479   0.9347   0.0309   0.5867   0.4803  -0.0058   0.0000  -0.0435   0.1458    0.341
    55  22.9051 -15.8583   0.3044   1.8393   0.9381   0.8168   0.0362   0.5430   0.4445  -0.0059   0.0000  -0.0376   0.1325    0.335
    56  23.1466 -16.3244   0.3493   1.7470   0.7427   0.6828   0.0414   0.4780   0.3913  -0.0064   0.0000  -0.0323   0.1160    0.333
    57  23.5299 -16.6722   0.3828   1.4928   0.4131   0.5393   0.0458   1.2167   0.3618  -0.0104   0.0000  -0.0151   0.0501    0.292
    58  23.9809 -16.9098   0.4056   1.1466   0.2292   0.3944   0.0505   1.1600   0.3450  -0.0229   0.0000   0.0042   0.0391    0.238
    59  24.2843 -17.0696   0.4210   0.9138   0.1104   0.2408   0.0535   0.8904   0.2648  -0.0311   0.0000   0.0200   0.0221    0.174
    60  24.4368 -17.1499   0.4287   0.7967   0.0322   0.0810   0.0554   0.3448   0.1025  -0.0216   0.0000   0.0131   0.0061    0.122

  Surface # 3     horizontal_stabilizer                   
     # Chordwise = 10   # Spanwise = 30     First strip = 61
     Surface area Ssurf =   20.744605     Ave. chord Cave =    2.848571

 Forces referred to Sref, Cref, Bref about Xref, Yref, Zref
 Standard axis orientation,  X fwd, Z down         
     CLsurf  =  -0.00242     Clsurf  =   0.00010
     CYsurf  =   0.00040     Cmsurf  =   0.00843
     CDsurf  =  -0.00010     Cnsurf  =  -0.00018
     CDisurf =  -0.00010     CDvsurf =   0.00000

 Forces referred to Ssurf, Cave 
     CLsurf  =  -0.01477     CDsurf  =  -0.00058

 Strip Forces referred to Strip Area, Chord
    j     Xle      Yle      Zle      Chord    Area     c_cl     ai     cl_norm    cl       cd       cdv    cm_c/4     cm_LE   C.P.x/c
    61  33.0230   0.0046   1.4667   4.2713   0.0803  -0.1026   0.0504  -0.0312  -0.0241   0.0013   0.0000   0.0007   0.0057    0.280
    62  33.0469   0.0418   1.4723   4.2566   0.2392  -0.1058   0.0503  -0.0322  -0.0248  -0.0007   0.0000   0.0007   0.0059    0.278
    63  33.0943   0.1156   1.4835   4.2274   0.3930  -0.1060   0.0499  -0.0325  -0.0251  -0.0009   0.0000   0.0006   0.0059    0.275
    64  33.1649   0.2254   1.5002   4.1839   0.5386  -0.1061   0.0494  -0.0329  -0.0253  -0.0009   0.0000   0.0005   0.0058    0.269
    65  33.2578   0.3698   1.5221   4.1268   0.6730  -0.1060   0.0486  -0.0333  -0.0257  -0.0009   0.0000   0.0003   0.0057    0.260
    66  33.3719   0.5474   1.5490   4.0565   0.7936  -0.1058   0.0476  -0.0338  -0.0261  -0.0010   0.0000   0.0000   0.0056    0.250
    67  33.5097   0.7617   1.5816   3.9717   0.9441  -0.1052   0.0462  -0.0343  -0.0265  -0.0010   0.0000  -0.0003   0.0054    0.240
    68  33.6704   1.0116   1.6195   3.8728   1.0344  -0.1041   0.0446  -0.0348  -0.0269  -0.0010   0.0000  -0.0006   0.0052    0.229
    69  33.8488   1.2891   1.6616   3.7630   1.1046  -0.1021   0.0429  -0.0351  -0.0271  -0.0010   0.0000  -0.0009   0.0051    0.218
    70  34.0430   1.5912   1.7075   3.6435   1.1542  -0.0989   0.0411  -0.0352  -0.0271  -0.0011   0.0000  -0.0011   0.0048    0.208
    71  34.2510   1.9146   1.7565   3.5155   1.1831  -0.0941   0.0393  -0.0347  -0.0268  -0.0011   0.0000  -0.0014   0.0045    0.198
    72  34.4703   2.2558   1.8083   3.3805   1.1921  -0.0876   0.0376  -0.0336  -0.0259  -0.0010   0.0000  -0.0016   0.0042    0.188
    73  34.6987   2.6109   1.8622   3.2400   1.1821  -0.0791   0.0360  -0.0316  -0.0244  -0.0010   0.0000  -0.0017   0.0037    0.179
    74  34.9335   2.9762   1.9177   3.0955   1.1548  -0.0688   0.0346  -0.0288  -0.0222  -0.0009   0.0000  -0.0018   0.0032    0.168
    75  35.1723   3.3476   1.9740   2.9485   1.1122  -0.0570   0.0333  -0.0250  -0.0193  -0.0008   0.0000  -0.0018   0.0026    0.155
    76  35.4124   3.7210   2.0307   2.8008   1.0564  -0.0440   0.0322  -0.0204  -0.0157  -0.0006   0.0000  -0.0018   0.0019    0.137
    77  35.6512   4.0924   2.0871   2.6538   0.9900  -0.0305   0.0313  -0.0149  -0.0115  -0.0004   0.0000  -0.0016   0.0011    0.109
    78  35.8861   4.4577   2.1425   2.5093   0.9155  -0.0171   0.0307  -0.0088  -0.0068  -0.0003   0.0000  -0.0014   0.0003    0.044
    79  36.1144   4.8128   2.1964   2.3687   0.8353  -0.0044   0.0303  -0.0024  -0.0019  -0.0001   0.0000  -0.0011  -0.0005   -0.343
    80  36.3338   5.1540   2.2482   2.2338   0.7518   0.0070   0.0301   0.0040   0.0031   0.0001   0.0000  -0.0007  -0.0013    0.484
    81  36.5417   5.4774   2.2973   2.1058   0.6671   0.0166   0.0300   0.0102   0.0079   0.0003   0.0000  -0.0003  -0.0019    0.285
    82  36.7359   5.7795   2.3431   1.9862   0.5830   0.0241   0.0301   0.0157   0.0121   0.0004   0.0000   0.0002  -0.0024    0.230
    83  36.9144   6.0570   2.3852   1.8764   0.5012   0.0293   0.0302   0.0202   0.0156   0.0005   0.0000   0.0008  -0.0026    0.198
    84  37.0750   6.3069   2.4232   1.7776   0.4225   0.0321   0.0304   0.0234   0.0181   0.0006   0.0000   0.0014  -0.0027    0.173
    85  37.2162   6.5264   2.4565   1.6907   0.3478   0.0327   0.0305   0.0251   0.0193   0.0006   0.0000   0.0019  -0.0025    0.151
    86  37.3480   6.7314   2.4876   1.6096   0.3326   0.0311   0.0307   0.0251   0.0193   0.0005   0.0000   0.0024  -0.0021    0.128
    87  37.4657   6.9144   2.5154   1.5372   0.2507   0.0270   0.0309   0.0228   0.0175   0.0005   0.0000   0.0025  -0.0016    0.105
    88  37.5551   7.0535   2.5365   1.4822   0.1746   0.0208   0.0310   0.0182   0.0140   0.0003   0.0000   0.0023  -0.0010    0.084
    89  37.6153   7.1471   2.5508   1.4451   0.1029   0.0131   0.0310   0.0117   0.0091   0.0002   0.0000   0.0017  -0.0005    0.067
    90  37.6455   7.1941   2.5579   1.4265   0.0340   0.0045   0.0311   0.0041   0.0031   0.0000   0.0000   0.0006  -0.0002    0.059

  Surface # 4     horizontal_stabilizer (YDUP)            
     # Chordwise = 10   # Spanwise = 30     First strip = 91
     Surface area Ssurf =   20.744605     Ave. chord Cave =    2.848571

 Forces referred to Sref, Cref, Bref about Xref, Yref, Zref
 Standard axis orientation,  X fwd, Z down         
     CLsurf  =  -0.00242     Clsurf  =  -0.00010
     CYsurf  =  -0.00040     Cmsurf  =   0.00843
     CDsurf  =  -0.00010     Cnsurf  =   0.00018
     CDisurf =  -0.00010     CDvsurf =   0.00000

 Forces referred to Ssurf, Cave 
     CLsurf  =  -0.01477     CDsurf  =  -0.00058

 Strip Forces referred to Strip Area, Chord
    j     Xle      Yle      Zle      Chord    Area     c_cl     ai     cl_norm    cl       cd       cdv    cm_c/4     cm_LE   C.P.x/c
    91  33.0230  -0.0046   1.4667   4.2713   0.0803  -0.1026   0.0504  -0.0312  -0.0241   0.0013   0.0000   0.0007  -0.0057    0.280
    92  33.0469  -0.0418   1.4723   4.2566   0.2392  -0.1058   0.0503  -0.0322  -0.0248  -0.0007   0.0000   0.0007  -0.0059    0.278
    93  33.0943  -0.1156   1.4835   4.2274   0.3930  -0.1060   0.0499  -0.0325  -0.0251  -0.0009   0.0000   0.0006  -0.0059    0.275
    94  33.1649  -0.2254   1.5002   4.1839   0.5386  -0.1061   0.0494  -0.0329  -0.0253  -0.0009   0.0000   0.0005  -0.0058    0.269
    95  33.2578  -0.3698   1.5221   4.1268   0.6730  -0.1060   0.0486  -0.0333  -0.0257  -0.0009   0.0000   0.0003  -0.0057    0.260
    96  33.3719  -0.5474   1.5490   4.0565   0.7936  -0.1058   0.0476  -0.0338  -0.0261  -0.0010   0.0000   0.0000  -0.0056    0.250
    97  33.5097  -0.7617   1.5816   3.9717   0.9441  -0.1052   0.0462  -0.0343  -0.0265  -0.0010   0.0000  -0.0003  -0.0054    0.240
    98  33.6704  -1.0116   1.6195   3.8728   1.0344  -0.1041   0.0446  -0.0348  -0.0269  -0.0010   0.0000  -0.0006  -0.0052    0.229
    99  33.8488  -1.2891   1.6616   3.7630   1.1046  -0.1021   0.0429  -0.0351  -0.0271  -0.0010   0.0000  -0.0009  -0.0051    0.218
   100  34.0430  -1.5912   1.7075   3.6435   1.1542  -0.0989   0.0411  -0.0352  -0.0271  -0.0011   0.0000  -0.0011  -0.0048    0.208
   101  34.2510  -1.9146   1.7565   3.5155   1.1831  -0.0941   0.0393  -0.0347  -0.0268  -0.0011   0.0000  -0.0014  -0.0045    0.198
   102  34.4703  -2.2558   1.8083   3.3805   1.1921  -0.0876   0.0376  -0.0336  -0.0259  -0.0010   0.0000  -0.0016  -0.0042    0.188
   103  34.6987  -2.6109   1.8622   3.2400   1.1821  -0.0791   0.0360  -0.0316  -0.0244  -0.0010   0.0000  -0.0017  -0.0037    0.179
   104  34.9335  -2.9762   1.9177   3.0955   1.1548  -0.0688   0.0346  -0.0288  -0.0222  -0.0009   0.0000  -0.0018  -0.0032    0.168
   105  35.1723  -3.3476   1.9740   2.9485   1.1122  -0.0570   0.0333  -0.0250  -0.0193  -0.0008   0.0000  -0.0018  -0.0026    0.155
   106  35.4124  -3.7210   2.0307   2.8008   1.0564  -0.0440   0.0322  -0.0204  -0.0157  -0.0006   0.0000  -0.0018  -0.0019    0.137
   107  35.6512  -4.0924   2.0871   2.6538   0.9900  -0.0305   0.0313  -0.0149  -0.0115  -0.0004   0.0000  -0.0016  -0.0011    0.109
   108  35.8861  -4.4577   2.1425   2.5093   0.9155  -0.0171   0.0307  -0.0088  -0.0068  -0.0003   0.0000  -0.0014  -0.0003    0.044
   109  36.1144  -4.8128   2.1964   2.3687   0.8353  -0.0044   0.0303  -0.0024  -0.0019  -0.0001   0.0000  -0.0011   0.0005   -0.343
   110  36.3338  -5.1540   2.2482   2.2338   0.7518   0.0070   0.0301   0.0040   0.0031   0.0001   0.0000  -0.0007   0.0013    0.484
   111  36.5417  -5.4774   2.2973   2.1058   0.6671   0.0166   0.0300   0.0102   0.0079   0.0003   0.0000  -0.0003   0.0019    0.285
   112  36.7359  -5.7795   2.3431   1.9862   0.5830   0.0241   0.0301   0.0157   0.0121   0.0004   0.0000   0.0002   0.0024    0.230
   113  36.9144  -6.0570   2.3852   1.8764   0.5012   0.0293   0.0302   0.0202   0.0156   0.0005   0.0000   0.0008   0.0026    0.198
   114  37.0750  -6.3069   2.4232   1.7776   0.4225   0.0321   0.0304   0.0234   0.0181   0.0006   0.0000   0.0014   0.0027    0.173
   115  37.2162  -6.5264   2.4565   1.6907   0.3478   0.0327   0.0305   0.0251   0.0193   0.0006   0.0000   0.0019   0.0025    0.151
   116  37.3480  -6.7314   2.4876   1.6096   0.3326   0.0311   0.0307   0.0251   0.0193   0.0005   0.0000   0.0024   0.0021    0.128
   117  37.4657  -6.9144   2.5154   1.5372   0.2507   0.0270   0.0309   0.0228   0.0175   0.0005   0.0000   0.0025   0.0016    0.105
   118  37.5551  -7.0535   2.5365   1.4822   0.1746   0.0208   0.0310   0.0182   0.0140   0.0003   0.0000   0.0023   0.0010    0.084
   119  37.6153  -7.1471   2.5508   1.4451   0.1029   0.0131   0.0310   0.0117   0.0091   0.0002   0.0000   0.0017   0.0005    0.067
   120  37.6455  -7.1941   2.5579   1.4265   0.0340   0.0045   0.0311   0.0041   0.0031   0.0000   0.0000   0.0006   0.0002    0.059

  Surface # 5     vertical_stabilizer                     
     # Chordwise = 10   # Spanwise = 30     First strip =121
     Surface area Ssurf =   34.910363     Ave. chord Cave =    4.190920

 Forces referred to Sref, Cref, Bref about Xref, Yref, Zref
 Standard axis orientation,  X fwd, Z down         
     CLsurf  =   0.00000     Clsurf  =  -0.00000
     CYsurf  =  -0.00000     Cmsurf  =  -0.00000
     CDsurf  =   0.00000     Cnsurf  =   0.00000
     CDisurf =   0.00000     CDvsurf =   0.00000

 Forces referred to Ssurf, Cave 
     CLsurf  =   0.00000     CDsurf  =   0.00000

 Strip Forces referred to Strip Area, Chord
    j     Xle      Yle      Zle      Chord    Area     c_cl     ai     cl_norm    cl       cd       cdv    cm_c/4     cm_LE   C.P.x/c
   121  27.0137   0.0000   1.5690  10.0347   0.6931   0.0000  -0.0000   0.0000   0.0000   0.0000   0.0000   0.0000   0.0000   -0.551
   122  27.2327   0.0000   1.6601   9.8296   1.1101   0.0000  -0.0000   0.0000   0.0000   0.0000   0.0000   0.0000   0.0000   -0.573
   123  27.5561   0.0000   1.7947   9.5266   1.4857   0.0000   0.0000   0.0000   0.0000   0.0000   0.0000   0.0000   0.0000   -0.511
   124  27.9815   0.0000   1.9717   9.1281   1.8040   0.0000  -0.0000   0.0000   0.0000  -0.0000   0.0000   0.0000   0.0000   -0.221
   125  28.5051   0.0000   2.1895   8.6377   2.0517   0.0000  -0.0000   0.0000   0.0000   0.0000   0.0000   0.0000   0.0000  999.000
   126  29.1220   0.0000   2.4462   8.0598   2.2181   0.0000  -0.0000   0.0000   0.0000   0.0000   0.0000   0.0000   0.0000   -0.500
   127  29.8264   0.0000   2.7392   7.4000   2.2957   0.0000  -0.0000   0.0000   0.0000  -0.0000   0.0000   0.0000   0.0000   -0.101
   128  30.6115   0.0000   3.0659   6.6646   2.2808   0.0000  -0.0000   0.0000   0.0000  -0.0000   0.0000   0.0000  -0.0000    0.186
   129  31.4694   0.0000   3.4228   5.8609   2.1733   0.0000  -0.0000   0.0000   0.0000   0.0000   0.0000  -0.0000  -0.0000    0.258
   130  32.3918   0.0000   3.8066   4.9969   1.9773   0.0000   0.0000   0.0000   0.0000  -0.0000   0.0000  -0.0000  -0.0000    0.308
   131  33.0131   0.0000   4.1929   4.4389   1.6667   0.0000  -0.0000   0.0000   0.0000  -0.0000   0.0000   0.0000  -0.0000    0.070
   132  33.3001   0.0000   4.5764   4.2198   1.6478   0.0000  -0.0000   0.0000   0.0000   0.0000   0.0000   0.0000  -0.0000    0.131
   133  33.5969   0.0000   4.9729   3.9932   1.6033   0.0000  -0.0000   0.0000   0.0000  -0.0000   0.0000   0.0000   0.0000   -0.119
   134  33.9004   0.0000   5.3784   3.7615   1.5362   0.0000  -0.0000   0.0000   0.0000  -0.0000   0.0000   0.0000  -0.0000    0.134
   135  34.2075   0.0000   5.7886   3.5271   1.4499   0.0000  -0.0000   0.0000   0.0000   0.0000   0.0000   0.0000  -0.0000    0.248
   136  34.5150   0.0000   6.1995   3.2923   1.3482   0.0000   0.0000   0.0000   0.0000   0.0000   0.0000   0.0000  -0.0000    0.237
   137  34.8197   0.0000   6.6066   3.0597   1.2352   0.0000  -0.0000   0.0000   0.0000  -0.0000   0.0000  -0.0000  -0.0000    0.293
   138  35.1185   0.0000   7.0058   2.8315   1.1147   0.0000   0.0000   0.0000   0.0000  -0.0000   0.0000  -0.0000  -0.0000    0.469
   139  35.4083   0.0000   7.3929   2.6103   0.9908   0.0000  -0.0000   0.0000   0.0000   0.0000   0.0000  -0.0000  -0.0000    0.451
   140  35.6860   0.0000   7.7640   2.3983   0.8670   0.0000  -0.0000   0.0000   0.0000   0.0000   0.0000  -0.0000  -0.0000    0.405
   141  35.9487   0.0000   8.1150   2.1977   0.7464   0.0000  -0.0000   0.0000   0.0000   0.0000   0.0000  -0.0000  -0.0000    0.359
   142  36.1937   0.0000   8.4424   2.0106   0.6318   0.0000   0.0000   0.0000   0.0000  -0.0000   0.0000  -0.0000  -0.0000    0.375
   143  36.4185   0.0000   8.7426   1.8390   0.5251   0.0000   0.0000   0.0000   0.0000   0.0000   0.0000  -0.0000  -0.0000    0.312
   144  36.6206   0.0000   9.0127   1.6847   0.4276   0.0000  -0.0000   0.0000   0.0000  -0.0000   0.0000   0.0000  -0.0000    0.126
   145  36.7980   0.0000   9.2496   1.5493   0.3400   0.0000   0.0000   0.0000   0.0000  -0.0000   0.0000  -0.0000  -0.0000    0.322
   146  36.9487   0.0000   9.4510   1.4342   0.2622   0.0000  -0.0000   0.0000   0.0000  -0.0000   0.0000   0.0000  -0.0000    0.155
   147  37.0713   0.0000   9.6148   1.3407   0.1933   0.0000  -0.0000   0.0000   0.0000  -0.0000   0.0000   0.0000   0.0000   -0.068
   148  37.1643   0.0000   9.7391   1.2696   0.1322   0.0000  -0.0000   0.0000   0.0000  -0.0000   0.0000   0.0000  -0.0000    0.046
   149  37.2269   0.0000   9.8227   1.2218   0.0769   0.0000   0.0000   0.0000   0.0000  -0.0000   0.0000  -0.0000  -0.0000    0.313
   150  37.2584   0.0000   9.8647   1.1978   0.0252   0.0000  -0.0000   0.0000   0.0000  -0.0000   0.0000   0.0000  -0.0000   -0.005

  Surface # 6     fuselage_horizontal                     
     # Chordwise = 10   # Spanwise = 10     First strip =151
     Surface area Ssurf =  123.841199     Ave. chord Cave =   33.112620

 Forces referred to Sref, Cref, Bref about Xref, Yref, Zref
 Standard axis orientation,  X fwd, Z down         
     CLsurf  =  -0.00076     Clsurf  =   0.00000
     CYsurf  =   0.00000     Cmsurf  =   0.01134
     CDsurf  =  -0.00008     Cnsurf  =   0.00000
     CDisurf =  -0.00008     CDvsurf =   0.00000

 Forces referred to Ssurf, Cave 
     CLsurf  =  -0.00076     CDsurf  =  -0.00008

 Strip Forces referred to Strip Area, Chord
    j     Xle      Yle      Zle      Chord    Area     c_cl     ai     cl_norm    cl       cd       cdv    cm_c/4     cm_LE   C.P.x/c
   151   5.0231  -1.6830   0.0000  26.5957   9.9468  -0.0370   0.0501  -0.0169  -0.0014  -0.0008   0.0000   0.0017   0.0003    1.484
   152   2.9203  -1.3090   0.0000  31.2096  11.6724  -0.0367   0.0582  -0.0045  -0.0012  -0.0003   0.0000   0.0018   0.0005    1.829
   153   1.6676  -0.9350   0.0000  34.0626  12.7394  -0.0257   0.0684  -0.0018  -0.0008  -0.0000   0.0000   0.0018   0.0007  999.000
   154   0.7666  -0.5610   0.0000  36.1620  13.5246  -0.0164   0.0745  -0.0008  -0.0005   0.0002   0.0000   0.0017   0.0008  999.000
   155   0.1963  -0.1870   0.0000  37.5333  14.0374  -0.0113   0.0777  -0.0004  -0.0003   0.0003   0.0000   0.0016   0.0012  999.000
   156   0.1963   0.1870   0.0000  37.5333  14.0374  -0.0113   0.0777  -0.0004  -0.0003   0.0003   0.0000   0.0016   0.0012  999.000
   157   0.7666   0.5610   0.0000  36.1620  13.5246  -0.0164   0.0745  -0.0008  -0.0005   0.0002   0.0000   0.0017   0.0008  999.000
   158   1.6676   0.9350   0.0000  34.0626  12.7394  -0.0257   0.0684  -0.0018  -0.0008  -0.0000   0.0000   0.0018   0.0007  999.000
   159   2.9202   1.3090   0.0000  31.2096  11.6724  -0.0367   0.0582  -0.0045  -0.0012  -0.0003   0.0000   0.0018   0.0005    1.829
   160   5.0231   1.6830   0.0000  26.5957   9.9468  -0.0370   0.0501  -0.0169  -0.0014  -0.0008   0.0000   0.0017   0.0003    1.484

  Surface # 7     fuselage_vertical                       
     # Chordwise = 10   # Spanwise = 10     First strip =161
     Surface area Ssurf =  123.841199     Ave. chord Cave =   33.112620

 Forces referred to Sref, Cref, Bref about Xref, Yref, Zref
 Standard axis orientation,  X fwd, Z down         
     CLsurf  =  -0.00000     Clsurf  =  -0.00000
     CYsurf  =  -0.00000     Cmsurf  =   0.00000
     CDsurf  =   0.00000     Cnsurf  =   0.00000
     CDisurf =   0.00000     CDvsurf =   0.00000

 Forces referred to Ssurf, Cave 
     CLsurf  =   0.00000     CDsurf  =   0.00000

 Strip Forces referred to Strip Area, Chord
    j     Xle      Yle      Zle      Chord    Area     c_cl     ai     cl_norm    cl       cd       cdv    cm_c/4     cm_LE   C.P.x/c
   161   5.0231   0.0000  -1.6830  26.5957   9.9468   0.0000   0.0000   0.0000   0.0000   0.0000   0.0000  -0.0000  -0.0000    1.977
   162   2.9203   0.0000  -1.3090  31.2096  11.6724   0.0000  -0.0000   0.0000   0.0000   0.0000   0.0000  -0.0000  -0.0000    0.287
   163   1.6676   0.0000  -0.9350  34.0626  12.7394   0.0000   0.0000   0.0000   0.0000   0.0000   0.0000  -0.0000  -0.0000    0.390
   164   0.7666   0.0000  -0.5610  36.1620  13.5246   0.0000  -0.0000   0.0000   0.0000   0.0000   0.0000  -0.0000  -0.0000    0.447
   165   0.1963   0.0000  -0.1870  37.5333  14.0374   0.0000  -0.0000   0.0000   0.0000  -0.0000   0.0000  -0.0000  -0.0000    0.521
   166   0.1963   0.0000   0.1870  37.5333  14.0374   0.0000  -0.0000   0.0000   0.0000  -0.0000   0.0000  -0.0000  -0.0000    0.579
   167   0.7666   0.0000   0.5610  36.1620  13.5246   0.0000  -0.0000   0.0000   0.0000   0.0000   0.0000  -0.0000  -0.0000    0.551
   168   1.6676   0.0000   0.9350  34.0626  12.7394   0.0000  -0.0000   0.0000   0.0000   0.0000   0.0000  -0.0000  -0.0000    0.601
   169   2.9202   0.0000   1.3090  31.2096  11.6724   0.0000  -0.0000   0.0000   0.0000  -0.0000   0.0000  -0.0000  -0.0000    0.556
   170   5.0231   0.0000   1.6830  26.5957   9.9468   0.0000  -0.0000   0.0000   0.0000   0.0000   0.0000  -0.0000  -0.0000    0.622
 ---------------------------------------------------------------
