 ---------------------------------------------------------------
 Surface and Strip Forces by surface

  Sref =  124.86       Cref =  4.4875       Bref =  34.320    
  Xref =  18.914       Yref =  0.0000       Zref =-0.17619    

  Surface # 1     main_wing                               
     # Chordwise = 10   # Spanwise = 30     First strip =  1
     Surface area Ssurf =   63.968838     Ave. chord Cave =    3.715026

 Forces referred to Sref, Cref, Bref about Xref, Yref, Zref
 Standard axis orientation,  X fwd, Z down         
     CLsurf  =   0.01182     Clsurf  =   0.00209
     CYsurf  =  -0.00007     Cmsurf  =   0.01036
     CDsurf  =   0.00038     Cnsurf  =  -0.00016
     CDisurf =   0.00038     CDvsurf =   0.00000

 Forces referred to Ssurf, Cave 
     CLsurf  =   0.02302     CDsurf  =   0.00074

 Strip Forces referred to Strip Area, Chord
    j     Xle      Yle      Zle      Chord    Area     c_cl     ai     cl_norm    cl       cd       cdv    cm_c/4     cm_LE   C.P.x/c
     1  13.6181   0.0114  -0.9295   7.7520   0.3539   0.7495   0.0125   0.1252   0.0973   0.0169   0.0000  -0.0072  -0.0255    0.324
     2  13.6830   0.1025  -0.9255   7.6885   1.0492   0.7384   0.0117   0.1238   0.0962   0.0045   0.0000  -0.0071  -0.0253    0.324
     3  13.8120   0.2837  -0.9176   7.5620   1.7073   0.7339   0.0100   0.1251   0.0972   0.0036   0.0000  -0.0069  -0.0253    0.321
     4  14.0037   0.5530  -0.9059   7.3741   2.3052   0.7233   0.0075   0.1264   0.0982   0.0031   0.0000  -0.0065  -0.0252    0.316
     5  14.2560   0.9075  -0.8904   7.1267   2.8223   0.7021   0.0051   0.1270   0.0987   0.0026   0.0000  -0.0062  -0.0251    0.313
     6  14.5662   1.3432  -0.8714   6.8226   3.2414   0.6667   0.0059   0.1259   0.0978   0.0020   0.0000  -0.0062  -0.0249    0.313
     7  14.9309   1.8554  -0.8490   6.4651   3.5491   0.6138   0.0157   0.1223   0.0951   0.0014   0.0000  -0.0064  -0.0245    0.317
     8  15.3460   2.4386  -0.8236   6.0582   3.7368   0.5417   0.0234   0.1152   0.0895   0.0008   0.0000  -0.0069  -0.0238    0.328
     9  15.8070   3.0862  -0.7953   5.6062   3.8005   0.4509   0.0161   0.1036   0.0805   0.0002   0.0000  -0.0079  -0.0228    0.348
    10  16.2877   3.7613  -0.7658   5.1351   3.4440   0.3506   0.0065   0.0879   0.0683  -0.0002   0.0000  -0.0089  -0.0211    0.380
    11  16.7803   4.4532  -0.7356   4.6522   3.3149   0.2471  -0.0017   0.0684   0.0531  -0.0004   0.0000  -0.0098  -0.0188    0.434
    12  17.2999   5.1831  -0.7037   4.1429   3.0930   0.1403  -0.0117   0.0436   0.0339  -0.0004   0.0000  -0.0112  -0.0160    0.580
    13  17.8026   6.0123  -0.6437   3.7903   3.4706   0.0481  -0.0164   0.0154   0.0127  -0.0002   0.0000  -0.0125  -0.0140    1.239
    14  18.2809   6.9353  -0.5549   3.6075   3.3775  -0.0134  -0.0121  -0.0045  -0.0037   0.0000   0.0000  -0.0133  -0.0110  999.000
    15  18.7672   7.8737  -0.4645   3.4215   3.2389  -0.0586  -0.0086  -0.0208  -0.0171   0.0001   0.0000  -0.0141  -0.0088   -0.575
    16  19.2562   8.8172  -0.3736   3.2345   3.0619  -0.0926  -0.0065  -0.0347  -0.0286   0.0002   0.0000  -0.0151  -0.0071   -0.277
    17  19.7425   9.7556  -0.2833   3.0486   2.8543  -0.1185  -0.0057  -0.0472  -0.0389   0.0003   0.0000  -0.0162  -0.0059   -0.168
    18  20.2208  10.6786  -0.1944   2.8657   2.6239  -0.1384  -0.0060  -0.0587  -0.0483   0.0003   0.0000  -0.0178  -0.0052   -0.119
    19  20.6858  11.5760  -0.1080   2.6879   2.3787  -0.1530  -0.0070  -0.0691  -0.0569   0.0002   0.0000  -0.0210  -0.0061   -0.118
    20  21.1299  12.4328  -0.0255   2.5181   2.1010  -0.1603  -0.0078  -0.0773  -0.0637   0.0010   0.0000  -0.0344  -0.0165   -0.290
    21  21.5482  13.2400   0.0523   2.3582   1.8520  -0.1598  -0.0080  -0.0823  -0.0678   0.0003   0.0000  -0.0361  -0.0171   -0.282
    22  21.9390  13.9941   0.1249   2.2087   1.6074  -0.1533  -0.0080  -0.0843  -0.0694   0.0002   0.0000  -0.0367  -0.0174   -0.279
    23  22.2979  14.6868   0.1916   2.0715   1.3716  -0.1418  -0.0079  -0.0831  -0.0685   0.0001   0.0000  -0.0372  -0.0180   -0.294
    24  22.6211  15.3105   0.2516   1.9479   1.1479  -0.1259  -0.0075  -0.0785  -0.0647  -0.0000   0.0000  -0.0375  -0.0191   -0.330
    25  22.9051  15.8583   0.3044   1.8393   0.9381  -0.1064  -0.0066  -0.0703  -0.0579  -0.0002   0.0000  -0.0368  -0.0200   -0.386
    26  23.1466  16.3244   0.3493   1.7470   0.7427  -0.0849  -0.0054  -0.0590  -0.0486  -0.0004   0.0000  -0.0325  -0.0182   -0.419
    27  23.5299  16.6722   0.3828   1.4928   0.4131  -0.0646  -0.0049  -0.1429  -0.0434  -0.0015   0.0000  -0.0168  -0.0030   -0.139
    28  23.9809  16.9098   0.4056   1.1466   0.2292  -0.0456  -0.0044  -0.1313  -0.0398  -0.0010   0.0000  -0.0165  -0.0032   -0.164
    29  24.2843  17.0696   0.4210   0.9138   0.1104  -0.0270  -0.0034  -0.0974  -0.0296  -0.0013   0.0000  -0.0150  -0.0037   -0.258
    30  24.4368  17.1499   0.4287   0.7967   0.0322  -0.0088  -0.0023  -0.0368  -0.0112  -0.0020   0.0000  -0.0072  -0.0021   -0.393

  Surface # 2     main_wing (YDUP)                        
     # Chordwise = 10   # Spanwise = 30     First strip = 31
     Surface area Ssurf =   63.968838     Ave. chord Cave =    3.715026

 Forces referred to Sref, Cref, Bref about Xref, Yref, Zref
 Standard axis orientation,  X fwd, Z down         
     CLsurf  =   0.01182     Clsurf  =  -0.00209
     CYsurf  =   0.00007     Cmsurf  =   0.01036
     CDsurf  =   0.00038     Cnsurf  =   0.00016
     CDisurf =   0.00038     CDvsurf =   0.00000

 Forces referred to Ssurf, Cave 
     CLsurf  =   0.02302     CDsurf  =   0.00074

 Strip Forces referred to Strip Area, Chord
    j     Xle      Yle      Zle      Chord    Area     c_cl     ai     cl_norm    cl       cd       cdv    cm_c/4     cm_LE   C.P.x/c
    31  13.6181  -0.0114  -0.9295   7.7520   0.3539   0.7495   0.0125   0.1252   0.0973   0.0169   0.0000  -0.0072   0.0255    0.324
    32  13.6830  -0.1025  -0.9255   7.6885   1.0492   0.7384   0.0117   0.1238   0.0962   0.0045   0.0000  -0.0071   0.0253    0.324
    33  13.8120  -0.2837  -0.9176   7.5620   1.7073   0.7339   0.0100   0.1251   0.0972   0.0036   0.0000  -0.0069   0.0253    0.321
    34  14.0037  -0.5530  -0.9059   7.3741   2.3052   0.7233   0.0075   0.1264   0.0982   0.0031   0.0000  -0.0065   0.0252    0.316
    35  14.2560  -0.9075  -0.8904   7.1267   2.8223   0.7021   0.0051   0.1270   0.0987   0.0026   0.0000  -0.0062   0.0251    0.313
    36  14.5662  -1.3432  -0.8714   6.8226   3.2414   0.6667   0.0059   0.1259   0.0978   0.0020   0.0000  -0.0062   0.0249    0.313
    37  14.9309  -1.8554  -0.8490   6.4651   3.5491   0.6138   0.0157   0.1223   0.0951   0.0014   0.0000  -0.0064   0.0245    0.317
    38  15.3460  -2.4386  -0.8236   6.0582   3.7368   0.5417   0.0234   0.1152   0.0895   0.0008   0.0000  -0.0069   0.0238    0.328
    39  15.8070  -3.0862  -0.7953   5.6062   3.8005   0.4509   0.0161   0.1036   0.0805   0.0002   0.0000  -0.0079   0.0228    0.348
    40  16.2877  -3.7613  -0.7658   5.1351   3.4440   0.3506   0.0065   0.0879   0.0683  -0.0002   0.0000  -0.0089   0.0211    0.380
    41  16.7803  -4.4532  -0.7356   4.6522   3.3149   0.2471  -0.0017   0.0684   0.0531  -0.0004   0.0000  -0.0098   0.0188    0.434
    42  17.2999  -5.1831  -0.7037   4.1429   3.0930   0.1403  -0.0117   0.0436   0.0339  -0.0004   0.0000  -0.0112   0.0160    0.580
    43  17.8026  -6.0123  -0.6437   3.7903   3.4706   0.0481  -0.0164   0.0154   0.0127  -0.0002   0.0000  -0.0125   0.0140    1.239
    44  18.2809  -6.9353  -0.5549   3.6075   3.3775  -0.0134  -0.0121  -0.0045  -0.0037   0.0000   0.0000  -0.0133   0.0110  999.000
    45  18.7672  -7.8737  -0.4645   3.4215   3.2389  -0.0586  -0.0086  -0.0208  -0.0171   0.0001   0.0000  -0.0141   0.0088   -0.575
    46  19.2562  -8.8172  -0.3736   3.2345   3.0619  -0.0926  -0.0065  -0.0347  -0.0286   0.0002   0.0000  -0.0151   0.0071   -0.277
    47  19.7425  -9.7556  -0.2833   3.0486   2.8543  -0.1185  -0.0057  -0.0472  -0.0389   0.0003   0.0000  -0.0162   0.0059   -0.168
    48  20.2208 -10.6786  -0.1944   2.8657   2.6239  -0.1384  -0.0060  -0.0587  -0.0483   0.0003   0.0000  -0.0178   0.0052   -0.119
    49  20.6858 -11.5760  -0.1080   2.6879   2.3787  -0.1530  -0.0070  -0.0691  -0.0569   0.0002   0.0000  -0.0210   0.0061   -0.118
    50  21.1299 -12.4328  -0.0255   2.5181   2.1010  -0.1603  -0.0078  -0.0773  -0.0637   0.0010   0.0000  -0.0344   0.0165   -0.290
    51  21.5482 -13.2400   0.0523   2.3582   1.8520  -0.1598  -0.0080  -0.0823  -0.0678   0.0003   0.0000  -0.0361   0.0171   -0.282
    52  21.9390 -13.9941   0.1249   2.2087   1.6074  -0.1533  -0.0080  -0.0843  -0.0694   0.0002   0.0000  -0.0367   0.0174   -0.279
    53  22.2979 -14.6868   0.1916   2.0715   1.3716  -0.1418  -0.0079  -0.0831  -0.0685   0.0001   0.0000  -0.0372   0.0180   -0.294
    54  22.6211 -15.3105   0.2516   1.9479   1.1479  -0.1259  -0.0075  -0.0785  -0.0647  -0.0000   0.0000  -0.0375   0.0191   -0.330
    55  22.9051 -15.8583   0.3044   1.8393   0.9381  -0.1064  -0.0066  -0.0703  -0.0579  -0.0002   0.0000  -0.0368   0.0200   -0.386
    56  23.1466 -16.3244   0.3493   1.7470   0.7427  -0.0849  -0.0054  -0.0590  -0.0486  -0.0004   0.0000  -0.0325   0.0182   -0.419
    57  23.5299 -16.6722   0.3828   1.4928   0.4131  -0.0646  -0.0049  -0.1429  -0.0434  -0.0015   0.0000  -0.0168   0.0030   -0.139
    58  23.9809 -16.9098   0.4056   1.1466   0.2292  -0.0456  -0.0044  -0.1313  -0.0398  -0.0010   0.0000  -0.0165   0.0032   -0.164
    59  24.2843 -17.0696   0.4210   0.9138   0.1104  -0.0270  -0.0034  -0.0974  -0.0296  -0.0013   0.0000  -0.0150   0.0037   -0.258
    60  24.4368 -17.1499   0.4287   0.7967   0.0322  -0.0088  -0.0023  -0.0368  -0.0112  -0.0020   0.0000  -0.0072   0.0021   -0.393

  Surface # 3     horizontal_stabilizer                   
     # Chordwise = 10   # Spanwise = 30     First strip = 61
     Surface area Ssurf =   20.744605     Ave. chord Cave =    2.848571

 Forces referred to Sref, Cref, Bref about Xref, Yref, Zref
 Standard axis orientation,  X fwd, Z down         
     CLsurf  =  -0.02830     Clsurf  =   0.00272
     CYsurf  =   0.00456     Cmsurf  =   0.10543
     CDsurf  =   0.00010     Cnsurf  =  -0.00233
     CDisurf =   0.00010     CDvsurf =   0.00000

 Forces referred to Ssurf, Cave 
     CLsurf  =  -0.17252     CDsurf  =   0.00059

 Strip Forces referred to Strip Area, Chord
    j     Xle      Yle      Zle      Chord    Area     c_cl     ai     cl_norm    cl       cd       cdv    cm_c/4     cm_LE   C.P.x/c
    61  33.0230   0.0046   1.4667   4.2713   0.0803  -0.5806  -0.0203  -0.1720  -0.1341   0.0545   0.0000   0.0081   0.0352    0.310
    62  33.0469   0.0418   1.4723   4.2566   0.2392  -0.6570  -0.0207  -0.1977  -0.1542   0.0065   0.0000   0.0077   0.0387    0.300
    63  33.0943   0.1156   1.4835   4.2274   0.3930  -0.6630  -0.0212  -0.2011  -0.1568   0.0034   0.0000   0.0072   0.0388    0.296
    64  33.1649   0.2254   1.5002   4.1839   0.5386  -0.6646  -0.0214  -0.2037  -0.1588   0.0026   0.0000   0.0063   0.0385    0.290
    65  33.2578   0.3698   1.5221   4.1268   0.6730  -0.6649  -0.0215  -0.2066  -0.1611   0.0022   0.0000   0.0053   0.0381    0.283
    66  33.3719   0.5474   1.5490   4.0565   0.7936  -0.6642  -0.0212  -0.2100  -0.1638   0.0017   0.0000   0.0042   0.0378    0.276
    67  33.5097   0.7617   1.5816   3.9717   0.9441  -0.6622  -0.0205  -0.2139  -0.1668   0.0014   0.0000   0.0032   0.0375    0.269
    68  33.6704   1.0116   1.6195   3.8728   1.0344  -0.6582  -0.0191  -0.2180  -0.1700   0.0010   0.0000   0.0023   0.0374    0.263
    69  33.8488   1.2891   1.6616   3.7630   1.1046  -0.6519  -0.0171  -0.2222  -0.1733   0.0007   0.0000   0.0015   0.0374    0.258
    70  34.0430   1.5912   1.7075   3.6435   1.1542  -0.6427  -0.0147  -0.2263  -0.1765   0.0004   0.0000   0.0008   0.0375    0.255
    71  34.2510   1.9146   1.7565   3.5155   1.1831  -0.6304  -0.0122  -0.2301  -0.1794   0.0002   0.0000   0.0003   0.0377    0.252
    72  34.4703   2.2558   1.8083   3.3805   1.1921  -0.6148  -0.0103  -0.2333  -0.1820   0.0000   0.0000  -0.0001   0.0379    0.250
    73  34.6987   2.6109   1.8622   3.2400   1.1821  -0.5960  -0.0092  -0.2360  -0.1841  -0.0001   0.0000  -0.0004   0.0381    0.248
    74  34.9335   2.9762   1.9177   3.0955   1.1548  -0.5742  -0.0088  -0.2380  -0.1856  -0.0002   0.0000  -0.0006   0.0383    0.247
    75  35.1723   3.3476   1.9740   2.9485   1.1122  -0.5497  -0.0090  -0.2392  -0.1866  -0.0003   0.0000  -0.0007   0.0383    0.246
    76  35.4124   3.7210   2.0307   2.8008   1.0564  -0.5230  -0.0095  -0.2396  -0.1869  -0.0003   0.0000  -0.0009   0.0383    0.245
    77  35.6512   4.0924   2.0871   2.6538   0.9900  -0.4947  -0.0101  -0.2392  -0.1865  -0.0003   0.0000  -0.0010   0.0381    0.245
    78  35.8861   4.4577   2.1425   2.5093   0.9155  -0.4652  -0.0109  -0.2379  -0.1855  -0.0003   0.0000  -0.0012   0.0377    0.244
    79  36.1144   4.8128   2.1964   2.3687   0.8353  -0.4350  -0.0118  -0.2356  -0.1837  -0.0003   0.0000  -0.0014   0.0371    0.242
    80  36.3338   5.1540   2.2482   2.2338   0.7518  -0.4043  -0.0129  -0.2322  -0.1811  -0.0003   0.0000  -0.0018   0.0363    0.240
    81  36.5417   5.4774   2.2973   2.1058   0.6671  -0.3733  -0.0141  -0.2275  -0.1774  -0.0003   0.0000  -0.0023   0.0351    0.237
    82  36.7359   5.7795   2.3431   1.9862   0.5830  -0.3420  -0.0154  -0.2209  -0.1723  -0.0003   0.0000  -0.0029   0.0335    0.233
    83  36.9144   6.0570   2.3852   1.8764   0.5012  -0.3102  -0.0170  -0.2121  -0.1654  -0.0003   0.0000  -0.0038   0.0313    0.227
    84  37.0750   6.3069   2.4232   1.7776   0.4225  -0.2775  -0.0187  -0.2003  -0.1562  -0.0003   0.0000  -0.0049   0.0284    0.219
    85  37.2162   6.5264   2.4565   1.6907   0.3478  -0.2435  -0.0204  -0.1848  -0.1441  -0.0004   0.0000  -0.0061   0.0249    0.208
    86  37.3480   6.7314   2.4876   1.6096   0.3326  -0.2062  -0.0221  -0.1644  -0.1282  -0.0004   0.0000  -0.0073   0.0206    0.193
    87  37.4657   6.9144   2.5154   1.5372   0.2507  -0.1639  -0.0237  -0.1368  -0.1067  -0.0005   0.0000  -0.0080   0.0155    0.175
    88  37.5551   7.0535   2.5365   1.4822   0.1746  -0.1190  -0.0249  -0.1030  -0.0804  -0.0006   0.0000  -0.0076   0.0103    0.155
    89  37.6153   7.1471   2.5508   1.4451   0.1029  -0.0722  -0.0258  -0.0641  -0.0500  -0.0005   0.0000  -0.0056   0.0057    0.138
    90  37.6455   7.1941   2.5579   1.4265   0.0340  -0.0242  -0.0263  -0.0218  -0.0170  -0.0005   0.0000  -0.0021   0.0018    0.127

  Surface # 4     horizontal_stabilizer (YDUP)            
     # Chordwise = 10   # Spanwise = 30     First strip = 91
     Surface area Ssurf =   20.744605     Ave. chord Cave =    2.848571

 Forces referred to Sref, Cref, Bref about Xref, Yref, Zref
 Standard axis orientation,  X fwd, Z down         
     CLsurf  =  -0.02830     Clsurf  =  -0.00272
     CYsurf  =  -0.00456     Cmsurf  =   0.10543
     CDsurf  =   0.00010     Cnsurf  =   0.00233
     CDisurf =   0.00010     CDvsurf =   0.00000

 Forces referred to Ssurf, Cave 
     CLsurf  =  -0.17252     CDsurf  =   0.00059

 Strip Forces referred to Strip Area, Chord
    j     Xle      Yle      Zle      Chord    Area     c_cl     ai     cl_norm    cl       cd       cdv    cm_c/4     cm_LE   C.P.x/c
    91  33.0230  -0.0046   1.4667   4.2713   0.0803  -0.5806  -0.0203  -0.1720  -0.1341   0.0545   0.0000   0.0081  -0.0352    0.310
    92  33.0469  -0.0418   1.4723   4.2566   0.2392  -0.6570  -0.0207  -0.1977  -0.1542   0.0065   0.0000   0.0077  -0.0387    0.300
    93  33.0943  -0.1156   1.4835   4.2274   0.3930  -0.6630  -0.0212  -0.2011  -0.1568   0.0034   0.0000   0.0072  -0.0388    0.296
    94  33.1649  -0.2254   1.5002   4.1839   0.5386  -0.6646  -0.0214  -0.2037  -0.1588   0.0026   0.0000   0.0063  -0.0385    0.290
    95  33.2578  -0.3698   1.5221   4.1268   0.6730  -0.6649  -0.0215  -0.2066  -0.1611   0.0022   0.0000   0.0053  -0.0381    0.283
    96  33.3719  -0.5474   1.5490   4.0565   0.7936  -0.6642  -0.0212  -0.2100  -0.1638   0.0017   0.0000   0.0042  -0.0378    0.276
    97  33.5097  -0.7617   1.5816   3.9717   0.9441  -0.6622  -0.0205  -0.2139  -0.1668   0.0014   0.0000   0.0032  -0.0375    0.269
    98  33.6704  -1.0116   1.6195   3.8728   1.0344  -0.6582  -0.0191  -0.2180  -0.1700   0.0010   0.0000   0.0023  -0.0374    0.263
    99  33.8488  -1.2891   1.6616   3.7630   1.1046  -0.6519  -0.0171  -0.2222  -0.1733   0.0007   0.0000   0.0015  -0.0374    0.258
   100  34.0430  -1.5912   1.7075   3.6435   1.1542  -0.6427  -0.0147  -0.2263  -0.1765   0.0004   0.0000   0.0008  -0.0375    0.255
   101  34.2510  -1.9146   1.7565   3.5155   1.1831  -0.6304  -0.0122  -0.2301  -0.1794   0.0002   0.0000   0.0003  -0.0377    0.252
   102  34.4703  -2.2558   1.8083   3.3805   1.1921  -0.6148  -0.0103  -0.2333  -0.1820   0.0000   0.0000  -0.0001  -0.0379    0.250
   103  34.6987  -2.6109   1.8622   3.2400   1.1821  -0.5960  -0.0092  -0.2360  -0.1841  -0.0001   0.0000  -0.0004  -0.0381    0.248
   104  34.9335  -2.9762   1.9177   3.0955   1.1548  -0.5742  -0.0088  -0.2380  -0.1856  -0.0002   0.0000  -0.0006  -0.0383    0.247
   105  35.1723  -3.3476   1.9740   2.9485   1.1122  -0.5497  -0.0090  -0.2392  -0.1866  -0.0003   0.0000  -0.0007  -0.0383    0.246
   106  35.4124  -3.7210   2.0307   2.8008   1.0564  -0.5230  -0.0095  -0.2396  -0.1869  -0.0003   0.0000  -0.0009  -0.0383    0.245
   107  35.6512  -4.0924   2.0871   2.6538   0.9900  -0.4947  -0.0101  -0.2392  -0.1865  -0.0003   0.0000  -0.0010  -0.0381    0.245
   108  35.8861  -4.4577   2.1425   2.5093   0.9155  -0.4652  -0.0109  -0.2379  -0.1855  -0.0003   0.0000  -0.0012  -0.0377    0.244
   109  36.1144  -4.8128   2.1964   2.3687   0.8353  -0.4350  -0.0118  -0.2356  -0.1837  -0.0003   0.0000  -0.0014  -0.0371    0.242
   110  36.3338  -5.1540   2.2482   2.2338   0.7518  -0.4043  -0.0129  -0.2322  -0.1811  -0.0003   0.0000  -0.0018  -0.0363    0.240
   111  36.5417  -5.4774   2.2973   2.1058   0.6671  -0.3733  -0.0141  -0.2275  -0.1774  -0.0003   0.0000  -0.0023  -0.0351    0.237
   112  36.7359  -5.7795   2.3431   1.9862   0.5830  -0.3420  -0.0154  -0.2209  -0.1723  -0.0003   0.0000  -0.0029  -0.0335    0.233
   113  36.9144  -6.0570   2.3852   1.8764   0.5012  -0.3102  -0.0170  -0.2121  -0.1654  -0.0003   0.0000  -0.0038  -0.0313    0.227
   114  37.0750  -6.3069   2.4232   1.7776   0.4225  -0.2775  -0.0187  -0.2003  -0.1562  -0.0003   0.0000  -0.0049  -0.0284    0.219
   115  37.2162  -6.5264   2.4565   1.6907   0.3478  -0.2435  -0.0204  -0.1848  -0.1441  -0.0004   0.0000  -0.0061  -0.0249    0.208
   116  37.3480  -6.7314   2.4876   1.6096   0.3326  -0.2062  -0.0221  -0.1644  -0.1282  -0.0004   0.0000  -0.0073  -0.0206    0.193
   117  37.4657  -6.9144   2.5154   1.5372   0.2507  -0.1639  -0.0237  -0.1368  -0.1067  -0.0005   0.0000  -0.0080  -0.0155    0.175
   118  37.5551  -7.0535   2.5365   1.4822   0.1746  -0.1190  -0.0249  -0.1030  -0.0804  -0.0006   0.0000  -0.0076  -0.0103    0.155
   119  37.6153  -7.1471   2.5508   1.4451   0.1029  -0.0722  -0.0258  -0.0641  -0.0500  -0.0005   0.0000  -0.0056  -0.0057    0.138
   120  37.6455  -7.1941   2.5579   1.4265   0.0340  -0.0242  -0.0263  -0.0218  -0.0170  -0.0005   0.0000  -0.0021  -0.0018    0.127

  Surface # 5     vertical_stabilizer                     
     # Chordwise = 10   # Spanwise = 30     First strip =121
     Surface area Ssurf =   34.910363     Ave. chord Cave =    4.190920

 Forces referred to Sref, Cref, Bref about Xref, Yref, Zref
 Standard axis orientation,  X fwd, Z down         
     CLsurf  =  -0.00000     Clsurf  =   0.00000
     CYsurf  =   0.00000     Cmsurf  =   0.00000
     CDsurf  =   0.00000     Cnsurf  =  -0.00000
     CDisurf =   0.00000     CDvsurf =   0.00000

 Forces referred to Ssurf, Cave 
     CLsurf  =  -0.00000     CDsurf  =   0.00000

 Strip Forces referred to Strip Area, Chord
    j     Xle      Yle      Zle      Chord    Area     c_cl     ai     cl_norm    cl       cd       cdv    cm_c/4     cm_LE   C.P.x/c
   121  27.0137   0.0000   1.5690  10.0347   0.6931   0.0000  -0.0000   0.0000   0.0000   0.0000   0.0000  -0.0000  -0.0000    0.847
   122  27.2327   0.0000   1.6601   9.8296   1.1101   0.0000  -0.0000   0.0000   0.0000   0.0000   0.0000  -0.0000  -0.0000    1.077
   123  27.5561   0.0000   1.7947   9.5266   1.4857   0.0000  -0.0000   0.0000   0.0000   0.0000   0.0000   0.0000   0.0000  999.000
   124  27.9815   0.0000   1.9717   9.1281   1.8040  -0.0000  -0.0000  -0.0000  -0.0000   0.0000   0.0000   0.0000   0.0000    1.647
   125  28.5051   0.0000   2.1895   8.6377   2.0517  -0.0000   0.0000  -0.0000  -0.0000   0.0000   0.0000   0.0000   0.0000    1.111
   126  29.1220   0.0000   2.4462   8.0598   2.2181  -0.0000   0.0000  -0.0000  -0.0000   0.0000   0.0000   0.0000   0.0000    0.993
   127  29.8264   0.0000   2.7392   7.4000   2.2957  -0.0000  -0.0000  -0.0000  -0.0000  -0.0000   0.0000   0.0000   0.0000    0.883
   128  30.6115   0.0000   3.0659   6.6646   2.2808  -0.0000   0.0000  -0.0000  -0.0000   0.0000   0.0000   0.0000   0.0000    0.379
   129  31.4694   0.0000   3.4228   5.8609   2.1733  -0.0000  -0.0000  -0.0000  -0.0000   0.0000   0.0000   0.0000   0.0000    0.440
   130  32.3918   0.0000   3.8066   4.9969   1.9773  -0.0000   0.0000  -0.0000  -0.0000  -0.0000   0.0000  -0.0000  -0.0000   -0.912
   131  33.0131   0.0000   4.1929   4.4389   1.6667  -0.0000   0.0000  -0.0000  -0.0000   0.0000   0.0000   0.0000   0.0000    0.420
   132  33.3001   0.0000   4.5764   4.2198   1.6478  -0.0000   0.0000  -0.0000  -0.0000   0.0000   0.0000   0.0000   0.0000    0.304
   133  33.5969   0.0000   4.9729   3.9932   1.6033  -0.0000   0.0000  -0.0000  -0.0000  -0.0000   0.0000   0.0000   0.0000    0.251
   134  33.9004   0.0000   5.3784   3.7615   1.5362  -0.0000   0.0000  -0.0000  -0.0000  -0.0000   0.0000   0.0000   0.0000  999.000
   135  34.2075   0.0000   5.7886   3.5271   1.4499  -0.0000  -0.0000  -0.0000  -0.0000   0.0000   0.0000   0.0000   0.0000    0.272
   136  34.5150   0.0000   6.1995   3.2923   1.3482   0.0000   0.0000   0.0000   0.0000  -0.0000   0.0000  -0.0000  -0.0000  999.000
   137  34.8197   0.0000   6.6066   3.0597   1.2352   0.0000   0.0000   0.0000   0.0000  -0.0000   0.0000  -0.0000  -0.0000    1.278
   138  35.1185   0.0000   7.0058   2.8315   1.1147  -0.0000  -0.0000  -0.0000  -0.0000   0.0000   0.0000   0.0000   0.0000  999.000
   139  35.4083   0.0000   7.3929   2.6103   0.9908   0.0000  -0.0000   0.0000   0.0000  -0.0000   0.0000   0.0000  -0.0000    0.216
   140  35.6860   0.0000   7.7640   2.3983   0.8670  -0.0000  -0.0000  -0.0000  -0.0000   0.0000   0.0000   0.0000   0.0000  999.000
   141  35.9487   0.0000   8.1150   2.1977   0.7464   0.0000   0.0000   0.0000   0.0000  -0.0000   0.0000   0.0000   0.0000   -0.121
   142  36.1937   0.0000   8.4424   2.0106   0.6318   0.0000   0.0000   0.0000   0.0000  -0.0000   0.0000   0.0000  -0.0000    0.161
   143  36.4185   0.0000   8.7426   1.8390   0.5251   0.0000  -0.0000   0.0000   0.0000  -0.0000   0.0000  -0.0000  -0.0000    0.491
   144  36.6206   0.0000   9.0127   1.6847   0.4276   0.0000   0.0000   0.0000   0.0000  -0.0000   0.0000  -0.0000  -0.0000    0.448
   145  36.7980   0.0000   9.2496   1.5493   0.3400   0.0000  -0.0000   0.0000   0.0000  -0.0000   0.0000   0.0000  -0.0000    0.201
   146  36.9487   0.0000   9.4510   1.4342   0.2622   0.0000   0.0000   0.0000   0.0000  -0.0000   0.0000  -0.0000  -0.0000    0.422
   147  37.0713   0.0000   9.6148   1.3407   0.1933   0.0000   0.0000   0.0000   0.0000  -0.0000   0.0000  -0.0000  -0.0000    0.451
   148  37.1643   0.0000   9.7391   1.2696   0.1322   0.0000   0.0000   0.0000   0.0000  -0.0000   0.0000  -0.0000  -0.0000    0.392
   149  37.2269   0.0000   9.8227   1.2218   0.0769   0.0000  -0.0000   0.0000   0.0000  -0.0000   0.0000   0.0000   0.0000   -0.058
   150  37.2584   0.0000   9.8647   1.1978   0.0252   0.0000  -0.0000   0.0000   0.0000  -0.0000   0.0000   0.0000  -0.0000    0.085

  Surface # 6     fuselage_horizontal                     
     # Chordwise = 10   # Spanwise = 10     First strip =151
     Surface area Ssurf =  123.841199     Ave. chord Cave =   33.112620

 Forces referred to Sref, Cref, Bref about Xref, Yref, Zref
 Standard axis orientation,  X fwd, Z down         
     CLsurf  =  -0.00975     Clsurf  =  -0.00000
     CYsurf  =   0.00000     Cmsurf  =  -0.03038
     CDsurf  =   0.00022     Cnsurf  =   0.00000
     CDisurf =   0.00022     CDvsurf =   0.00000

 Forces referred to Ssurf, Cave 
     CLsurf  =  -0.00983     CDsurf  =   0.00022

 Strip Forces referred to Strip Area, Chord
    j     Xle      Yle      Zle      Chord    Area     c_cl     ai     cl_norm    cl       cd       cdv    cm_c/4     cm_LE   C.P.x/c
   151   5.0231  -1.6830   0.0000  26.5957   9.9468  -0.2439  -0.0597  -0.1140  -0.0092   0.0001   0.0000  -0.0003   0.0003    0.213
   152   2.9203  -1.3090   0.0000  31.2096  11.6724  -0.3280  -0.0551  -0.0409  -0.0105   0.0002   0.0000  -0.0008   0.0005    0.175
   153   1.6676  -0.9350   0.0000  34.0626  12.7394  -0.3484  -0.0332  -0.0250  -0.0102   0.0002   0.0000  -0.0016   0.0003    0.096
   154   0.7666  -0.5610   0.0000  36.1620  13.5246  -0.3533  -0.0215  -0.0164  -0.0098   0.0003   0.0000  -0.0021   0.0002    0.039
   155   0.1963  -0.1870   0.0000  37.5333  14.0374  -0.3544  -0.0169  -0.0110  -0.0094   0.0003   0.0000  -0.0023   0.0001    0.010
   156   0.1963   0.1870   0.0000  37.5333  14.0374  -0.3544  -0.0169  -0.0110  -0.0094   0.0003   0.0000  -0.0023   0.0001    0.010
   157   0.7666   0.5610   0.0000  36.1620  13.5246  -0.3533  -0.0215  -0.0164  -0.0098   0.0003   0.0000  -0.0021   0.0002    0.039
   158   1.6676   0.9350   0.0000  34.0626  12.7394  -0.3484  -0.0332  -0.0250  -0.0102   0.0002   0.0000  -0.0016   0.0003    0.096
   159   2.9202   1.3090   0.0000  31.2096  11.6724  -0.3280  -0.0551  -0.0409  -0.0105   0.0002   0.0000  -0.0008   0.0005    0.175
   160   5.0231   1.6830   0.0000  26.5957   9.9468  -0.2439  -0.0597  -0.1140  -0.0092   0.0001   0.0000  -0.0003   0.0003    0.213

  Surface # 7     fuselage_vertical                       
     # Chordwise = 10   # Spanwise = 10     First strip =161
     Surface area Ssurf =  123.841199     Ave. chord Cave =   33.112620

 Forces referred to Sref, Cref, Bref about Xref, Yref, Zref
 Standard axis orientation,  X fwd, Z down         
     CLsurf  =  -0.00000     Clsurf  =  -0.00000
     CYsurf  =  -0.00000     Cmsurf  =  -0.00000
     CDsurf  =  -0.00000     Cnsurf  =  -0.00000
     CDisurf =  -0.00000     CDvsurf =   0.00000

 Forces referred to Ssurf, Cave 
     CLsurf  =   0.00000     CDsurf  =  -0.00000

 Strip Forces referred to Strip Area, Chord
    j     Xle      Yle      Zle      Chord    Area     c_cl     ai     cl_norm    cl       cd       cdv    cm_c/4     cm_LE   C.P.x/c
   161   5.0231   0.0000  -1.6830  26.5957   9.9468   0.0000  -0.0000   0.0000   0.0000   0.0000   0.0000   0.0000   0.0000  999.000
   162   2.9203   0.0000  -1.3090  31.2096  11.6724   0.0000  -0.0000   0.0000   0.0000  -0.0000   0.0000  -0.0000  -0.0000    0.955
   163   1.6676   0.0000  -0.9350  34.0626  12.7394   0.0000  -0.0000   0.0000   0.0000   0.0000   0.0000  -0.0000  -0.0000    0.577
   164   0.7666   0.0000  -0.5610  36.1620  13.5246   0.0000  -0.0000   0.0000   0.0000   0.0000   0.0000  -0.0000  -0.0000    0.695
   165   0.1963   0.0000  -0.1870  37.5333  14.0374  -0.0000  -0.0000  -0.0000  -0.0000  -0.0000   0.0000   0.0000   0.0000    1.543
   166   0.1963   0.0000   0.1870  37.5333  14.0374  -0.0000   0.0000  -0.0000  -0.0000   0.0000   0.0000   0.0000   0.0000  999.000
   167   0.7666   0.0000   0.5610  36.1620  13.5246   0.0000   0.0000   0.0000   0.0000  -0.0000   0.0000   0.0000  -0.0000    0.157
   168   1.6676   0.0000   0.9350  34.0626  12.7394   0.0000   0.0000   0.0000   0.0000   0.0000   0.0000  -0.0000  -0.0000    0.879
   169   2.9202   0.0000   1.3090  31.2096  11.6724   0.0000   0.0000   0.0000   0.0000  -0.0000   0.0000  -0.0000  -0.0000    0.641
   170   5.0231   0.0000   1.6830  26.5957   9.9468  -0.0000  -0.0000  -0.0000  -0.0000  -0.0000   0.0000   0.0000   0.0000  999.000
 ---------------------------------------------------------------
