 ---------------------------------------------------------------
 Surface and Strip Forces by surface

  Sref =  124.86       Cref =  4.4875       Bref =  34.320    
  Xref =  18.914       Yref =  0.0000       Zref =-0.17619    

  Surface # 1     main_wing                               
     # Chordwise = 10   # Spanwise = 30     First strip =  1
     Surface area Ssurf =   63.968838     Ave. chord Cave =    3.715026

 Forces referred to Sref, Cref, Bref about Xref, Yref, Zref
 Standard axis orientation,  X fwd, Z down         
     CLsurf  =   0.38391     Clsurf  =  -0.07441
     CYsurf  =  -0.02081     Cmsurf  =  -0.01566
     CDsurf  =   0.01288     Cnsurf  =  -0.00925
     CDisurf =   0.01288     CDvsurf =   0.00000

 Forces referred to Ssurf, Cave 
     CLsurf  =   0.75038     CDsurf  =   0.02514

 Strip Forces referred to Strip Area, Chord
    j     Xle      Yle      Zle      Chord    Area     c_cl     ai     cl_norm    cl       cd       cdv    cm_c/4     cm_LE   C.P.x/c
     1  13.6181   0.0114  -0.9295   7.7520   0.3539   4.9497   0.1744   0.7348   0.5691   0.6031   0.0000  -0.0355  -0.1602    0.312
     2  13.6830   0.1025  -0.9255   7.6885   1.0492   4.5384   0.1740   0.7489   0.5800   0.1194   0.0000  -0.0355  -0.1504    0.311
     3  13.8120   0.2837  -0.9176   7.5620   1.7073   4.5027   0.1726   0.7604   0.5889   0.0892   0.0000  -0.0332  -0.1496    0.306
     4  14.0037   0.5530  -0.9059   7.3741   2.3052   4.4802   0.1696   0.7777   0.6024   0.0791   0.0000  -0.0296  -0.1492    0.299
     5  14.2560   0.9075  -0.8904   7.1267   2.8223   4.4454   0.1637   0.8002   0.6197   0.0708   0.0000  -0.0257  -0.1494    0.291
     6  14.5662   1.3432  -0.8714   6.8226   3.2414   4.3884   0.1510   0.8268   0.6404   0.0625   0.0000  -0.0221  -0.1505    0.285
     7  14.9309   1.8554  -0.8490   6.4651   3.5491   4.3019   0.1257   0.8570   0.6638   0.0541   0.0000  -0.0193  -0.1527    0.279
     8  15.3460   2.4386  -0.8236   6.0582   3.7368   4.1805   0.1005   0.8904   0.6897   0.0452   0.0000  -0.0174  -0.1563    0.275
     9  15.8070   3.0862  -0.7953   5.6062   3.8005   4.0213   0.0870   0.9275   0.7183   0.0353   0.0000  -0.0165  -0.1612    0.273
    10  16.2877   3.7613  -0.7658   5.1351   3.4440   3.8343   0.0754   0.9673   0.7491   0.0258   0.0000  -0.0163  -0.1671    0.272
    11  16.7803   4.4532  -0.7356   4.6522   3.3149   3.6279   0.0615   1.0118   0.7836   0.0165   0.0000  -0.0163  -0.1739    0.271
    12  17.2999   5.1831  -0.7037   4.1429   3.0930   3.4026   0.0402   1.0679   0.8271   0.0031   0.0000  -0.0159  -0.1821    0.269
    13  17.8026   6.0123  -0.6437   3.7903   3.4706   3.1701   0.0258   1.0346   0.8429  -0.0021   0.0000  -0.0114  -0.1993    0.264
    14  18.2809   6.9353  -0.5549   3.6075   3.3775   2.9889   0.0242   1.0247   0.8348  -0.0008   0.0000  -0.0117  -0.1978    0.264
    15  18.7672   7.8737  -0.4645   3.4215   3.2389   2.8225   0.0206   1.0202   0.8312  -0.0010   0.0000  -0.0123  -0.1975    0.265
    16  19.2562   8.8172  -0.3736   3.2345   3.0619   2.6630   0.0180   1.0183   0.8297  -0.0016   0.0000  -0.0131  -0.1978    0.266
    17  19.7425   9.7556  -0.2833   3.0486   2.8543   2.5070   0.0172   1.0173   0.8288  -0.0023   0.0000  -0.0140  -0.1984    0.267
    18  20.2208  10.6786  -0.1944   2.8657   2.6239   2.3529   0.0174   1.0157   0.8276  -0.0028   0.0000  -0.0153  -0.1993    0.269
    19  20.6858  11.5760  -0.1080   2.6879   2.3787   2.2008   0.0180   1.0128   0.8252  -0.0019   0.0000  -0.0181  -0.2012    0.272
    20  21.1299  12.4328  -0.0255   2.5181   2.1010   2.0534   0.0198   1.0098   0.8227  -0.0091   0.0000  -0.0309  -0.2118    0.288
    21  21.5482  13.2400   0.0523   2.3582   1.8520   1.9111   0.0235   1.0031   0.8173  -0.0065   0.0000  -0.0317  -0.2113    0.289
    22  21.9390  13.9941   0.1249   2.2087   1.6074   1.7700   0.0289   0.9918   0.8081  -0.0057   0.0000  -0.0308  -0.2085    0.288
    23  22.2979  14.6868   0.1916   2.0715   1.3716   1.6254   0.0365   0.9711   0.7912  -0.0050   0.0000  -0.0287  -0.2029    0.286
    24  22.6211  15.3105   0.2516   1.9479   1.1479   1.4706   0.0464   0.9342   0.7611  -0.0041   0.0000  -0.0254  -0.1932    0.283
    25  22.9051  15.8583   0.3044   1.8393   0.9381   1.2966   0.0578   0.8720   0.7105  -0.0023   0.0000  -0.0212  -0.1782    0.280
    26  23.1466  16.3244   0.3493   1.7470   0.7427   1.0952   0.0694   0.7749   0.6313   0.0025   0.0000  -0.0200  -0.1595    0.282
    27  23.5299  16.6722   0.3828   1.4928   0.4131   0.8738   0.0807   1.9770   0.5918  -0.0160   0.0000  -0.0105  -0.0779    0.268
    28  23.9809  16.9098   0.4056   1.1466   0.2292   0.6471   0.0951   1.9192   0.5745  -0.0469   0.0000   0.0137  -0.0642    0.226
    29  24.2843  17.0696   0.4210   0.9138   0.1104   0.3995   0.1064   1.5003   0.4491  -0.0691   0.0000   0.0358  -0.0382    0.170
    30  24.4368  17.1499   0.4287   0.7967   0.0322   0.1352   0.1128   0.5931   0.1775  -0.0521   0.0000   0.0234  -0.0105    0.118

  Surface # 2     main_wing (YDUP)                        
     # Chordwise = 10   # Spanwise = 30     First strip = 31
     Surface area Ssurf =   63.968838     Ave. chord Cave =    3.715026

 Forces referred to Sref, Cref, Bref about Xref, Yref, Zref
 Standard axis orientation,  X fwd, Z down         
     CLsurf  =   0.38391     Clsurf  =   0.07441
     CYsurf  =   0.02081     Cmsurf  =  -0.01566
     CDsurf  =   0.01288     Cnsurf  =   0.00925
     CDisurf =   0.01288     CDvsurf =   0.00000

 Forces referred to Ssurf, Cave 
     CLsurf  =   0.75038     CDsurf  =   0.02514

 Strip Forces referred to Strip Area, Chord
    j     Xle      Yle      Zle      Chord    Area     c_cl     ai     cl_norm    cl       cd       cdv    cm_c/4     cm_LE   C.P.x/c
    31  13.6181  -0.0114  -0.9295   7.7520   0.3539   4.9497   0.1744   0.7348   0.5691   0.6031   0.0000  -0.0355   0.1602    0.312
    32  13.6830  -0.1025  -0.9255   7.6885   1.0492   4.5384   0.1740   0.7489   0.5800   0.1194   0.0000  -0.0355   0.1504    0.311
    33  13.8120  -0.2837  -0.9176   7.5620   1.7073   4.5027   0.1726   0.7604   0.5889   0.0892   0.0000  -0.0332   0.1496    0.306
    34  14.0037  -0.5530  -0.9059   7.3741   2.3052   4.4802   0.1696   0.7777   0.6024   0.0791   0.0000  -0.0296   0.1492    0.299
    35  14.2560  -0.9075  -0.8904   7.1267   2.8223   4.4454   0.1637   0.8002   0.6197   0.0708   0.0000  -0.0257   0.1494    0.291
    36  14.5662  -1.3432  -0.8714   6.8226   3.2414   4.3884   0.1510   0.8268   0.6404   0.0625   0.0000  -0.0221   0.1505    0.285
    37  14.9309  -1.8554  -0.8490   6.4651   3.5491   4.3019   0.1257   0.8570   0.6638   0.0541   0.0000  -0.0193   0.1527    0.279
    38  15.3460  -2.4386  -0.8236   6.0582   3.7368   4.1805   0.1005   0.8904   0.6897   0.0452   0.0000  -0.0174   0.1563    0.275
    39  15.8070  -3.0862  -0.7953   5.6062   3.8005   4.0213   0.0870   0.9275   0.7183   0.0353   0.0000  -0.0165   0.1612    0.273
    40  16.2877  -3.7613  -0.7658   5.1351   3.4440   3.8343   0.0754   0.9673   0.7491   0.0258   0.0000  -0.0163   0.1671    0.272
    41  16.7803  -4.4532  -0.7356   4.6522   3.3149   3.6279   0.0615   1.0118   0.7836   0.0165   0.0000  -0.0163   0.1739    0.271
    42  17.2999  -5.1831  -0.7037   4.1429   3.0930   3.4026   0.0402   1.0679   0.8271   0.0031   0.0000  -0.0159   0.1821    0.269
    43  17.8026  -6.0123  -0.6437   3.7903   3.4706   3.1701   0.0258   1.0346   0.8429  -0.0021   0.0000  -0.0114   0.1993    0.264
    44  18.2809  -6.9353  -0.5549   3.6075   3.3775   2.9889   0.0242   1.0247   0.8348  -0.0008   0.0000  -0.0117   0.1978    0.264
    45  18.7672  -7.8737  -0.4645   3.4215   3.2389   2.8225   0.0206   1.0202   0.8312  -0.0010   0.0000  -0.0123   0.1975    0.265
    46  19.2562  -8.8172  -0.3736   3.2345   3.0619   2.6630   0.0180   1.0183   0.8297  -0.0016   0.0000  -0.0131   0.1978    0.266
    47  19.7425  -9.7556  -0.2833   3.0486   2.8543   2.5070   0.0172   1.0173   0.8288  -0.0023   0.0000  -0.0140   0.1984    0.267
    48  20.2208 -10.6786  -0.1944   2.8657   2.6239   2.3529   0.0174   1.0157   0.8276  -0.0028   0.0000  -0.0153   0.1993    0.269
    49  20.6858 -11.5760  -0.1080   2.6879   2.3787   2.2008   0.0180   1.0128   0.8252  -0.0019   0.0000  -0.0181   0.2012    0.272
    50  21.1299 -12.4328  -0.0255   2.5181   2.1010   2.0534   0.0198   1.0098   0.8227  -0.0091   0.0000  -0.0309   0.2118    0.288
    51  21.5482 -13.2400   0.0523   2.3582   1.8520   1.9111   0.0235   1.0031   0.8173  -0.0065   0.0000  -0.0317   0.2113    0.289
    52  21.9390 -13.9941   0.1249   2.2087   1.6074   1.7700   0.0289   0.9918   0.8081  -0.0057   0.0000  -0.0308   0.2085    0.288
    53  22.2979 -14.6868   0.1916   2.0715   1.3716   1.6254   0.0365   0.9711   0.7912  -0.0050   0.0000  -0.0287   0.2029    0.286
    54  22.6211 -15.3105   0.2516   1.9479   1.1479   1.4706   0.0464   0.9342   0.7611  -0.0041   0.0000  -0.0254   0.1932    0.283
    55  22.9051 -15.8583   0.3044   1.8393   0.9381   1.2966   0.0578   0.8720   0.7105  -0.0023   0.0000  -0.0212   0.1782    0.280
    56  23.1466 -16.3244   0.3493   1.7470   0.7427   1.0952   0.0694   0.7749   0.6313   0.0025   0.0000  -0.0200   0.1595    0.282
    57  23.5299 -16.6722   0.3828   1.4928   0.4131   0.8738   0.0807   1.9770   0.5918  -0.0160   0.0000  -0.0105   0.0779    0.268
    58  23.9809 -16.9098   0.4056   1.1466   0.2292   0.6471   0.0951   1.9192   0.5745  -0.0469   0.0000   0.0137   0.0642    0.226
    59  24.2843 -17.0696   0.4210   0.9138   0.1104   0.3995   0.1064   1.5003   0.4491  -0.0691   0.0000   0.0358   0.0382    0.170
    60  24.4368 -17.1499   0.4287   0.7967   0.0322   0.1352   0.1128   0.5931   0.1775  -0.0521   0.0000   0.0234   0.0105    0.118

  Surface # 3     horizontal_stabilizer                   
     # Chordwise = 10   # Spanwise = 30     First strip = 61
     Surface area Ssurf =   20.744605     Ave. chord Cave =    2.848571

 Forces referred to Sref, Cref, Bref about Xref, Yref, Zref
 Standard axis orientation,  X fwd, Z down         
     CLsurf  =   0.04144     Clsurf  =  -0.00428
     CYsurf  =  -0.00657     Cmsurf  =  -0.15791
     CDsurf  =   0.00315     Cnsurf  =   0.00294
     CDisurf =   0.00315     CDvsurf =   0.00000

 Forces referred to Ssurf, Cave 
     CLsurf  =   0.25252     CDsurf  =   0.01894

 Strip Forces referred to Strip Area, Chord
    j     Xle      Yle      Zle      Chord    Area     c_cl     ai     cl_norm    cl       cd       cdv    cm_c/4     cm_LE   C.P.x/c
    61  33.0230   0.0046   1.4667   4.2713   0.0803   0.9652   0.1223   0.2817   0.2150   0.1030   0.0000  -0.0114  -0.0586    0.303
    62  33.0469   0.0418   1.4723   4.2566   0.2392   0.8466   0.1227   0.2583   0.1972   0.0262   0.0000  -0.0113  -0.0528    0.307
    63  33.0943   0.1156   1.4835   4.2274   0.3930   0.8377   0.1228   0.2582   0.1970   0.0212   0.0000  -0.0107  -0.0522    0.304
    64  33.1649   0.2254   1.5002   4.1839   0.5386   0.8357   0.1223   0.2604   0.1987   0.0202   0.0000  -0.0097  -0.0516    0.299
    65  33.2578   0.3698   1.5221   4.1268   0.6730   0.8348   0.1211   0.2638   0.2014   0.0197   0.0000  -0.0084  -0.0511    0.292
    66  33.3719   0.5474   1.5490   4.0565   0.7936   0.8339   0.1191   0.2682   0.2047   0.0194   0.0000  -0.0070  -0.0507    0.284
    67  33.5097   0.7617   1.5816   3.9717   0.9441   0.8324   0.1159   0.2736   0.2088   0.0191   0.0000  -0.0057  -0.0506    0.278
    68  33.6704   1.0116   1.6195   3.8728   1.0344   0.8302   0.1114   0.2799   0.2136   0.0190   0.0000  -0.0046  -0.0506    0.271
    69  33.8488   1.2891   1.6616   3.7630   1.1046   0.8271   0.1058   0.2871   0.2191   0.0189   0.0000  -0.0036  -0.0510    0.266
    70  34.0430   1.5912   1.7075   3.6435   1.1542   0.8231   0.0995   0.2952   0.2253   0.0190   0.0000  -0.0028  -0.0516    0.262
    71  34.2510   1.9146   1.7565   3.5155   1.1831   0.8183   0.0931   0.3042   0.2322   0.0190   0.0000  -0.0021  -0.0526    0.259
    72  34.4703   2.2558   1.8083   3.3805   1.1921   0.8127   0.0875   0.3143   0.2398   0.0192   0.0000  -0.0015  -0.0537    0.256
    73  34.6987   2.6109   1.8622   3.2400   1.1821   0.8062   0.0830   0.3254   0.2483   0.0193   0.0000  -0.0010  -0.0551    0.254
    74  34.9335   2.9762   1.9177   3.0955   1.1548   0.7988   0.0796   0.3375   0.2576   0.0195   0.0000  -0.0005  -0.0567    0.252
    75  35.1723   3.3476   1.9740   2.9485   1.1122   0.7898   0.0772   0.3504   0.2675   0.0196   0.0000   0.0000  -0.0585    0.250
    76  35.4124   3.7210   2.0307   2.8008   1.0564   0.7790   0.0755   0.3640   0.2778   0.0197   0.0000   0.0006  -0.0602    0.248
    77  35.6512   4.0924   2.0871   2.6538   0.9900   0.7656   0.0745   0.3777   0.2882   0.0197   0.0000   0.0012  -0.0620    0.246
    78  35.8861   4.4577   2.1425   2.5093   0.9155   0.7491   0.0740   0.3909   0.2983   0.0196   0.0000   0.0019  -0.0635    0.244
    79  36.1144   4.8128   2.1964   2.3687   0.8353   0.7287   0.0742   0.4030   0.3075   0.0194   0.0000   0.0028  -0.0648    0.241
    80  36.3338   5.1540   2.2482   2.2338   0.7518   0.7038   0.0749   0.4129   0.3151   0.0190   0.0000   0.0040  -0.0655    0.237
    81  36.5417   5.4774   2.2973   2.1058   0.6671   0.6738   0.0764   0.4194   0.3201   0.0184   0.0000   0.0054  -0.0653    0.233
    82  36.7359   5.7795   2.3431   1.9862   0.5830   0.6380   0.0785   0.4212   0.3214   0.0176   0.0000   0.0072  -0.0641    0.228
    83  36.9144   6.0570   2.3852   1.8764   0.5012   0.5957   0.0811   0.4164   0.3178   0.0165   0.0000   0.0095  -0.0614    0.220
    84  37.0750   6.3069   2.4232   1.7776   0.4225   0.5466   0.0841   0.4035   0.3079   0.0151   0.0000   0.0121  -0.0570    0.211
    85  37.2162   6.5264   2.4565   1.6907   0.3478   0.4902   0.0872   0.3806   0.2905   0.0133   0.0000   0.0150  -0.0508    0.199
    86  37.3480   6.7314   2.4876   1.6096   0.3326   0.4232   0.0904   0.3453   0.2635   0.0112   0.0000   0.0176  -0.0427    0.183
    87  37.4657   6.9144   2.5154   1.5372   0.2507   0.3416   0.0935   0.2920   0.2229   0.0083   0.0000   0.0192  -0.0325    0.164
    88  37.5551   7.0535   2.5365   1.4822   0.1746   0.2509   0.0959   0.2226   0.1699   0.0052   0.0000   0.0181  -0.0219    0.144
    89  37.6153   7.1471   2.5508   1.4451   0.1029   0.1534   0.0977   0.1398   0.1067   0.0023   0.0000   0.0133  -0.0121    0.126
    90  37.6455   7.1941   2.5579   1.4265   0.0340   0.0516   0.0986   0.0479   0.0366  -0.0008   0.0000   0.0049  -0.0038    0.116

  Surface # 4     horizontal_stabilizer (YDUP)            
     # Chordwise = 10   # Spanwise = 30     First strip = 91
     Surface area Ssurf =   20.744605     Ave. chord Cave =    2.848571

 Forces referred to Sref, Cref, Bref about Xref, Yref, Zref
 Standard axis orientation,  X fwd, Z down         
     CLsurf  =   0.04144     Clsurf  =   0.00428
     CYsurf  =   0.00657     Cmsurf  =  -0.15791
     CDsurf  =   0.00315     Cnsurf  =  -0.00294
     CDisurf =   0.00315     CDvsurf =   0.00000

 Forces referred to Ssurf, Cave 
     CLsurf  =   0.25252     CDsurf  =   0.01894

 Strip Forces referred to Strip Area, Chord
    j     Xle      Yle      Zle      Chord    Area     c_cl     ai     cl_norm    cl       cd       cdv    cm_c/4     cm_LE   C.P.x/c
    91  33.0230  -0.0046   1.4667   4.2713   0.0803   0.9652   0.1223   0.2817   0.2150   0.1030   0.0000  -0.0114   0.0586    0.303
    92  33.0469  -0.0418   1.4723   4.2566   0.2392   0.8466   0.1227   0.2583   0.1972   0.0262   0.0000  -0.0113   0.0528    0.307
    93  33.0943  -0.1156   1.4835   4.2274   0.3930   0.8377   0.1228   0.2582   0.1970   0.0212   0.0000  -0.0107   0.0522    0.304
    94  33.1649  -0.2254   1.5002   4.1839   0.5386   0.8357   0.1223   0.2604   0.1987   0.0202   0.0000  -0.0097   0.0516    0.299
    95  33.2578  -0.3698   1.5221   4.1268   0.6730   0.8348   0.1211   0.2638   0.2014   0.0197   0.0000  -0.0084   0.0511    0.292
    96  33.3719  -0.5474   1.5490   4.0565   0.7936   0.8339   0.1191   0.2682   0.2047   0.0194   0.0000  -0.0070   0.0507    0.284
    97  33.5097  -0.7617   1.5816   3.9717   0.9441   0.8324   0.1159   0.2736   0.2088   0.0191   0.0000  -0.0057   0.0506    0.278
    98  33.6704  -1.0116   1.6195   3.8728   1.0344   0.8302   0.1114   0.2799   0.2136   0.0190   0.0000  -0.0046   0.0506    0.271
    99  33.8488  -1.2891   1.6616   3.7630   1.1046   0.8271   0.1058   0.2871   0.2191   0.0189   0.0000  -0.0036   0.0510    0.266
   100  34.0430  -1.5912   1.7075   3.6435   1.1542   0.8231   0.0995   0.2952   0.2253   0.0190   0.0000  -0.0028   0.0516    0.262
   101  34.2510  -1.9146   1.7565   3.5155   1.1831   0.8183   0.0931   0.3042   0.2322   0.0190   0.0000  -0.0021   0.0526    0.259
   102  34.4703  -2.2558   1.8083   3.3805   1.1921   0.8127   0.0875   0.3143   0.2398   0.0192   0.0000  -0.0015   0.0537    0.256
   103  34.6987  -2.6109   1.8622   3.2400   1.1821   0.8062   0.0830   0.3254   0.2483   0.0193   0.0000  -0.0010   0.0551    0.254
   104  34.9335  -2.9762   1.9177   3.0955   1.1548   0.7988   0.0796   0.3375   0.2576   0.0195   0.0000  -0.0005   0.0567    0.252
   105  35.1723  -3.3476   1.9740   2.9485   1.1122   0.7898   0.0772   0.3504   0.2675   0.0196   0.0000   0.0000   0.0585    0.250
   106  35.4124  -3.7210   2.0307   2.8008   1.0564   0.7790   0.0755   0.3640   0.2778   0.0197   0.0000   0.0006   0.0602    0.248
   107  35.6512  -4.0924   2.0871   2.6538   0.9900   0.7656   0.0745   0.3777   0.2882   0.0197   0.0000   0.0012   0.0620    0.246
   108  35.8861  -4.4577   2.1425   2.5093   0.9155   0.7491   0.0740   0.3909   0.2983   0.0196   0.0000   0.0019   0.0635    0.244
   109  36.1144  -4.8128   2.1964   2.3687   0.8353   0.7287   0.0742   0.4030   0.3075   0.0194   0.0000   0.0028   0.0648    0.241
   110  36.3338  -5.1540   2.2482   2.2338   0.7518   0.7038   0.0749   0.4129   0.3151   0.0190   0.0000   0.0040   0.0655    0.237
   111  36.5417  -5.4774   2.2973   2.1058   0.6671   0.6738   0.0764   0.4194   0.3201   0.0184   0.0000   0.0054   0.0653    0.233
   112  36.7359  -5.7795   2.3431   1.9862   0.5830   0.6380   0.0785   0.4212   0.3214   0.0176   0.0000   0.0072   0.0641    0.228
   113  36.9144  -6.0570   2.3852   1.8764   0.5012   0.5957   0.0811   0.4164   0.3178   0.0165   0.0000   0.0095   0.0614    0.220
   114  37.0750  -6.3069   2.4232   1.7776   0.4225   0.5466   0.0841   0.4035   0.3079   0.0151   0.0000   0.0121   0.0570    0.211
   115  37.2162  -6.5264   2.4565   1.6907   0.3478   0.4902   0.0872   0.3806   0.2905   0.0133   0.0000   0.0150   0.0508    0.199
   116  37.3480  -6.7314   2.4876   1.6096   0.3326   0.4232   0.0904   0.3453   0.2635   0.0112   0.0000   0.0176   0.0427    0.183
   117  37.4657  -6.9144   2.5154   1.5372   0.2507   0.3416   0.0935   0.2920   0.2229   0.0083   0.0000   0.0192   0.0325    0.164
   118  37.5551  -7.0535   2.5365   1.4822   0.1746   0.2509   0.0959   0.2226   0.1699   0.0052   0.0000   0.0181   0.0219    0.144
   119  37.6153  -7.1471   2.5508   1.4451   0.1029   0.1534   0.0977   0.1398   0.1067   0.0023   0.0000   0.0133   0.0121    0.126
   120  37.6455  -7.1941   2.5579   1.4265   0.0340   0.0516   0.0986   0.0479   0.0366  -0.0008   0.0000   0.0049   0.0038    0.116

  Surface # 5     vertical_stabilizer                     
     # Chordwise = 10   # Spanwise = 30     First strip =121
     Surface area Ssurf =   34.910363     Ave. chord Cave =    4.190920

 Forces referred to Sref, Cref, Bref about Xref, Yref, Zref
 Standard axis orientation,  X fwd, Z down         
     CLsurf  =  -0.00000     Clsurf  =   0.00000
     CYsurf  =  -0.00000     Cmsurf  =   0.00000
     CDsurf  =   0.00000     Cnsurf  =   0.00000
     CDisurf =   0.00000     CDvsurf =   0.00000

 Forces referred to Ssurf, Cave 
     CLsurf  =   0.00000     CDsurf  =   0.00000

 Strip Forces referred to Strip Area, Chord
    j     Xle      Yle      Zle      Chord    Area     c_cl     ai     cl_norm    cl       cd       cdv    cm_c/4     cm_LE   C.P.x/c
   121  27.0137   0.0000   1.5690  10.0347   0.6931  -0.0000  -0.0000  -0.0000  -0.0000  -0.0000   0.0000   0.0000   0.0000    0.538
   122  27.2327   0.0000   1.6601   9.8296   1.1101  -0.0000   0.0000  -0.0000  -0.0000   0.0000   0.0000  -0.0000  -0.0000   -0.335
   123  27.5561   0.0000   1.7947   9.5266   1.4857   0.0000  -0.0000   0.0000   0.0000   0.0000   0.0000  -0.0000  -0.0000  999.000
   124  27.9815   0.0000   1.9717   9.1281   1.8040   0.0000   0.0000   0.0000   0.0000  -0.0000   0.0000  -0.0000  -0.0000  999.000
   125  28.5051   0.0000   2.1895   8.6377   2.0517   0.0000  -0.0000   0.0000   0.0000   0.0000   0.0000  -0.0000  -0.0000  999.000
   126  29.1220   0.0000   2.4462   8.0598   2.2181   0.0000  -0.0000   0.0000   0.0000   0.0000   0.0000  -0.0000  -0.0000    1.485
   127  29.8264   0.0000   2.7392   7.4000   2.2957   0.0000  -0.0000   0.0000   0.0000   0.0000   0.0000  -0.0000  -0.0000    1.512
   128  30.6115   0.0000   3.0659   6.6646   2.2808   0.0000  -0.0000   0.0000   0.0000   0.0000   0.0000  -0.0000  -0.0000    1.091
   129  31.4694   0.0000   3.4228   5.8609   2.1733   0.0000  -0.0000   0.0000   0.0000  -0.0000   0.0000  -0.0000  -0.0000    1.933
   130  32.3918   0.0000   3.8066   4.9969   1.9773   0.0000   0.0000   0.0000   0.0000   0.0000   0.0000  -0.0000  -0.0000  999.000
   131  33.0131   0.0000   4.1929   4.4389   1.6667  -0.0000  -0.0000  -0.0000  -0.0000   0.0000   0.0000   0.0000   0.0000    0.365
   132  33.3001   0.0000   4.5764   4.2198   1.6478  -0.0000   0.0000  -0.0000  -0.0000  -0.0000   0.0000  -0.0000  -0.0000  999.000
   133  33.5969   0.0000   4.9729   3.9932   1.6033  -0.0000  -0.0000  -0.0000  -0.0000  -0.0000   0.0000  -0.0000  -0.0000   -0.415
   134  33.9004   0.0000   5.3784   3.7615   1.5362   0.0000   0.0000   0.0000   0.0000  -0.0000   0.0000  -0.0000  -0.0000  999.000
   135  34.2075   0.0000   5.7886   3.5271   1.4499  -0.0000   0.0000  -0.0000  -0.0000  -0.0000   0.0000  -0.0000  -0.0000   -0.717
   136  34.5150   0.0000   6.1995   3.2923   1.3482  -0.0000  -0.0000  -0.0000  -0.0000   0.0000   0.0000   0.0000   0.0000    0.969
   137  34.8197   0.0000   6.6066   3.0597   1.2352  -0.0000  -0.0000  -0.0000  -0.0000  -0.0000   0.0000   0.0000   0.0000    0.962
   138  35.1185   0.0000   7.0058   2.8315   1.1147  -0.0000   0.0000  -0.0000  -0.0000   0.0000   0.0000   0.0000   0.0000    0.469
   139  35.4083   0.0000   7.3929   2.6103   0.9908  -0.0000   0.0000  -0.0000  -0.0000  -0.0000   0.0000   0.0000   0.0000    0.523
   140  35.6860   0.0000   7.7640   2.3983   0.8670   0.0000   0.0000   0.0000   0.0000   0.0000   0.0000  -0.0000  -0.0000  999.000
   141  35.9487   0.0000   8.1150   2.1977   0.7464   0.0000   0.0000   0.0000   0.0000  -0.0000   0.0000  -0.0000  -0.0000  999.000
   142  36.1937   0.0000   8.4424   2.0106   0.6318  -0.0000   0.0000  -0.0000  -0.0000  -0.0000   0.0000  -0.0000  -0.0000  999.000
   143  36.4185   0.0000   8.7426   1.8390   0.5251  -0.0000   0.0000  -0.0000  -0.0000  -0.0000   0.0000   0.0000   0.0000    0.857
   144  36.6206   0.0000   9.0127   1.6847   0.4276  -0.0000   0.0000  -0.0000  -0.0000  -0.0000   0.0000  -0.0000   0.0000    0.228
   145  36.7980   0.0000   9.2496   1.5493   0.3400  -0.0000  -0.0000  -0.0000  -0.0000   0.0000   0.0000   0.0000   0.0000    0.485
   146  36.9487   0.0000   9.4510   1.4342   0.2622  -0.0000   0.0000  -0.0000  -0.0000  -0.0000   0.0000   0.0000   0.0000    0.598
   147  37.0713   0.0000   9.6148   1.3407   0.1933  -0.0000  -0.0000  -0.0000  -0.0000   0.0000   0.0000   0.0000   0.0000    0.793
   148  37.1643   0.0000   9.7391   1.2696   0.1322  -0.0000   0.0000  -0.0000  -0.0000   0.0000   0.0000   0.0000   0.0000    0.417
   149  37.2269   0.0000   9.8227   1.2218   0.0769  -0.0000  -0.0000  -0.0000  -0.0000  -0.0000   0.0000   0.0000   0.0000    0.495
   150  37.2584   0.0000   9.8647   1.1978   0.0252  -0.0000   0.0000  -0.0000  -0.0000   0.0000   0.0000  -0.0000   0.0000    0.031

  Surface # 6     fuselage_horizontal                     
     # Chordwise = 10   # Spanwise = 10     First strip =151
     Surface area Ssurf =  123.841199     Ave. chord Cave =   33.112620

 Forces referred to Sref, Cref, Bref about Xref, Yref, Zref
 Standard axis orientation,  X fwd, Z down         
     CLsurf  =   0.01081     Clsurf  =   0.00000
     CYsurf  =   0.00000     Cmsurf  =   0.07151
     CDsurf  =  -0.00024     Cnsurf  =  -0.00000
     CDisurf =  -0.00024     CDvsurf =   0.00000

 Forces referred to Ssurf, Cave 
     CLsurf  =   0.01090     CDsurf  =  -0.00024

 Strip Forces referred to Strip Area, Chord
    j     Xle      Yle      Zle      Chord    Area     c_cl     ai     cl_norm    cl       cd       cdv    cm_c/4     cm_LE   C.P.x/c
   151   5.0231  -1.6830   0.0000  26.5957   9.9468   0.2454   0.1792   0.1040   0.0097  -0.0031   0.0000   0.0048   0.0003   -0.242
   152   2.9203  -1.3090   0.0000  31.2096  11.6724   0.3476   0.1924   0.0424   0.0113  -0.0010   0.0000   0.0059   0.0008   -0.271
   153   1.6676  -0.9350   0.0000  34.0626  12.7394   0.3815   0.1780   0.0271   0.0113  -0.0002   0.0000   0.0071   0.0014   -0.375
   154   0.7666  -0.5610   0.0000  36.1620  13.5246   0.4002   0.1732   0.0184   0.0111   0.0005   0.0000   0.0076   0.0022   -0.436
   155   0.1963  -0.1870   0.0000  37.5333  14.0374   0.4109   0.1733   0.0126   0.0108   0.0016   0.0000   0.0077   0.0035   -0.465
   156   0.1963   0.1870   0.0000  37.5333  14.0374   0.4109   0.1733   0.0126   0.0108   0.0016   0.0000   0.0077   0.0035   -0.465
   157   0.7666   0.5610   0.0000  36.1620  13.5246   0.4002   0.1732   0.0184   0.0111   0.0005   0.0000   0.0076   0.0022   -0.436
   158   1.6676   0.9350   0.0000  34.0626  12.7394   0.3815   0.1780   0.0271   0.0113  -0.0002   0.0000   0.0071   0.0014   -0.375
   159   2.9202   1.3090   0.0000  31.2096  11.6724   0.3476   0.1924   0.0424   0.0113  -0.0010   0.0000   0.0059   0.0008   -0.271
   160   5.0231   1.6830   0.0000  26.5957   9.9468   0.2454   0.1792   0.1040   0.0097  -0.0031   0.0000   0.0048   0.0003   -0.242

  Surface # 7     fuselage_vertical                       
     # Chordwise = 10   # Spanwise = 10     First strip =161
     Surface area Ssurf =  123.841199     Ave. chord Cave =   33.112620

 Forces referred to Sref, Cref, Bref about Xref, Yref, Zref
 Standard axis orientation,  X fwd, Z down         
     CLsurf  =  -0.00000     Clsurf  =  -0.00000
     CYsurf  =   0.00000     Cmsurf  =   0.00000
     CDsurf  =  -0.00000     Cnsurf  =  -0.00000
     CDisurf =  -0.00000     CDvsurf =   0.00000

 Forces referred to Ssurf, Cave 
     CLsurf  =  -0.00000     CDsurf  =  -0.00000

 Strip Forces referred to Strip Area, Chord
    j     Xle      Yle      Zle      Chord    Area     c_cl     ai     cl_norm    cl       cd       cdv    cm_c/4     cm_LE   C.P.x/c
   161   5.0231   0.0000  -1.6830  26.5957   9.9468  -0.0000  -0.0000  -0.0000  -0.0000   0.0000   0.0000  -0.0000  -0.0000  999.000
   162   2.9203   0.0000  -1.3090  31.2096  11.6724  -0.0000  -0.0000  -0.0000  -0.0000  -0.0000   0.0000   0.0000   0.0000    0.734
   163   1.6676   0.0000  -0.9350  34.0626  12.7394  -0.0000  -0.0000  -0.0000  -0.0000   0.0000   0.0000   0.0000   0.0000    0.627
   164   0.7666   0.0000  -0.5610  36.1620  13.5246  -0.0000   0.0000  -0.0000  -0.0000  -0.0000   0.0000   0.0000   0.0000    0.613
   165   0.1963   0.0000  -0.1870  37.5333  14.0374  -0.0000  -0.0000  -0.0000  -0.0000  -0.0000   0.0000  -0.0000  -0.0000   -0.091
   166   0.1963   0.0000   0.1870  37.5333  14.0374  -0.0000   0.0000  -0.0000  -0.0000   0.0000   0.0000   0.0000   0.0000    0.964
   167   0.7666   0.0000   0.5610  36.1620  13.5246  -0.0000   0.0000  -0.0000  -0.0000  -0.0000   0.0000   0.0000   0.0000    0.441
   168   1.6676   0.0000   0.9350  34.0626  12.7394  -0.0000   0.0000  -0.0000  -0.0000  -0.0000   0.0000  -0.0000   0.0000   -0.159
   169   2.9202   0.0000   1.3090  31.2096  11.6724  -0.0000  -0.0000  -0.0000  -0.0000  -0.0000   0.0000   0.0000   0.0000    0.978
   170   5.0231   0.0000   1.6830  26.5957   9.9468  -0.0000   0.0000  -0.0000  -0.0000   0.0000   0.0000   0.0000   0.0000    1.190
 ---------------------------------------------------------------
