 ---------------------------------------------------------------
 Surface and Strip Forces by surface

  Sref =  124.86       Cref =  4.4875       Bref =  34.320    
  Xref =  18.914       Yref =  0.0000       Zref =-0.17619    

  Surface # 1     main_wing                               
     # Chordwise = 10   # Spanwise = 30     First strip =  1
     Surface area Ssurf =   63.968838     Ave. chord Cave =    3.715026

 Forces referred to Sref, Cref, Bref about Xref, Yref, Zref
 Standard axis orientation,  X fwd, Z down         
     CLsurf  =   0.58878     Clsurf  =  -0.11686
     CYsurf  =  -0.02890     Cmsurf  =  -0.03755
     CDsurf  =   0.02918     Cnsurf  =  -0.02141
     CDisurf =   0.02918     CDvsurf =   0.00000

 Forces referred to Ssurf, Cave 
     CLsurf  =   1.15042     CDsurf  =   0.05696

 Strip Forces referred to Strip Area, Chord
    j     Xle      Yle      Zle      Chord    Area     c_cl     ai     cl_norm    cl       cd       cdv    cm_c/4     cm_LE   C.P.x/c
     1  13.6181   0.0114  -0.9295   7.7520   0.3539   7.5269   0.2372   0.9503   0.7375   1.4041   0.0000  -0.0649  -0.2532    0.338
     2  13.6830   0.1025  -0.9255   7.6885   1.0492   6.5275   0.2370   1.0542   0.8182   0.2485   0.0000  -0.0624  -0.2263    0.326
     3  13.8120   0.2837  -0.9176   7.5620   1.7073   6.4464   0.2358   1.0755   0.8347   0.1749   0.0000  -0.0594  -0.2246    0.321
     4  14.0037   0.5530  -0.9059   7.3741   2.3052   6.4118   0.2327   1.1020   0.8552   0.1565   0.0000  -0.0543  -0.2240    0.313
     5  14.2560   0.9075  -0.8904   7.1267   2.8223   6.3702   0.2259   1.1368   0.8823   0.1431   0.0000  -0.0484  -0.2243    0.305
     6  14.5662   1.3432  -0.8714   6.8226   3.2414   6.3051   0.2092   1.1796   0.9155   0.1294   0.0000  -0.0426  -0.2259    0.297
     7  14.9309   1.8554  -0.8490   6.4651   3.5491   6.2072   0.1728   1.2300   0.9546   0.1149   0.0000  -0.0376  -0.2293    0.289
     8  15.3460   2.4386  -0.8236   6.0582   3.7368   6.0695   0.1372   1.2881   0.9997   0.0994   0.0000  -0.0338  -0.2348    0.284
     9  15.8070   3.0862  -0.7953   5.6062   3.8005   5.8880   0.1220   1.3554   1.0519   0.0822   0.0000  -0.0312  -0.2428    0.280
    10  16.2877   3.7613  -0.7658   5.1351   3.4440   5.6722   0.1100   1.4305   1.1102   0.0650   0.0000  -0.0297  -0.2527    0.277
    11  16.7803   4.4532  -0.7356   4.6522   3.3149   5.4309   0.0944   1.5166   1.1770   0.0475   0.0000  -0.0283  -0.2646    0.274
    12  17.2999   5.1831  -0.7037   4.1429   3.0930   5.1647   0.0690   1.6263   1.2622   0.0211   0.0000  -0.0255  -0.2788    0.270
    13  17.8026   6.0123  -0.6437   3.7903   3.4706   4.8682   0.0507   1.6005   1.3023   0.0108   0.0000  -0.0144  -0.3054    0.261
    14  18.2809   6.9353  -0.5549   3.6075   3.3775   4.6358   0.0472   1.6015   1.3031   0.0101   0.0000  -0.0135  -0.3048    0.260
    15  18.7672   7.8737  -0.4645   3.4215   3.2389   4.4154   0.0410   1.6090   1.3092   0.0071   0.0000  -0.0134  -0.3060    0.260
    16  19.2562   8.8172  -0.3736   3.2345   3.0619   4.1978   0.0368   1.6188   1.3172   0.0037   0.0000  -0.0138  -0.3080    0.260
    17  19.7425   9.7556  -0.2833   3.0486   2.8543   3.9793   0.0355   1.6289   1.3254   0.0004   0.0000  -0.0145  -0.3104    0.261
    18  20.2208  10.6786  -0.1944   2.8657   2.6239   3.7587   0.0360   1.6374   1.3324  -0.0025   0.0000  -0.0159  -0.3130    0.262
    19  20.6858  11.5760  -0.1080   2.6879   2.3787   3.5368   0.0378   1.6427   1.3366  -0.0026   0.0000  -0.0189  -0.3167    0.264
    20  21.1299  12.4328  -0.0255   2.5181   2.1010   3.3160   0.0415   1.6473   1.3404  -0.0179   0.0000  -0.0324  -0.3288    0.274
    21  21.5482  13.2400   0.0523   2.3582   1.8520   3.0955   0.0475   1.6414   1.3356  -0.0145   0.0000  -0.0322  -0.3277    0.274
    22  21.9390  13.9941   0.1249   2.2087   1.6074   2.8697   0.0559   1.6247   1.3220  -0.0149   0.0000  -0.0294  -0.3221    0.272
    23  22.2979  14.6868   0.1916   2.0715   1.3716   2.6315   0.0670   1.5888   1.2928  -0.0157   0.0000  -0.0244  -0.3111    0.269
    24  22.6211  15.3105   0.2516   1.9479   1.1479   2.3709   0.0804   1.5225   1.2388  -0.0160   0.0000  -0.0172  -0.2926    0.264
    25  22.9051  15.8583   0.3044   1.8393   0.9381   2.0769   0.0947   1.4123   1.1491  -0.0141   0.0000  -0.0100  -0.2663    0.259
    26  23.1466  16.3244   0.3493   1.7470   0.7427   1.7415   0.1091   1.2446   1.0128  -0.0025   0.0000  -0.0111  -0.2371    0.261
    27  23.5299  16.6722   0.3828   1.4928   0.4131   1.3796   0.1234   3.1095   0.9503  -0.0642   0.0000  -0.0036  -0.1202    0.254
    28  23.9809  16.9098   0.4056   1.1466   0.2292   1.0139   0.1399   3.0218   0.9235  -0.1402   0.0000   0.0368  -0.0968    0.210
    29  24.2843  17.0696   0.4210   0.9138   0.1104   0.6216   0.1513   2.3779   0.7267  -0.1977   0.0000   0.0701  -0.0557    0.154
    30  24.4368  17.1499   0.4287   0.7967   0.0322   0.2096   0.1574   0.9636   0.2945  -0.1505   0.0000   0.0422  -0.0147    0.107

  Surface # 2     main_wing (YDUP)                        
     # Chordwise = 10   # Spanwise = 30     First strip = 31
     Surface area Ssurf =   63.968838     Ave. chord Cave =    3.715026

 Forces referred to Sref, Cref, Bref about Xref, Yref, Zref
 Standard axis orientation,  X fwd, Z down         
     CLsurf  =   0.58878     Clsurf  =   0.11686
     CYsurf  =   0.02890     Cmsurf  =  -0.03755
     CDsurf  =   0.02918     Cnsurf  =   0.02141
     CDisurf =   0.02918     CDvsurf =   0.00000

 Forces referred to Ssurf, Cave 
     CLsurf  =   1.15042     CDsurf  =   0.05696

 Strip Forces referred to Strip Area, Chord
    j     Xle      Yle      Zle      Chord    Area     c_cl     ai     cl_norm    cl       cd       cdv    cm_c/4     cm_LE   C.P.x/c
    31  13.6181  -0.0114  -0.9295   7.7520   0.3539   7.5269   0.2372   0.9503   0.7375   1.4041   0.0000  -0.0649   0.2532    0.338
    32  13.6830  -0.1025  -0.9255   7.6885   1.0492   6.5275   0.2370   1.0542   0.8182   0.2485   0.0000  -0.0624   0.2263    0.326
    33  13.8120  -0.2837  -0.9176   7.5620   1.7073   6.4464   0.2358   1.0755   0.8347   0.1749   0.0000  -0.0594   0.2246    0.321
    34  14.0037  -0.5530  -0.9059   7.3741   2.3052   6.4118   0.2327   1.1020   0.8552   0.1565   0.0000  -0.0543   0.2240    0.313
    35  14.2560  -0.9075  -0.8904   7.1267   2.8223   6.3702   0.2259   1.1368   0.8823   0.1431   0.0000  -0.0484   0.2243    0.305
    36  14.5662  -1.3432  -0.8714   6.8226   3.2414   6.3051   0.2092   1.1796   0.9155   0.1294   0.0000  -0.0426   0.2259    0.297
    37  14.9309  -1.8554  -0.8490   6.4651   3.5491   6.2072   0.1728   1.2300   0.9546   0.1149   0.0000  -0.0376   0.2293    0.289
    38  15.3460  -2.4386  -0.8236   6.0582   3.7368   6.0695   0.1372   1.2881   0.9997   0.0994   0.0000  -0.0338   0.2348    0.284
    39  15.8070  -3.0862  -0.7953   5.6062   3.8005   5.8880   0.1220   1.3554   1.0519   0.0822   0.0000  -0.0312   0.2428    0.280
    40  16.2877  -3.7613  -0.7658   5.1351   3.4440   5.6722   0.1100   1.4305   1.1102   0.0650   0.0000  -0.0297   0.2527    0.277
    41  16.7803  -4.4532  -0.7356   4.6522   3.3149   5.4309   0.0944   1.5166   1.1770   0.0475   0.0000  -0.0283   0.2646    0.274
    42  17.2999  -5.1831  -0.7037   4.1429   3.0930   5.1647   0.0690   1.6263   1.2622   0.0211   0.0000  -0.0255   0.2788    0.270
    43  17.8026  -6.0123  -0.6437   3.7903   3.4706   4.8682   0.0507   1.6005   1.3023   0.0108   0.0000  -0.0144   0.3054    0.261
    44  18.2809  -6.9353  -0.5549   3.6075   3.3775   4.6358   0.0472   1.6015   1.3031   0.0101   0.0000  -0.0135   0.3048    0.260
    45  18.7672  -7.8737  -0.4645   3.4215   3.2389   4.4154   0.0410   1.6090   1.3092   0.0071   0.0000  -0.0134   0.3060    0.260
    46  19.2562  -8.8172  -0.3736   3.2345   3.0619   4.1978   0.0368   1.6188   1.3172   0.0037   0.0000  -0.0138   0.3080    0.260
    47  19.7425  -9.7556  -0.2833   3.0486   2.8543   3.9793   0.0355   1.6289   1.3254   0.0004   0.0000  -0.0145   0.3104    0.261
    48  20.2208 -10.6786  -0.1944   2.8657   2.6239   3.7587   0.0360   1.6374   1.3324  -0.0025   0.0000  -0.0159   0.3130    0.262
    49  20.6858 -11.5760  -0.1080   2.6879   2.3787   3.5368   0.0378   1.6427   1.3366  -0.0026   0.0000  -0.0189   0.3167    0.264
    50  21.1299 -12.4328  -0.0255   2.5181   2.1010   3.3160   0.0415   1.6473   1.3404  -0.0179   0.0000  -0.0324   0.3288    0.274
    51  21.5482 -13.2400   0.0523   2.3582   1.8520   3.0955   0.0475   1.6414   1.3356  -0.0145   0.0000  -0.0322   0.3277    0.274
    52  21.9390 -13.9941   0.1249   2.2087   1.6074   2.8697   0.0559   1.6247   1.3220  -0.0149   0.0000  -0.0294   0.3221    0.272
    53  22.2979 -14.6868   0.1916   2.0715   1.3716   2.6315   0.0670   1.5888   1.2928  -0.0157   0.0000  -0.0244   0.3111    0.269
    54  22.6211 -15.3105   0.2516   1.9479   1.1479   2.3709   0.0804   1.5225   1.2388  -0.0160   0.0000  -0.0172   0.2926    0.264
    55  22.9051 -15.8583   0.3044   1.8393   0.9381   2.0769   0.0947   1.4123   1.1491  -0.0141   0.0000  -0.0100   0.2663    0.259
    56  23.1466 -16.3244   0.3493   1.7470   0.7427   1.7415   0.1091   1.2446   1.0128  -0.0025   0.0000  -0.0111   0.2371    0.261
    57  23.5299 -16.6722   0.3828   1.4928   0.4131   1.3796   0.1234   3.1095   0.9503  -0.0642   0.0000  -0.0036   0.1202    0.254
    58  23.9809 -16.9098   0.4056   1.1466   0.2292   1.0139   0.1399   3.0218   0.9235  -0.1402   0.0000   0.0368   0.0968    0.210
    59  24.2843 -17.0696   0.4210   0.9138   0.1104   0.6216   0.1513   2.3779   0.7267  -0.1977   0.0000   0.0701   0.0557    0.154
    60  24.4368 -17.1499   0.4287   0.7967   0.0322   0.2096   0.1574   0.9636   0.2945  -0.1505   0.0000   0.0422   0.0147    0.107

  Surface # 3     horizontal_stabilizer                   
     # Chordwise = 10   # Spanwise = 30     First strip = 61
     Surface area Ssurf =   20.744605     Ave. chord Cave =    2.848571

 Forces referred to Sref, Cref, Bref about Xref, Yref, Zref
 Standard axis orientation,  X fwd, Z down         
     CLsurf  =   0.06799     Clsurf  =  -0.00692
     CYsurf  =  -0.01111     Cmsurf  =  -0.26004
     CDsurf  =   0.00756     Cnsurf  =   0.00477
     CDisurf =   0.00756     CDvsurf =   0.00000

 Forces referred to Ssurf, Cave 
     CLsurf  =   0.41460     CDsurf  =   0.04551

 Strip Forces referred to Strip Area, Chord
    j     Xle      Yle      Zle      Chord    Area     c_cl     ai     cl_norm    cl       cd       cdv    cm_c/4     cm_LE   C.P.x/c
    61  33.0230   0.0046   1.4667   4.2713   0.0803   1.8623   0.1803   0.5042   0.3833   0.3358   0.0000  -0.0237  -0.1152    0.312
    62  33.0469   0.0418   1.4723   4.2566   0.2392   1.4556   0.1810   0.4401   0.3345   0.0716   0.0000  -0.0220  -0.0939    0.316
    63  33.0943   0.1156   1.4835   4.2274   0.3930   1.4243   0.1813   0.4376   0.3326   0.0535   0.0000  -0.0210  -0.0920    0.313
    64  33.1649   0.2254   1.5002   4.1839   0.5386   1.4163   0.1808   0.4405   0.3349   0.0500   0.0000  -0.0193  -0.0909    0.308
    65  33.2578   0.3698   1.5221   4.1268   0.6730   1.4126   0.1792   0.4459   0.3389   0.0487   0.0000  -0.0170  -0.0899    0.300
    66  33.3719   0.5474   1.5490   4.0565   0.7936   1.4093   0.1763   0.4529   0.3443   0.0478   0.0000  -0.0146  -0.0890    0.292
    67  33.5097   0.7617   1.5816   3.9717   0.9441   1.4050   0.1718   0.4616   0.3508   0.0470   0.0000  -0.0121  -0.0884    0.285
    68  33.6704   1.0116   1.6195   3.8728   1.0344   1.3990   0.1653   0.4717   0.3585   0.0465   0.0000  -0.0098  -0.0882    0.277
    69  33.8488   1.2891   1.6616   3.7630   1.1046   1.3911   0.1572   0.4831   0.3672   0.0461   0.0000  -0.0078  -0.0883    0.271
    70  34.0430   1.5912   1.7075   3.6435   1.1542   1.3812   0.1480   0.4957   0.3768   0.0459   0.0000  -0.0060  -0.0889    0.266
    71  34.2510   1.9146   1.7565   3.5155   1.1831   1.3695   0.1387   0.5097   0.3874   0.0459   0.0000  -0.0045  -0.0900    0.262
    72  34.4703   2.2558   1.8083   3.3805   1.1921   1.3559   0.1306   0.5251   0.3991   0.0460   0.0000  -0.0031  -0.0914    0.258
    73  34.6987   2.6109   1.8622   3.2400   1.1821   1.3404   0.1244   0.5419   0.4119   0.0462   0.0000  -0.0019  -0.0932    0.255
    74  34.9335   2.9762   1.9177   3.0955   1.1548   1.3226   0.1199   0.5600   0.4256   0.0463   0.0000  -0.0008  -0.0953    0.252
    75  35.1723   3.3476   1.9740   2.9485   1.1122   1.3022   0.1169   0.5791   0.4402   0.0465   0.0000   0.0004  -0.0975    0.249
    76  35.4124   3.7210   2.0307   2.8008   1.0564   1.2785   0.1151   0.5989   0.4552   0.0465   0.0000   0.0016  -0.0998    0.247
    77  35.6512   4.0924   2.0871   2.6538   0.9900   1.2507   0.1143   0.6187   0.4703   0.0464   0.0000   0.0030  -0.1019    0.244
    78  35.8861   4.4577   2.1425   2.5093   0.9155   1.2179   0.1143   0.6376   0.4847   0.0461   0.0000   0.0046  -0.1036    0.240
    79  36.1144   4.8128   2.1964   2.3687   0.8353   1.1791   0.1152   0.6544   0.4974   0.0454   0.0000   0.0066  -0.1047    0.237
    80  36.3338   5.1540   2.2482   2.2338   0.7518   1.1333   0.1169   0.6674   0.5073   0.0442   0.0000   0.0091  -0.1048    0.232
    81  36.5417   5.4774   2.2973   2.1058   0.6671   1.0795   0.1193   0.6748   0.5129   0.0426   0.0000   0.0122  -0.1034    0.226
    82  36.7359   5.7795   2.3431   1.9862   0.5830   1.0166   0.1224   0.6743   0.5125   0.0402   0.0000   0.0159  -0.1001    0.219
    83  36.9144   6.0570   2.3852   1.8764   0.5012   0.9438   0.1260   0.6632   0.5041   0.0372   0.0000   0.0204  -0.0944    0.210
    84  37.0750   6.3069   2.4232   1.7776   0.4225   0.8609   0.1297   0.6392   0.4858   0.0332   0.0000   0.0252  -0.0863    0.198
    85  37.2162   6.5264   2.4565   1.6907   0.3478   0.7674   0.1333   0.5997   0.4558   0.0284   0.0000   0.0300  -0.0756    0.184
    86  37.3480   6.7314   2.4876   1.6096   0.3326   0.6584   0.1368   0.5411   0.4112   0.0229   0.0000   0.0339  -0.0624    0.168
    87  37.4657   6.9144   2.5154   1.5372   0.2507   0.5284   0.1400   0.4555   0.3462   0.0158   0.0000   0.0354  -0.0467    0.148
    88  37.5551   7.0535   2.5365   1.4822   0.1746   0.3863   0.1425   0.3463   0.2632   0.0084   0.0000   0.0321  -0.0310    0.128
    89  37.6153   7.1471   2.5508   1.4451   0.1029   0.2355   0.1442   0.2172   0.1651   0.0018   0.0000   0.0229  -0.0171    0.112
    90  37.6455   7.1941   2.5579   1.4265   0.0340   0.0791   0.1451   0.0751   0.0571  -0.0045   0.0000   0.0083  -0.0054    0.105

  Surface # 4     horizontal_stabilizer (YDUP)            
     # Chordwise = 10   # Spanwise = 30     First strip = 91
     Surface area Ssurf =   20.744605     Ave. chord Cave =    2.848571

 Forces referred to Sref, Cref, Bref about Xref, Yref, Zref
 Standard axis orientation,  X fwd, Z down         
     CLsurf  =   0.06799     Clsurf  =   0.00692
     CYsurf  =   0.01111     Cmsurf  =  -0.26004
     CDsurf  =   0.00756     Cnsurf  =  -0.00477
     CDisurf =   0.00756     CDvsurf =   0.00000

 Forces referred to Ssurf, Cave 
     CLsurf  =   0.41460     CDsurf  =   0.04551

 Strip Forces referred to Strip Area, Chord
    j     Xle      Yle      Zle      Chord    Area     c_cl     ai     cl_norm    cl       cd       cdv    cm_c/4     cm_LE   C.P.x/c
    91  33.0230  -0.0046   1.4667   4.2713   0.0803   1.8623   0.1803   0.5042   0.3833   0.3358   0.0000  -0.0237   0.1152    0.312
    92  33.0469  -0.0418   1.4723   4.2566   0.2392   1.4556   0.1810   0.4401   0.3345   0.0716   0.0000  -0.0220   0.0939    0.316
    93  33.0943  -0.1156   1.4835   4.2274   0.3930   1.4243   0.1813   0.4376   0.3326   0.0535   0.0000  -0.0210   0.0920    0.313
    94  33.1649  -0.2254   1.5002   4.1839   0.5386   1.4163   0.1808   0.4405   0.3349   0.0500   0.0000  -0.0193   0.0909    0.308
    95  33.2578  -0.3698   1.5221   4.1268   0.6730   1.4126   0.1792   0.4459   0.3389   0.0487   0.0000  -0.0170   0.0899    0.300
    96  33.3719  -0.5474   1.5490   4.0565   0.7936   1.4093   0.1763   0.4529   0.3443   0.0478   0.0000  -0.0146   0.0890    0.292
    97  33.5097  -0.7617   1.5816   3.9717   0.9441   1.4050   0.1718   0.4616   0.3508   0.0470   0.0000  -0.0121   0.0884    0.285
    98  33.6704  -1.0116   1.6195   3.8728   1.0344   1.3990   0.1653   0.4717   0.3585   0.0465   0.0000  -0.0098   0.0882    0.277
    99  33.8488  -1.2891   1.6616   3.7630   1.1046   1.3911   0.1572   0.4831   0.3672   0.0461   0.0000  -0.0078   0.0883    0.271
   100  34.0430  -1.5912   1.7075   3.6435   1.1542   1.3812   0.1480   0.4957   0.3768   0.0459   0.0000  -0.0060   0.0889    0.266
   101  34.2510  -1.9146   1.7565   3.5155   1.1831   1.3695   0.1387   0.5097   0.3874   0.0459   0.0000  -0.0045   0.0900    0.262
   102  34.4703  -2.2558   1.8083   3.3805   1.1921   1.3559   0.1306   0.5251   0.3991   0.0460   0.0000  -0.0031   0.0914    0.258
   103  34.6987  -2.6109   1.8622   3.2400   1.1821   1.3404   0.1244   0.5419   0.4119   0.0462   0.0000  -0.0019   0.0932    0.255
   104  34.9335  -2.9762   1.9177   3.0955   1.1548   1.3226   0.1199   0.5600   0.4256   0.0463   0.0000  -0.0008   0.0953    0.252
   105  35.1723  -3.3476   1.9740   2.9485   1.1122   1.3022   0.1169   0.5791   0.4402   0.0465   0.0000   0.0004   0.0975    0.249
   106  35.4124  -3.7210   2.0307   2.8008   1.0564   1.2785   0.1151   0.5989   0.4552   0.0465   0.0000   0.0016   0.0998    0.247
   107  35.6512  -4.0924   2.0871   2.6538   0.9900   1.2507   0.1143   0.6187   0.4703   0.0464   0.0000   0.0030   0.1019    0.244
   108  35.8861  -4.4577   2.1425   2.5093   0.9155   1.2179   0.1143   0.6376   0.4847   0.0461   0.0000   0.0046   0.1036    0.240
   109  36.1144  -4.8128   2.1964   2.3687   0.8353   1.1791   0.1152   0.6544   0.4974   0.0454   0.0000   0.0066   0.1047    0.237
   110  36.3338  -5.1540   2.2482   2.2338   0.7518   1.1333   0.1169   0.6674   0.5073   0.0442   0.0000   0.0091   0.1048    0.232
   111  36.5417  -5.4774   2.2973   2.1058   0.6671   1.0795   0.1193   0.6748   0.5129   0.0426   0.0000   0.0122   0.1034    0.226
   112  36.7359  -5.7795   2.3431   1.9862   0.5830   1.0166   0.1224   0.6743   0.5125   0.0402   0.0000   0.0159   0.1001    0.219
   113  36.9144  -6.0570   2.3852   1.8764   0.5012   0.9438   0.1260   0.6632   0.5041   0.0372   0.0000   0.0204   0.0944    0.210
   114  37.0750  -6.3069   2.4232   1.7776   0.4225   0.8609   0.1297   0.6392   0.4858   0.0332   0.0000   0.0252   0.0863    0.198
   115  37.2162  -6.5264   2.4565   1.6907   0.3478   0.7674   0.1333   0.5997   0.4558   0.0284   0.0000   0.0300   0.0756    0.184
   116  37.3480  -6.7314   2.4876   1.6096   0.3326   0.6584   0.1368   0.5411   0.4112   0.0229   0.0000   0.0339   0.0624    0.168
   117  37.4657  -6.9144   2.5154   1.5372   0.2507   0.5284   0.1400   0.4555   0.3462   0.0158   0.0000   0.0354   0.0467    0.148
   118  37.5551  -7.0535   2.5365   1.4822   0.1746   0.3863   0.1425   0.3463   0.2632   0.0084   0.0000   0.0321   0.0310    0.128
   119  37.6153  -7.1471   2.5508   1.4451   0.1029   0.2355   0.1442   0.2172   0.1651   0.0018   0.0000   0.0229   0.0171    0.112
   120  37.6455  -7.1941   2.5579   1.4265   0.0340   0.0791   0.1451   0.0751   0.0571  -0.0045   0.0000   0.0083   0.0054    0.105

  Surface # 5     vertical_stabilizer                     
     # Chordwise = 10   # Spanwise = 30     First strip =121
     Surface area Ssurf =   34.910363     Ave. chord Cave =    4.190920

 Forces referred to Sref, Cref, Bref about Xref, Yref, Zref
 Standard axis orientation,  X fwd, Z down         
     CLsurf  =   0.00000     Clsurf  =  -0.00000
     CYsurf  =  -0.00000     Cmsurf  =  -0.00000
     CDsurf  =  -0.00000     Cnsurf  =   0.00000
     CDisurf =  -0.00000     CDvsurf =   0.00000

 Forces referred to Ssurf, Cave 
     CLsurf  =   0.00000     CDsurf  =  -0.00000

 Strip Forces referred to Strip Area, Chord
    j     Xle      Yle      Zle      Chord    Area     c_cl     ai     cl_norm    cl       cd       cdv    cm_c/4     cm_LE   C.P.x/c
   121  27.0137   0.0000   1.5690  10.0347   0.6931  -0.0000   0.0000  -0.0000  -0.0000  -0.0000   0.0000   0.0000   0.0000    0.441
   122  27.2327   0.0000   1.6601   9.8296   1.1101  -0.0000  -0.0000  -0.0000  -0.0000  -0.0000   0.0000   0.0000   0.0000    0.705
   123  27.5561   0.0000   1.7947   9.5266   1.4857  -0.0000  -0.0000  -0.0000  -0.0000   0.0000   0.0000   0.0000   0.0000    0.410
   124  27.9815   0.0000   1.9717   9.1281   1.8040  -0.0000   0.0000  -0.0000  -0.0000  -0.0000   0.0000  -0.0000   0.0000    0.199
   125  28.5051   0.0000   2.1895   8.6377   2.0517  -0.0000  -0.0000  -0.0000  -0.0000  -0.0000   0.0000  -0.0000   0.0000    0.087
   126  29.1220   0.0000   2.4462   8.0598   2.2181   0.0000  -0.0000   0.0000   0.0000  -0.0000   0.0000  -0.0000  -0.0000  999.000
   127  29.8264   0.0000   2.7392   7.4000   2.2957   0.0000  -0.0000   0.0000   0.0000  -0.0000   0.0000  -0.0000  -0.0000    0.907
   128  30.6115   0.0000   3.0659   6.6646   2.2808   0.0000  -0.0000   0.0000   0.0000  -0.0000   0.0000  -0.0000  -0.0000    0.722
   129  31.4694   0.0000   3.4228   5.8609   2.1733   0.0000  -0.0000   0.0000   0.0000   0.0000   0.0000  -0.0000  -0.0000    0.495
   130  32.3918   0.0000   3.8066   4.9969   1.9773   0.0000   0.0000   0.0000   0.0000   0.0000   0.0000  -0.0000  -0.0000    0.556
   131  33.0131   0.0000   4.1929   4.4389   1.6667   0.0000  -0.0000   0.0000   0.0000   0.0000   0.0000  -0.0000  -0.0000    0.459
   132  33.3001   0.0000   4.5764   4.2198   1.6478   0.0000  -0.0000   0.0000   0.0000  -0.0000   0.0000  -0.0000  -0.0000    0.429
   133  33.5969   0.0000   4.9729   3.9932   1.6033   0.0000   0.0000   0.0000   0.0000   0.0000   0.0000  -0.0000  -0.0000    0.573
   134  33.9004   0.0000   5.3784   3.7615   1.5362   0.0000   0.0000   0.0000   0.0000  -0.0000   0.0000  -0.0000  -0.0000    0.446
   135  34.2075   0.0000   5.7886   3.5271   1.4499   0.0000   0.0000   0.0000   0.0000   0.0000   0.0000  -0.0000  -0.0000    0.471
   136  34.5150   0.0000   6.1995   3.2923   1.3482   0.0000  -0.0000   0.0000   0.0000   0.0000   0.0000  -0.0000  -0.0000    0.303
   137  34.8197   0.0000   6.6066   3.0597   1.2352   0.0000   0.0000   0.0000   0.0000  -0.0000   0.0000  -0.0000  -0.0000    0.396
   138  35.1185   0.0000   7.0058   2.8315   1.1147   0.0000  -0.0000   0.0000   0.0000  -0.0000   0.0000  -0.0000  -0.0000    0.435
   139  35.4083   0.0000   7.3929   2.6103   0.9908   0.0000  -0.0000   0.0000   0.0000  -0.0000   0.0000  -0.0000  -0.0000    0.536
   140  35.6860   0.0000   7.7640   2.3983   0.8670   0.0000   0.0000   0.0000   0.0000   0.0000   0.0000  -0.0000  -0.0000    0.437
   141  35.9487   0.0000   8.1150   2.1977   0.7464   0.0000   0.0000   0.0000   0.0000  -0.0000   0.0000   0.0000  -0.0000    0.227
   142  36.1937   0.0000   8.4424   2.0106   0.6318   0.0000  -0.0000   0.0000   0.0000   0.0000   0.0000   0.0000  -0.0000    0.123
   143  36.4185   0.0000   8.7426   1.8390   0.5251   0.0000   0.0000   0.0000   0.0000   0.0000   0.0000   0.0000  -0.0000    0.155
   144  36.6206   0.0000   9.0127   1.6847   0.4276   0.0000   0.0000   0.0000   0.0000  -0.0000   0.0000   0.0000  -0.0000    0.078
   145  36.7980   0.0000   9.2496   1.5493   0.3400   0.0000   0.0000   0.0000   0.0000   0.0000   0.0000   0.0000   0.0000   -0.256
   146  36.9487   0.0000   9.4510   1.4342   0.2622   0.0000  -0.0000   0.0000   0.0000  -0.0000   0.0000   0.0000  -0.0000   -0.061
   147  37.0713   0.0000   9.6148   1.3407   0.1933   0.0000   0.0000   0.0000   0.0000  -0.0000   0.0000   0.0000  -0.0000    0.062
   148  37.1643   0.0000   9.7391   1.2696   0.1322   0.0000  -0.0000   0.0000   0.0000  -0.0000   0.0000   0.0000   0.0000   -0.390
   149  37.2269   0.0000   9.8227   1.2218   0.0769   0.0000   0.0000   0.0000   0.0000   0.0000   0.0000   0.0000  -0.0000   -0.035
   150  37.2584   0.0000   9.8647   1.1978   0.0252   0.0000  -0.0000   0.0000   0.0000   0.0000   0.0000   0.0000   0.0000   -0.176

  Surface # 6     fuselage_horizontal                     
     # Chordwise = 10   # Spanwise = 10     First strip =151
     Surface area Ssurf =  123.841199     Ave. chord Cave =   33.112620

 Forces referred to Sref, Cref, Bref about Xref, Yref, Zref
 Standard axis orientation,  X fwd, Z down         
     CLsurf  =   0.01673     Clsurf  =   0.00000
     CYsurf  =   0.00000     Cmsurf  =   0.10063
     CDsurf  =  -0.00010     Cnsurf  =  -0.00000
     CDisurf =  -0.00010     CDvsurf =   0.00000

 Forces referred to Ssurf, Cave 
     CLsurf  =   0.01687     CDsurf  =  -0.00010

 Strip Forces referred to Strip Area, Chord
    j     Xle      Yle      Zle      Chord    Area     c_cl     ai     cl_norm    cl       cd       cdv    cm_c/4     cm_LE   C.P.x/c
   151   5.0231  -1.6830   0.0000  26.5957   9.9468   0.3886   0.2683   0.1483   0.0159  -0.0059   0.0000   0.0059   0.0003   -0.122
   152   2.9203  -1.3090   0.0000  31.2096  11.6724   0.5435   0.2874   0.0645   0.0180  -0.0017   0.0000   0.0077   0.0008   -0.176
   153   1.6676  -0.9350   0.0000  34.0626  12.7394   0.5833   0.2562   0.0407   0.0174   0.0001   0.0000   0.0096   0.0018   -0.305
   154   0.7666  -0.5610   0.0000  36.1620  13.5246   0.6080   0.2460   0.0277   0.0168   0.0014   0.0000   0.0105   0.0028   -0.376
   155   0.1963  -0.1870   0.0000  37.5333  14.0374   0.6244   0.2456   0.0188   0.0162   0.0038   0.0000   0.0107   0.0045   -0.412
   156   0.1963   0.1870   0.0000  37.5333  14.0374   0.6244   0.2456   0.0188   0.0162   0.0038   0.0000   0.0107   0.0045   -0.412
   157   0.7666   0.5610   0.0000  36.1620  13.5246   0.6080   0.2460   0.0277   0.0168   0.0014   0.0000   0.0105   0.0028   -0.376
   158   1.6676   0.9350   0.0000  34.0626  12.7394   0.5833   0.2562   0.0407   0.0174   0.0001   0.0000   0.0096   0.0018   -0.305
   159   2.9202   1.3090   0.0000  31.2096  11.6724   0.5435   0.2874   0.0645   0.0180  -0.0017   0.0000   0.0077   0.0008   -0.176
   160   5.0231   1.6830   0.0000  26.5957   9.9468   0.3886   0.2683   0.1483   0.0159  -0.0059   0.0000   0.0059   0.0003   -0.122

  Surface # 7     fuselage_vertical                       
     # Chordwise = 10   # Spanwise = 10     First strip =161
     Surface area Ssurf =  123.841199     Ave. chord Cave =   33.112620

 Forces referred to Sref, Cref, Bref about Xref, Yref, Zref
 Standard axis orientation,  X fwd, Z down         
     CLsurf  =   0.00000     Clsurf  =  -0.00000
     CYsurf  =   0.00000     Cmsurf  =  -0.00000
     CDsurf  =  -0.00000     Cnsurf  =  -0.00000
     CDisurf =  -0.00000     CDvsurf =   0.00000

 Forces referred to Ssurf, Cave 
     CLsurf  =  -0.00000     CDsurf  =  -0.00000

 Strip Forces referred to Strip Area, Chord
    j     Xle      Yle      Zle      Chord    Area     c_cl     ai     cl_norm    cl       cd       cdv    cm_c/4     cm_LE   C.P.x/c
   161   5.0231   0.0000  -1.6830  26.5957   9.9468   0.0000  -0.0000   0.0000   0.0000   0.0000   0.0000  -0.0000  -0.0000    1.196
   162   2.9203   0.0000  -1.3090  31.2096  11.6724  -0.0000  -0.0000  -0.0000  -0.0000   0.0000   0.0000  -0.0000  -0.0000  999.000
   163   1.6676   0.0000  -0.9350  34.0626  12.7394  -0.0000   0.0000  -0.0000  -0.0000   0.0000   0.0000  -0.0000  -0.0000   -0.138
   164   0.7666   0.0000  -0.5610  36.1620  13.5246  -0.0000   0.0000  -0.0000  -0.0000  -0.0000   0.0000   0.0000   0.0000    0.391
   165   0.1963   0.0000  -0.1870  37.5333  14.0374  -0.0000   0.0000  -0.0000  -0.0000  -0.0000   0.0000   0.0000   0.0000    0.521
   166   0.1963   0.0000   0.1870  37.5333  14.0374  -0.0000  -0.0000  -0.0000  -0.0000  -0.0000   0.0000   0.0000   0.0000    0.675
   167   0.7666   0.0000   0.5610  36.1620  13.5246  -0.0000   0.0000  -0.0000  -0.0000  -0.0000   0.0000   0.0000   0.0000    0.649
   168   1.6676   0.0000   0.9350  34.0626  12.7394  -0.0000   0.0000  -0.0000  -0.0000   0.0000   0.0000   0.0000   0.0000    0.676
   169   2.9202   0.0000   1.3090  31.2096  11.6724  -0.0000  -0.0000  -0.0000  -0.0000   0.0000   0.0000   0.0000   0.0000    0.822
   170   5.0231   0.0000   1.6830  26.5957   9.9468  -0.0000  -0.0000  -0.0000  -0.0000   0.0000   0.0000   0.0000   0.0000    0.933
 ---------------------------------------------------------------
