 ---------------------------------------------------------------
 Surface and Strip Forces by surface

  Sref =  124.86       Cref =  4.4875       Bref =  34.320    
  Xref =  18.914       Yref =  0.0000       Zref =-0.17619    

  Surface # 1     main_wing                               
     # Chordwise = 10   # Spanwise = 30     First strip =  1
     Surface area Ssurf =   63.968838     Ave. chord Cave =    3.715026

 Forces referred to Sref, Cref, Bref about Xref, Yref, Zref
 Standard axis orientation,  X fwd, Z down         
     CLsurf  =   0.01201     Clsurf  =   0.00209
     CYsurf  =  -0.00008     Cmsurf  =   0.01037
     CDsurf  =   0.00038     Cnsurf  =  -0.00016
     CDisurf =   0.00038     CDvsurf =   0.00000

 Forces referred to Ssurf, Cave 
     CLsurf  =   0.02340     CDsurf  =   0.00075

 Strip Forces referred to Strip Area, Chord
    j     Xle      Yle      Zle      Chord    Area     c_cl     ai     cl_norm    cl       cd       cdv    cm_c/4     cm_LE   C.P.x/c
     1  13.6181   0.0114  -0.9295   7.7520   0.3539   0.7550   0.0125   0.1262   0.0981   0.0173   0.0000  -0.0073  -0.0257    0.324
     2  13.6830   0.1025  -0.9255   7.6885   1.0492   0.7435   0.0118   0.1247   0.0969   0.0045   0.0000  -0.0073  -0.0256    0.325
     3  13.8120   0.2837  -0.9176   7.5620   1.7073   0.7390   0.0101   0.1260   0.0979   0.0036   0.0000  -0.0070  -0.0256    0.322
     4  14.0037   0.5530  -0.9059   7.3741   2.3052   0.7284   0.0076   0.1273   0.0989   0.0031   0.0000  -0.0066  -0.0255    0.317
     5  14.2560   0.9075  -0.8904   7.1267   2.8223   0.7072   0.0051   0.1279   0.0994   0.0026   0.0000  -0.0064  -0.0253    0.314
     6  14.5662   1.3432  -0.8714   6.8226   3.2414   0.6717   0.0059   0.1268   0.0986   0.0021   0.0000  -0.0063  -0.0251    0.314
     7  14.9309   1.8554  -0.8490   6.4651   3.5491   0.6187   0.0157   0.1233   0.0958   0.0015   0.0000  -0.0065  -0.0247    0.318
     8  15.3460   2.4386  -0.8236   6.0582   3.7368   0.5463   0.0234   0.1161   0.0903   0.0008   0.0000  -0.0071  -0.0241    0.328
     9  15.8070   3.0862  -0.7953   5.6062   3.8005   0.4552   0.0161   0.1046   0.0813   0.0002   0.0000  -0.0080  -0.0230    0.348
    10  16.2877   3.7613  -0.7658   5.1351   3.4440   0.3545   0.0065   0.0889   0.0691  -0.0002   0.0000  -0.0090  -0.0213    0.380
    11  16.7803   4.4532  -0.7356   4.6522   3.3149   0.2505  -0.0017   0.0693   0.0539  -0.0004   0.0000  -0.0099  -0.0190    0.434
    12  17.2999   5.1831  -0.7037   4.1429   3.0930   0.1432  -0.0117   0.0445   0.0346  -0.0004   0.0000  -0.0113  -0.0163    0.578
    13  17.8026   6.0123  -0.6437   3.7903   3.4706   0.0504  -0.0164   0.0161   0.0133  -0.0002   0.0000  -0.0127  -0.0143    1.209
    14  18.2809   6.9353  -0.5549   3.6075   3.3775  -0.0118  -0.0121  -0.0040  -0.0033   0.0000   0.0000  -0.0135  -0.0113  999.000
    15  18.7672   7.8737  -0.4645   3.4215   3.2389  -0.0575  -0.0086  -0.0204  -0.0168   0.0001   0.0000  -0.0144  -0.0091   -0.605
    16  19.2562   8.8172  -0.3736   3.2345   3.0619  -0.0921  -0.0065  -0.0346  -0.0285   0.0002   0.0000  -0.0154  -0.0074   -0.289
    17  19.7425   9.7556  -0.2833   3.0486   2.8543  -0.1185  -0.0057  -0.0472  -0.0389   0.0003   0.0000  -0.0165  -0.0061   -0.175
    18  20.2208  10.6786  -0.1944   2.8657   2.6239  -0.1389  -0.0060  -0.0588  -0.0485   0.0003   0.0000  -0.0182  -0.0055   -0.125
    19  20.6858  11.5760  -0.1080   2.6879   2.3787  -0.1537  -0.0071  -0.0694  -0.0572   0.0002   0.0000  -0.0214  -0.0064   -0.124
    20  21.1299  12.4328  -0.0255   2.5181   2.1010  -0.1611  -0.0079  -0.0777  -0.0640   0.0010   0.0000  -0.0350  -0.0170   -0.296
    21  21.5482  13.2400   0.0523   2.3582   1.8520  -0.1607  -0.0081  -0.0828  -0.0682   0.0003   0.0000  -0.0367  -0.0176   -0.288
    22  21.9390  13.9941   0.1249   2.2087   1.6074  -0.1542  -0.0081  -0.0848  -0.0698   0.0002   0.0000  -0.0374  -0.0179   -0.285
    23  22.2979  14.6868   0.1916   2.0715   1.3716  -0.1427  -0.0080  -0.0836  -0.0689   0.0001   0.0000  -0.0379  -0.0185   -0.300
    24  22.6211  15.3105   0.2516   1.9479   1.1479  -0.1267  -0.0076  -0.0790  -0.0651  -0.0001   0.0000  -0.0382  -0.0196   -0.337
    25  22.9051  15.8583   0.3044   1.8393   0.9381  -0.1069  -0.0066  -0.0706  -0.0582  -0.0002   0.0000  -0.0374  -0.0205   -0.393
    26  23.1466  16.3244   0.3493   1.7470   0.7427  -0.0853  -0.0054  -0.0593  -0.0489  -0.0004   0.0000  -0.0330  -0.0186   -0.425
    27  23.5299  16.6722   0.3828   1.4928   0.4131  -0.0649  -0.0049  -0.1435  -0.0436  -0.0015   0.0000  -0.0171  -0.0030   -0.142
    28  23.9809  16.9098   0.4056   1.1466   0.2292  -0.0458  -0.0043  -0.1319  -0.0400  -0.0010   0.0000  -0.0167  -0.0033   -0.167
    29  24.2843  17.0696   0.4210   0.9138   0.1104  -0.0271  -0.0034  -0.0978  -0.0297  -0.0013   0.0000  -0.0152  -0.0037   -0.260
    30  24.4368  17.1499   0.4287   0.7967   0.0322  -0.0089  -0.0023  -0.0370  -0.0112  -0.0021   0.0000  -0.0072  -0.0021   -0.394

  Surface # 2     main_wing (YDUP)                        
     # Chordwise = 10   # Spanwise = 30     First strip = 31
     Surface area Ssurf =   63.968838     Ave. chord Cave =    3.715026

 Forces referred to Sref, Cref, Bref about Xref, Yref, Zref
 Standard axis orientation,  X fwd, Z down         
     CLsurf  =   0.01201     Clsurf  =  -0.00209
     CYsurf  =   0.00008     Cmsurf  =   0.01037
     CDsurf  =   0.00038     Cnsurf  =   0.00016
     CDisurf =   0.00038     CDvsurf =   0.00000

 Forces referred to Ssurf, Cave 
     CLsurf  =   0.02340     CDsurf  =   0.00075

 Strip Forces referred to Strip Area, Chord
    j     Xle      Yle      Zle      Chord    Area     c_cl     ai     cl_norm    cl       cd       cdv    cm_c/4     cm_LE   C.P.x/c
    31  13.6181  -0.0114  -0.9295   7.7520   0.3539   0.7550   0.0125   0.1262   0.0981   0.0173   0.0000  -0.0073   0.0257    0.324
    32  13.6830  -0.1025  -0.9255   7.6885   1.0492   0.7435   0.0118   0.1247   0.0969   0.0045   0.0000  -0.0073   0.0256    0.325
    33  13.8120  -0.2837  -0.9176   7.5620   1.7073   0.7390   0.0101   0.1260   0.0979   0.0036   0.0000  -0.0070   0.0256    0.322
    34  14.0037  -0.5530  -0.9059   7.3741   2.3052   0.7284   0.0076   0.1273   0.0989   0.0031   0.0000  -0.0066   0.0255    0.317
    35  14.2560  -0.9075  -0.8904   7.1267   2.8223   0.7072   0.0051   0.1279   0.0994   0.0026   0.0000  -0.0064   0.0253    0.314
    36  14.5662  -1.3432  -0.8714   6.8226   3.2414   0.6717   0.0059   0.1268   0.0986   0.0021   0.0000  -0.0063   0.0251    0.314
    37  14.9309  -1.8554  -0.8490   6.4651   3.5491   0.6187   0.0157   0.1233   0.0958   0.0015   0.0000  -0.0065   0.0247    0.318
    38  15.3460  -2.4386  -0.8236   6.0582   3.7368   0.5463   0.0234   0.1161   0.0903   0.0008   0.0000  -0.0071   0.0241    0.328
    39  15.8070  -3.0862  -0.7953   5.6062   3.8005   0.4552   0.0161   0.1046   0.0813   0.0002   0.0000  -0.0080   0.0230    0.348
    40  16.2877  -3.7613  -0.7658   5.1351   3.4440   0.3545   0.0065   0.0889   0.0691  -0.0002   0.0000  -0.0090   0.0213    0.380
    41  16.7803  -4.4532  -0.7356   4.6522   3.3149   0.2505  -0.0017   0.0693   0.0539  -0.0004   0.0000  -0.0099   0.0190    0.434
    42  17.2999  -5.1831  -0.7037   4.1429   3.0930   0.1432  -0.0117   0.0445   0.0346  -0.0004   0.0000  -0.0113   0.0163    0.578
    43  17.8026  -6.0123  -0.6437   3.7903   3.4706   0.0504  -0.0164   0.0161   0.0133  -0.0002   0.0000  -0.0127   0.0143    1.209
    44  18.2809  -6.9353  -0.5549   3.6075   3.3775  -0.0118  -0.0121  -0.0040  -0.0033   0.0000   0.0000  -0.0135   0.0113  999.000
    45  18.7672  -7.8737  -0.4645   3.4215   3.2389  -0.0575  -0.0086  -0.0204  -0.0168   0.0001   0.0000  -0.0144   0.0091   -0.605
    46  19.2562  -8.8172  -0.3736   3.2345   3.0619  -0.0921  -0.0065  -0.0346  -0.0285   0.0002   0.0000  -0.0154   0.0074   -0.289
    47  19.7425  -9.7556  -0.2833   3.0486   2.8543  -0.1185  -0.0057  -0.0472  -0.0389   0.0003   0.0000  -0.0165   0.0061   -0.175
    48  20.2208 -10.6786  -0.1944   2.8657   2.6239  -0.1389  -0.0060  -0.0588  -0.0485   0.0003   0.0000  -0.0182   0.0055   -0.125
    49  20.6858 -11.5760  -0.1080   2.6879   2.3787  -0.1537  -0.0071  -0.0694  -0.0572   0.0002   0.0000  -0.0214   0.0064   -0.124
    50  21.1299 -12.4328  -0.0255   2.5181   2.1010  -0.1611  -0.0079  -0.0777  -0.0640   0.0010   0.0000  -0.0350   0.0170   -0.296
    51  21.5482 -13.2400   0.0523   2.3582   1.8520  -0.1607  -0.0081  -0.0828  -0.0682   0.0003   0.0000  -0.0367   0.0176   -0.288
    52  21.9390 -13.9941   0.1249   2.2087   1.6074  -0.1542  -0.0081  -0.0848  -0.0698   0.0002   0.0000  -0.0374   0.0179   -0.285
    53  22.2979 -14.6868   0.1916   2.0715   1.3716  -0.1427  -0.0080  -0.0836  -0.0689   0.0001   0.0000  -0.0379   0.0185   -0.300
    54  22.6211 -15.3105   0.2516   1.9479   1.1479  -0.1267  -0.0076  -0.0790  -0.0651  -0.0001   0.0000  -0.0382   0.0196   -0.337
    55  22.9051 -15.8583   0.3044   1.8393   0.9381  -0.1069  -0.0066  -0.0706  -0.0582  -0.0002   0.0000  -0.0374   0.0205   -0.393
    56  23.1466 -16.3244   0.3493   1.7470   0.7427  -0.0853  -0.0054  -0.0593  -0.0489  -0.0004   0.0000  -0.0330   0.0186   -0.425
    57  23.5299 -16.6722   0.3828   1.4928   0.4131  -0.0649  -0.0049  -0.1435  -0.0436  -0.0015   0.0000  -0.0171   0.0030   -0.142
    58  23.9809 -16.9098   0.4056   1.1466   0.2292  -0.0458  -0.0043  -0.1319  -0.0400  -0.0010   0.0000  -0.0167   0.0033   -0.167
    59  24.2843 -17.0696   0.4210   0.9138   0.1104  -0.0271  -0.0034  -0.0978  -0.0297  -0.0013   0.0000  -0.0152   0.0037   -0.260
    60  24.4368 -17.1499   0.4287   0.7967   0.0322  -0.0089  -0.0023  -0.0370  -0.0112  -0.0021   0.0000  -0.0072   0.0021   -0.394

  Surface # 3     horizontal_stabilizer                   
     # Chordwise = 10   # Spanwise = 30     First strip = 61
     Surface area Ssurf =   20.744605     Ave. chord Cave =    2.848571

 Forces referred to Sref, Cref, Bref about Xref, Yref, Zref
 Standard axis orientation,  X fwd, Z down         
     CLsurf  =  -0.02868     Clsurf  =   0.00276
     CYsurf  =   0.00462     Cmsurf  =   0.10687
     CDsurf  =   0.00010     Cnsurf  =  -0.00236
     CDisurf =   0.00010     CDvsurf =   0.00000

 Forces referred to Ssurf, Cave 
     CLsurf  =  -0.17485     CDsurf  =   0.00062

 Strip Forces referred to Strip Area, Chord
    j     Xle      Yle      Zle      Chord    Area     c_cl     ai     cl_norm    cl       cd       cdv    cm_c/4     cm_LE   C.P.x/c
    61  33.0230   0.0046   1.4667   4.2713   0.0803  -0.5854  -0.0204  -0.1733  -0.1352   0.0567   0.0000   0.0083   0.0356    0.312
    62  33.0469   0.0418   1.4723   4.2566   0.2392  -0.6649  -0.0208  -0.2001  -0.1561   0.0068   0.0000   0.0079   0.0393    0.301
    63  33.0943   0.1156   1.4835   4.2274   0.3930  -0.6711  -0.0213  -0.2035  -0.1587   0.0035   0.0000   0.0074   0.0394    0.297
    64  33.1649   0.2254   1.5002   4.1839   0.5386  -0.6727  -0.0215  -0.2062  -0.1608   0.0027   0.0000   0.0066   0.0391    0.291
    65  33.2578   0.3698   1.5221   4.1268   0.6730  -0.6731  -0.0216  -0.2091  -0.1631   0.0022   0.0000   0.0055   0.0387    0.284
    66  33.3719   0.5474   1.5490   4.0565   0.7936  -0.6724  -0.0213  -0.2126  -0.1658   0.0018   0.0000   0.0044   0.0384    0.277
    67  33.5097   0.7617   1.5816   3.9717   0.9441  -0.6704  -0.0206  -0.2165  -0.1688   0.0014   0.0000   0.0034   0.0381    0.270
    68  33.6704   1.0116   1.6195   3.8728   1.0344  -0.6664  -0.0193  -0.2207  -0.1721   0.0011   0.0000   0.0024   0.0380    0.264
    69  33.8488   1.2891   1.6616   3.7630   1.1046  -0.6601  -0.0173  -0.2250  -0.1755   0.0007   0.0000   0.0016   0.0380    0.259
    70  34.0430   1.5912   1.7075   3.6435   1.1542  -0.6509  -0.0149  -0.2292  -0.1787   0.0005   0.0000   0.0009   0.0381    0.255
    71  34.2510   1.9146   1.7565   3.5155   1.1831  -0.6385  -0.0124  -0.2330  -0.1817   0.0002   0.0000   0.0004   0.0382    0.252
    72  34.4703   2.2558   1.8083   3.3805   1.1921  -0.6229  -0.0105  -0.2364  -0.1844   0.0001   0.0000  -0.0000   0.0384    0.250
    73  34.6987   2.6109   1.8622   3.2400   1.1821  -0.6040  -0.0094  -0.2392  -0.1865  -0.0001   0.0000  -0.0004   0.0386    0.248
    74  34.9335   2.9762   1.9177   3.0955   1.1548  -0.5820  -0.0091  -0.2412  -0.1881  -0.0002   0.0000  -0.0006   0.0388    0.247
    75  35.1723   3.3476   1.9740   2.9485   1.1122  -0.5574  -0.0092  -0.2425  -0.1891  -0.0003   0.0000  -0.0008   0.0388    0.246
    76  35.4124   3.7210   2.0307   2.8008   1.0564  -0.5304  -0.0097  -0.2430  -0.1895  -0.0003   0.0000  -0.0009   0.0388    0.245
    77  35.6512   4.0924   2.0871   2.6538   0.9900  -0.5018  -0.0104  -0.2426  -0.1892  -0.0003   0.0000  -0.0011   0.0386    0.244
    78  35.8861   4.4577   2.1425   2.5093   0.9155  -0.4720  -0.0112  -0.2414  -0.1882  -0.0003   0.0000  -0.0012   0.0382    0.243
    79  36.1144   4.8128   2.1964   2.3687   0.8353  -0.4414  -0.0121  -0.2391  -0.1865  -0.0003   0.0000  -0.0015   0.0377    0.242
    80  36.3338   5.1540   2.2482   2.2338   0.7518  -0.4104  -0.0131  -0.2357  -0.1838  -0.0003   0.0000  -0.0019   0.0368    0.240
    81  36.5417   5.4774   2.2973   2.1058   0.6671  -0.3790  -0.0143  -0.2309  -0.1801  -0.0003   0.0000  -0.0024   0.0356    0.237
    82  36.7359   5.7795   2.3431   1.9862   0.5830  -0.3472  -0.0157  -0.2243  -0.1749  -0.0003   0.0000  -0.0031   0.0339    0.232
    83  36.9144   6.0570   2.3852   1.8764   0.5012  -0.3148  -0.0173  -0.2152  -0.1679  -0.0003   0.0000  -0.0040   0.0317    0.226
    84  37.0750   6.3069   2.4232   1.7776   0.4225  -0.2815  -0.0190  -0.2032  -0.1585  -0.0004   0.0000  -0.0051   0.0287    0.218
    85  37.2162   6.5264   2.4565   1.6907   0.3478  -0.2470  -0.0206  -0.1874  -0.1462  -0.0004   0.0000  -0.0064   0.0251    0.207
    86  37.3480   6.7314   2.4876   1.6096   0.3326  -0.2091  -0.0223  -0.1667  -0.1300  -0.0005   0.0000  -0.0075   0.0208    0.192
    87  37.4657   6.9144   2.5154   1.5372   0.2507  -0.1661  -0.0238  -0.1386  -0.1081  -0.0006   0.0000  -0.0082   0.0156    0.174
    88  37.5551   7.0535   2.5365   1.4822   0.1746  -0.1205  -0.0251  -0.1044  -0.0814  -0.0006   0.0000  -0.0078   0.0104    0.154
    89  37.6153   7.1471   2.5508   1.4451   0.1029  -0.0731  -0.0259  -0.0650  -0.0507  -0.0006   0.0000  -0.0058   0.0057    0.136
    90  37.6455   7.1941   2.5579   1.4265   0.0340  -0.0245  -0.0264  -0.0221  -0.0172  -0.0005   0.0000  -0.0021   0.0018    0.126

  Surface # 4     horizontal_stabilizer (YDUP)            
     # Chordwise = 10   # Spanwise = 30     First strip = 91
     Surface area Ssurf =   20.744605     Ave. chord Cave =    2.848571

 Forces referred to Sref, Cref, Bref about Xref, Yref, Zref
 Standard axis orientation,  X fwd, Z down         
     CLsurf  =  -0.02868     Clsurf  =  -0.00276
     CYsurf  =  -0.00462     Cmsurf  =   0.10687
     CDsurf  =   0.00010     Cnsurf  =   0.00236
     CDisurf =   0.00010     CDvsurf =   0.00000

 Forces referred to Ssurf, Cave 
     CLsurf  =  -0.17485     CDsurf  =   0.00062

 Strip Forces referred to Strip Area, Chord
    j     Xle      Yle      Zle      Chord    Area     c_cl     ai     cl_norm    cl       cd       cdv    cm_c/4     cm_LE   C.P.x/c
    91  33.0230  -0.0046   1.4667   4.2713   0.0803  -0.5854  -0.0204  -0.1733  -0.1352   0.0567   0.0000   0.0083  -0.0356    0.312
    92  33.0469  -0.0418   1.4723   4.2566   0.2392  -0.6649  -0.0208  -0.2001  -0.1561   0.0068   0.0000   0.0079  -0.0393    0.301
    93  33.0943  -0.1156   1.4835   4.2274   0.3930  -0.6711  -0.0213  -0.2035  -0.1587   0.0035   0.0000   0.0074  -0.0394    0.297
    94  33.1649  -0.2254   1.5002   4.1839   0.5386  -0.6727  -0.0215  -0.2062  -0.1608   0.0027   0.0000   0.0066  -0.0391    0.291
    95  33.2578  -0.3698   1.5221   4.1268   0.6730  -0.6731  -0.0216  -0.2091  -0.1631   0.0022   0.0000   0.0055  -0.0387    0.284
    96  33.3719  -0.5474   1.5490   4.0565   0.7936  -0.6724  -0.0213  -0.2126  -0.1658   0.0018   0.0000   0.0044  -0.0384    0.277
    97  33.5097  -0.7617   1.5816   3.9717   0.9441  -0.6704  -0.0206  -0.2165  -0.1688   0.0014   0.0000   0.0034  -0.0381    0.270
    98  33.6704  -1.0116   1.6195   3.8728   1.0344  -0.6664  -0.0193  -0.2207  -0.1721   0.0011   0.0000   0.0024  -0.0380    0.264
    99  33.8488  -1.2891   1.6616   3.7630   1.1046  -0.6601  -0.0173  -0.2250  -0.1755   0.0007   0.0000   0.0016  -0.0380    0.259
   100  34.0430  -1.5912   1.7075   3.6435   1.1542  -0.6509  -0.0149  -0.2292  -0.1787   0.0005   0.0000   0.0009  -0.0381    0.255
   101  34.2510  -1.9146   1.7565   3.5155   1.1831  -0.6385  -0.0124  -0.2330  -0.1817   0.0002   0.0000   0.0004  -0.0382    0.252
   102  34.4703  -2.2558   1.8083   3.3805   1.1921  -0.6229  -0.0105  -0.2364  -0.1844   0.0001   0.0000  -0.0000  -0.0384    0.250
   103  34.6987  -2.6109   1.8622   3.2400   1.1821  -0.6040  -0.0094  -0.2392  -0.1865  -0.0001   0.0000  -0.0004  -0.0386    0.248
   104  34.9335  -2.9762   1.9177   3.0955   1.1548  -0.5820  -0.0091  -0.2412  -0.1881  -0.0002   0.0000  -0.0006  -0.0388    0.247
   105  35.1723  -3.3476   1.9740   2.9485   1.1122  -0.5574  -0.0092  -0.2425  -0.1891  -0.0003   0.0000  -0.0008  -0.0388    0.246
   106  35.4124  -3.7210   2.0307   2.8008   1.0564  -0.5304  -0.0097  -0.2430  -0.1895  -0.0003   0.0000  -0.0009  -0.0388    0.245
   107  35.6512  -4.0924   2.0871   2.6538   0.9900  -0.5018  -0.0104  -0.2426  -0.1892  -0.0003   0.0000  -0.0011  -0.0386    0.244
   108  35.8861  -4.4577   2.1425   2.5093   0.9155  -0.4720  -0.0112  -0.2414  -0.1882  -0.0003   0.0000  -0.0012  -0.0382    0.243
   109  36.1144  -4.8128   2.1964   2.3687   0.8353  -0.4414  -0.0121  -0.2391  -0.1865  -0.0003   0.0000  -0.0015  -0.0377    0.242
   110  36.3338  -5.1540   2.2482   2.2338   0.7518  -0.4104  -0.0131  -0.2357  -0.1838  -0.0003   0.0000  -0.0019  -0.0368    0.240
   111  36.5417  -5.4774   2.2973   2.1058   0.6671  -0.3790  -0.0143  -0.2309  -0.1801  -0.0003   0.0000  -0.0024  -0.0356    0.237
   112  36.7359  -5.7795   2.3431   1.9862   0.5830  -0.3472  -0.0157  -0.2243  -0.1749  -0.0003   0.0000  -0.0031  -0.0339    0.232
   113  36.9144  -6.0570   2.3852   1.8764   0.5012  -0.3148  -0.0173  -0.2152  -0.1679  -0.0003   0.0000  -0.0040  -0.0317    0.226
   114  37.0750  -6.3069   2.4232   1.7776   0.4225  -0.2815  -0.0190  -0.2032  -0.1585  -0.0004   0.0000  -0.0051  -0.0287    0.218
   115  37.2162  -6.5264   2.4565   1.6907   0.3478  -0.2470  -0.0206  -0.1874  -0.1462  -0.0004   0.0000  -0.0064  -0.0251    0.207
   116  37.3480  -6.7314   2.4876   1.6096   0.3326  -0.2091  -0.0223  -0.1667  -0.1300  -0.0005   0.0000  -0.0075  -0.0208    0.192
   117  37.4657  -6.9144   2.5154   1.5372   0.2507  -0.1661  -0.0238  -0.1386  -0.1081  -0.0006   0.0000  -0.0082  -0.0156    0.174
   118  37.5551  -7.0535   2.5365   1.4822   0.1746  -0.1205  -0.0251  -0.1044  -0.0814  -0.0006   0.0000  -0.0078  -0.0104    0.154
   119  37.6153  -7.1471   2.5508   1.4451   0.1029  -0.0731  -0.0259  -0.0650  -0.0507  -0.0006   0.0000  -0.0058  -0.0057    0.136
   120  37.6455  -7.1941   2.5579   1.4265   0.0340  -0.0245  -0.0264  -0.0221  -0.0172  -0.0005   0.0000  -0.0021  -0.0018    0.126

  Surface # 5     vertical_stabilizer                     
     # Chordwise = 10   # Spanwise = 30     First strip =121
     Surface area Ssurf =   34.910363     Ave. chord Cave =    4.190920

 Forces referred to Sref, Cref, Bref about Xref, Yref, Zref
 Standard axis orientation,  X fwd, Z down         
     CLsurf  =  -0.00000     Clsurf  =   0.00000
     CYsurf  =   0.00000     Cmsurf  =   0.00000
     CDsurf  =   0.00000     Cnsurf  =  -0.00000
     CDisurf =   0.00000     CDvsurf =   0.00000

 Forces referred to Ssurf, Cave 
     CLsurf  =  -0.00000     CDsurf  =   0.00000

 Strip Forces referred to Strip Area, Chord
    j     Xle      Yle      Zle      Chord    Area     c_cl     ai     cl_norm    cl       cd       cdv    cm_c/4     cm_LE   C.P.x/c
   121  27.0137   0.0000   1.5690  10.0347   0.6931  -0.0000  -0.0000  -0.0000  -0.0000   0.0000   0.0000  -0.0000  -0.0000   -0.156
   122  27.2327   0.0000   1.6601   9.8296   1.1101  -0.0000  -0.0000  -0.0000  -0.0000   0.0000   0.0000   0.0000   0.0000    0.267
   123  27.5561   0.0000   1.7947   9.5266   1.4857  -0.0000   0.0000  -0.0000  -0.0000   0.0000   0.0000   0.0000   0.0000    0.438
   124  27.9815   0.0000   1.9717   9.1281   1.8040  -0.0000   0.0000  -0.0000  -0.0000  -0.0000   0.0000   0.0000   0.0000    0.723
   125  28.5051   0.0000   2.1895   8.6377   2.0517  -0.0000   0.0000  -0.0000  -0.0000  -0.0000   0.0000   0.0000   0.0000    0.559
   126  29.1220   0.0000   2.4462   8.0598   2.2181  -0.0000   0.0000  -0.0000  -0.0000   0.0000   0.0000   0.0000   0.0000    0.769
   127  29.8264   0.0000   2.7392   7.4000   2.2957  -0.0000   0.0000  -0.0000  -0.0000  -0.0000   0.0000   0.0000   0.0000    0.638
   128  30.6115   0.0000   3.0659   6.6646   2.2808  -0.0000   0.0000  -0.0000  -0.0000  -0.0000   0.0000   0.0000   0.0000    0.621
   129  31.4694   0.0000   3.4228   5.8609   2.1733  -0.0000   0.0000  -0.0000  -0.0000   0.0000   0.0000   0.0000   0.0000    0.553
   130  32.3918   0.0000   3.8066   4.9969   1.9773  -0.0000   0.0000  -0.0000  -0.0000   0.0000   0.0000   0.0000   0.0000    0.339
   131  33.0131   0.0000   4.1929   4.4389   1.6667  -0.0000   0.0000  -0.0000  -0.0000   0.0000   0.0000  -0.0000   0.0000    0.163
   132  33.3001   0.0000   4.5764   4.2198   1.6478  -0.0000   0.0000  -0.0000  -0.0000  -0.0000   0.0000   0.0000   0.0000    0.423
   133  33.5969   0.0000   4.9729   3.9932   1.6033  -0.0000  -0.0000  -0.0000  -0.0000   0.0000   0.0000   0.0000   0.0000    0.483
   134  33.9004   0.0000   5.3784   3.7615   1.5362  -0.0000   0.0000  -0.0000  -0.0000  -0.0000   0.0000   0.0000   0.0000    0.352
   135  34.2075   0.0000   5.7886   3.5271   1.4499  -0.0000   0.0000  -0.0000  -0.0000   0.0000   0.0000   0.0000   0.0000    0.309
   136  34.5150   0.0000   6.1995   3.2923   1.3482  -0.0000  -0.0000  -0.0000  -0.0000  -0.0000   0.0000   0.0000   0.0000    0.418
   137  34.8197   0.0000   6.6066   3.0597   1.2352  -0.0000  -0.0000  -0.0000  -0.0000  -0.0000   0.0000   0.0000   0.0000    0.562
   138  35.1185   0.0000   7.0058   2.8315   1.1147  -0.0000   0.0000  -0.0000  -0.0000   0.0000   0.0000  -0.0000   0.0000    0.249
   139  35.4083   0.0000   7.3929   2.6103   0.9908  -0.0000   0.0000  -0.0000  -0.0000  -0.0000   0.0000   0.0000   0.0000    0.274
   140  35.6860   0.0000   7.7640   2.3983   0.8670  -0.0000   0.0000  -0.0000  -0.0000   0.0000   0.0000  -0.0000   0.0000    0.181
   141  35.9487   0.0000   8.1150   2.1977   0.7464  -0.0000  -0.0000  -0.0000  -0.0000   0.0000   0.0000   0.0000   0.0000    0.281
   142  36.1937   0.0000   8.4424   2.0106   0.6318  -0.0000  -0.0000  -0.0000  -0.0000  -0.0000   0.0000   0.0000   0.0000    0.331
   143  36.4185   0.0000   8.7426   1.8390   0.5251  -0.0000  -0.0000  -0.0000  -0.0000  -0.0000   0.0000   0.0000   0.0000    0.333
   144  36.6206   0.0000   9.0127   1.6847   0.4276  -0.0000   0.0000  -0.0000  -0.0000   0.0000   0.0000  -0.0000   0.0000    0.048
   145  36.7980   0.0000   9.2496   1.5493   0.3400  -0.0000   0.0000  -0.0000  -0.0000  -0.0000   0.0000  -0.0000  -0.0000   -0.612
   146  36.9487   0.0000   9.4510   1.4342   0.2622  -0.0000   0.0000  -0.0000  -0.0000  -0.0000   0.0000  -0.0000  -0.0000   -0.629
   147  37.0713   0.0000   9.6148   1.3407   0.1933  -0.0000   0.0000  -0.0000  -0.0000   0.0000   0.0000  -0.0000  -0.0000  999.000
   148  37.1643   0.0000   9.7391   1.2696   0.1322  -0.0000  -0.0000  -0.0000  -0.0000  -0.0000   0.0000  -0.0000   0.0000    0.099
   149  37.2269   0.0000   9.8227   1.2218   0.0769  -0.0000   0.0000  -0.0000  -0.0000  -0.0000   0.0000  -0.0000  -0.0000   -0.889
   150  37.2584   0.0000   9.8647   1.1978   0.0252  -0.0000  -0.0000  -0.0000  -0.0000   0.0000   0.0000   0.0000   0.0000    0.818

  Surface # 6     fuselage_horizontal                     
     # Chordwise = 10   # Spanwise = 10     First strip =151
     Surface area Ssurf =  123.841199     Ave. chord Cave =   33.112620

 Forces referred to Sref, Cref, Bref about Xref, Yref, Zref
 Standard axis orientation,  X fwd, Z down         
     CLsurf  =  -0.00975     Clsurf  =  -0.00000
     CYsurf  =   0.00000     Cmsurf  =  -0.03048
     CDsurf  =   0.00022     Cnsurf  =  -0.00000
     CDisurf =   0.00022     CDvsurf =   0.00000

 Forces referred to Ssurf, Cave 
     CLsurf  =  -0.00983     CDsurf  =   0.00022

 Strip Forces referred to Strip Area, Chord
    j     Xle      Yle      Zle      Chord    Area     c_cl     ai     cl_norm    cl       cd       cdv    cm_c/4     cm_LE   C.P.x/c
   151   5.0231  -1.6830   0.0000  26.5957   9.9468  -0.2443  -0.0600  -0.1142  -0.0092   0.0001   0.0000  -0.0003   0.0003    0.213
   152   2.9203  -1.3090   0.0000  31.2096  11.6724  -0.3284  -0.0555  -0.0409  -0.0105   0.0002   0.0000  -0.0008   0.0005    0.175
   153   1.6676  -0.9350   0.0000  34.0626  12.7394  -0.3483  -0.0331  -0.0250  -0.0102   0.0002   0.0000  -0.0016   0.0003    0.094
   154   0.7666  -0.5610   0.0000  36.1620  13.5246  -0.3529  -0.0214  -0.0164  -0.0098   0.0003   0.0000  -0.0021   0.0002    0.036
   155   0.1963  -0.1870   0.0000  37.5333  14.0374  -0.3539  -0.0168  -0.0109  -0.0094   0.0003   0.0000  -0.0023   0.0000    0.007
   156   0.1963   0.1870   0.0000  37.5333  14.0374  -0.3539  -0.0168  -0.0109  -0.0094   0.0003   0.0000  -0.0023   0.0000    0.007
   157   0.7666   0.5610   0.0000  36.1620  13.5246  -0.3529  -0.0214  -0.0164  -0.0098   0.0003   0.0000  -0.0021   0.0002    0.036
   158   1.6676   0.9350   0.0000  34.0626  12.7394  -0.3483  -0.0331  -0.0250  -0.0102   0.0002   0.0000  -0.0016   0.0003    0.094
   159   2.9202   1.3090   0.0000  31.2096  11.6724  -0.3284  -0.0555  -0.0409  -0.0105   0.0002   0.0000  -0.0008   0.0005    0.175
   160   5.0231   1.6830   0.0000  26.5957   9.9468  -0.2443  -0.0600  -0.1142  -0.0092   0.0001   0.0000  -0.0003   0.0003    0.213

  Surface # 7     fuselage_vertical                       
     # Chordwise = 10   # Spanwise = 10     First strip =161
     Surface area Ssurf =  123.841199     Ave. chord Cave =   33.112620

 Forces referred to Sref, Cref, Bref about Xref, Yref, Zref
 Standard axis orientation,  X fwd, Z down         
     CLsurf  =   0.00000     Clsurf  =   0.00000
     CYsurf  =   0.00000     Cmsurf  =  -0.00000
     CDsurf  =   0.00000     Cnsurf  =  -0.00000
     CDisurf =   0.00000     CDvsurf =   0.00000

 Forces referred to Ssurf, Cave 
     CLsurf  =  -0.00000     CDsurf  =   0.00000

 Strip Forces referred to Strip Area, Chord
    j     Xle      Yle      Zle      Chord    Area     c_cl     ai     cl_norm    cl       cd       cdv    cm_c/4     cm_LE   C.P.x/c
   161   5.0231   0.0000  -1.6830  26.5957   9.9468   0.0000  -0.0000   0.0000   0.0000   0.0000   0.0000   0.0000   0.0000  999.000
   162   2.9203   0.0000  -1.3090  31.2096  11.6724  -0.0000  -0.0000  -0.0000  -0.0000   0.0000   0.0000   0.0000   0.0000    1.192
   163   1.6676   0.0000  -0.9350  34.0626  12.7394  -0.0000   0.0000  -0.0000  -0.0000   0.0000   0.0000   0.0000   0.0000    0.836
   164   0.7666   0.0000  -0.5610  36.1620  13.5246  -0.0000   0.0000  -0.0000  -0.0000   0.0000   0.0000   0.0000   0.0000    0.773
   165   0.1963   0.0000  -0.1870  37.5333  14.0374  -0.0000  -0.0000  -0.0000  -0.0000   0.0000   0.0000  -0.0000  -0.0000   -0.411
   166   0.1963   0.0000   0.1870  37.5333  14.0374   0.0000   0.0000   0.0000   0.0000   0.0000   0.0000  -0.0000  -0.0000    1.867
   167   0.7666   0.0000   0.5610  36.1620  13.5246  -0.0000   0.0000  -0.0000  -0.0000   0.0000   0.0000   0.0000   0.0000    0.485
   168   1.6676   0.0000   0.9350  34.0626  12.7394  -0.0000  -0.0000  -0.0000  -0.0000  -0.0000   0.0000   0.0000   0.0000    0.703
   169   2.9202   0.0000   1.3090  31.2096  11.6724  -0.0000  -0.0000  -0.0000  -0.0000   0.0000   0.0000   0.0000   0.0000    0.780
   170   5.0231   0.0000   1.6830  26.5957   9.9468  -0.0000  -0.0000  -0.0000  -0.0000   0.0000   0.0000   0.0000   0.0000    0.421
 ---------------------------------------------------------------
