 ---------------------------------------------------------------
 Surface and Strip Forces by surface

  Sref =  124.86       Cref =  4.4875       Bref =  34.320    
  Xref =  18.914       Yref =  0.0000       Zref =-0.17619    

  Surface # 1     main_wing                               
     # Chordwise = 10   # Spanwise = 30     First strip =  1
     Surface area Ssurf =   63.968838     Ave. chord Cave =    3.715026

 Forces referred to Sref, Cref, Bref about Xref, Yref, Zref
 Standard axis orientation,  X fwd, Z down         
     CLsurf  =   0.20809     Clsurf  =  -0.03857
     CYsurf  =  -0.01421     Cmsurf  =  -0.00691
     CDsurf  =   0.00424     Cnsurf  =  -0.00127
     CDisurf =   0.00424     CDvsurf =   0.00000

 Forces referred to Ssurf, Cave 
     CLsurf  =   0.40713     CDsurf  =   0.00827

 Strip Forces referred to Strip Area, Chord
    j     Xle      Yle      Zle      Chord    Area     c_cl     ai     cl_norm    cl       cd       cdv    cm_c/4     cm_LE   C.P.x/c
     1  13.6181   0.0114  -0.9295   7.7520   0.3539   2.9046   0.0884   0.4728   0.3663   0.2478   0.0000  -0.0275  -0.0989    0.325
     2  13.6830   0.1025  -0.9255   7.6885   1.0492   2.7319   0.0878   0.4569   0.3539   0.0471   0.0000  -0.0271  -0.0947    0.327
     3  13.8120   0.2837  -0.9176   7.5620   1.7073   2.7144   0.0863   0.4621   0.3580   0.0341   0.0000  -0.0259  -0.0945    0.322
     4  14.0037   0.5530  -0.9059   7.3741   2.3052   2.6987   0.0835   0.4714   0.3651   0.0303   0.0000  -0.0240  -0.0943    0.316
     5  14.2560   0.9075  -0.8904   7.1267   2.8223   2.6714   0.0794   0.4830   0.3741   0.0271   0.0000  -0.0218  -0.0943    0.308
     6  14.5662   1.3432  -0.8714   6.8226   3.2414   2.6257   0.0741   0.4961   0.3843   0.0238   0.0000  -0.0197  -0.0947    0.301
     7  14.9309   1.8554  -0.8490   6.4651   3.5491   2.5566   0.0684   0.5099   0.3950   0.0201   0.0000  -0.0182  -0.0956    0.296
     8  15.3460   2.4386  -0.8236   6.0582   3.7368   2.4603   0.0616   0.5239   0.4058   0.0161   0.0000  -0.0172  -0.0970    0.292
     9  15.8070   3.0862  -0.7953   5.6062   3.8005   2.3358   0.0517   0.5377   0.4165   0.0115   0.0000  -0.0170  -0.0990    0.291
    10  16.2877   3.7613  -0.7658   5.1351   3.4440   2.1924   0.0412   0.5512   0.4269   0.0072   0.0000  -0.0172  -0.1013    0.290
    11  16.7803   4.4532  -0.7356   4.6522   3.3149   2.0371   0.0304   0.5655   0.4380   0.0035   0.0000  -0.0175  -0.1038    0.290
    12  17.2999   5.1831  -0.7037   4.1429   3.0930   1.8695   0.0152   0.5830   0.4516  -0.0017   0.0000  -0.0178  -0.1067    0.289
    13  17.8026   6.0123  -0.6437   3.7903   3.4706   1.7092   0.0057   0.5513   0.4513  -0.0035   0.0000  -0.0165  -0.1153    0.286
    14  18.2809   6.9353  -0.5549   3.6075   3.3775   1.5860   0.0077   0.5374   0.4400  -0.0028   0.0000  -0.0168  -0.1131    0.288
    15  18.7672   7.8737  -0.4645   3.4215   3.2389   1.4770   0.0081   0.5277   0.4320  -0.0026   0.0000  -0.0175  -0.1120    0.291
    16  19.2562   8.8172  -0.3736   3.2345   3.0619   1.3761   0.0081   0.5201   0.4258  -0.0026   0.0000  -0.0185  -0.1115    0.294
    17  19.7425   9.7556  -0.2833   3.0486   2.8543   1.2806   0.0080   0.5135   0.4204  -0.0025   0.0000  -0.0198  -0.1114    0.297
    18  20.2208  10.6786  -0.1944   2.8657   2.6239   1.1889   0.0078   0.5072   0.4152  -0.0024   0.0000  -0.0218  -0.1120    0.303
    19  20.6858  11.5760  -0.1080   2.6879   2.3787   1.1015   0.0076   0.5009   0.4101  -0.0015   0.0000  -0.0258  -0.1144    0.313
    20  21.1299  12.4328  -0.0255   2.5181   2.1010   1.0202   0.0082   0.4954   0.4056  -0.0051   0.0000  -0.0407  -0.1266    0.350
    21  21.5482  13.2400   0.0523   2.3582   1.8520   0.9447   0.0101   0.4898   0.4010  -0.0037   0.0000  -0.0422  -0.1269    0.355
    22  21.9390  13.9941   0.1249   2.2087   1.6074   0.8720   0.0129   0.4826   0.3951  -0.0032   0.0000  -0.0419  -0.1254    0.356
    23  22.2979  14.6868   0.1916   2.0715   1.3716   0.7990   0.0168   0.4715   0.3860  -0.0029   0.0000  -0.0406  -0.1222    0.355
    24  22.6211  15.3105   0.2516   1.9479   1.1479   0.7217   0.0217   0.4529   0.3708  -0.0026   0.0000  -0.0383  -0.1167    0.353
    25  22.9051  15.8583   0.3044   1.8393   0.9381   0.6355   0.0273   0.4223   0.3458  -0.0023   0.0000  -0.0347  -0.1079    0.350
    26  23.1466  16.3244   0.3493   1.7470   0.7427   0.5360   0.0330   0.3751   0.3071  -0.0024   0.0000  -0.0307  -0.0958    0.350
    27  23.5299  16.6722   0.3828   1.4928   0.4131   0.4271   0.0381   0.9631   0.2864  -0.0038   0.0000  -0.0158  -0.0414    0.305
    28  23.9809  16.9098   0.4056   1.1466   0.2292   0.3153   0.0442   0.9266   0.2755  -0.0117   0.0000  -0.0015  -0.0335    0.255
    29  24.2843  17.0696   0.4210   0.9138   0.1104   0.1940   0.0486   0.7164   0.2130  -0.0168   0.0000   0.0116  -0.0199    0.196
    30  24.4368  17.1499   0.4287   0.7967   0.0322   0.0656   0.0514   0.2783   0.0828  -0.0117   0.0000   0.0087  -0.0058    0.145

  Surface # 2     main_wing (YDUP)                        
     # Chordwise = 10   # Spanwise = 30     First strip = 31
     Surface area Ssurf =   63.968838     Ave. chord Cave =    3.715026

 Forces referred to Sref, Cref, Bref about Xref, Yref, Zref
 Standard axis orientation,  X fwd, Z down         
     CLsurf  =   0.20809     Clsurf  =   0.03857
     CYsurf  =   0.01421     Cmsurf  =  -0.00691
     CDsurf  =   0.00424     Cnsurf  =   0.00127
     CDisurf =   0.00424     CDvsurf =   0.00000

 Forces referred to Ssurf, Cave 
     CLsurf  =   0.40713     CDsurf  =   0.00827

 Strip Forces referred to Strip Area, Chord
    j     Xle      Yle      Zle      Chord    Area     c_cl     ai     cl_norm    cl       cd       cdv    cm_c/4     cm_LE   C.P.x/c
    31  13.6181  -0.0114  -0.9295   7.7520   0.3539   2.9046   0.0884   0.4728   0.3663   0.2478   0.0000  -0.0275   0.0989    0.325
    32  13.6830  -0.1025  -0.9255   7.6885   1.0492   2.7319   0.0878   0.4569   0.3539   0.0471   0.0000  -0.0271   0.0947    0.327
    33  13.8120  -0.2837  -0.9176   7.5620   1.7073   2.7144   0.0863   0.4621   0.3580   0.0341   0.0000  -0.0259   0.0945    0.322
    34  14.0037  -0.5530  -0.9059   7.3741   2.3052   2.6987   0.0835   0.4714   0.3651   0.0303   0.0000  -0.0240   0.0943    0.316
    35  14.2560  -0.9075  -0.8904   7.1267   2.8223   2.6714   0.0794   0.4830   0.3741   0.0271   0.0000  -0.0218   0.0943    0.308
    36  14.5662  -1.3432  -0.8714   6.8226   3.2414   2.6257   0.0741   0.4961   0.3843   0.0238   0.0000  -0.0197   0.0947    0.301
    37  14.9309  -1.8554  -0.8490   6.4651   3.5491   2.5566   0.0684   0.5099   0.3950   0.0201   0.0000  -0.0182   0.0956    0.296
    38  15.3460  -2.4386  -0.8236   6.0582   3.7368   2.4603   0.0616   0.5239   0.4058   0.0161   0.0000  -0.0172   0.0970    0.292
    39  15.8070  -3.0862  -0.7953   5.6062   3.8005   2.3358   0.0517   0.5377   0.4165   0.0115   0.0000  -0.0170   0.0990    0.291
    40  16.2877  -3.7613  -0.7658   5.1351   3.4440   2.1924   0.0412   0.5512   0.4269   0.0072   0.0000  -0.0172   0.1013    0.290
    41  16.7803  -4.4532  -0.7356   4.6522   3.3149   2.0371   0.0304   0.5655   0.4380   0.0035   0.0000  -0.0175   0.1038    0.290
    42  17.2999  -5.1831  -0.7037   4.1429   3.0930   1.8695   0.0152   0.5830   0.4516  -0.0017   0.0000  -0.0178   0.1067    0.289
    43  17.8026  -6.0123  -0.6437   3.7903   3.4706   1.7092   0.0057   0.5513   0.4513  -0.0035   0.0000  -0.0165   0.1153    0.286
    44  18.2809  -6.9353  -0.5549   3.6075   3.3775   1.5860   0.0077   0.5374   0.4400  -0.0028   0.0000  -0.0168   0.1131    0.288
    45  18.7672  -7.8737  -0.4645   3.4215   3.2389   1.4770   0.0081   0.5277   0.4320  -0.0026   0.0000  -0.0175   0.1120    0.291
    46  19.2562  -8.8172  -0.3736   3.2345   3.0619   1.3761   0.0081   0.5201   0.4258  -0.0026   0.0000  -0.0185   0.1115    0.294
    47  19.7425  -9.7556  -0.2833   3.0486   2.8543   1.2806   0.0080   0.5135   0.4204  -0.0025   0.0000  -0.0198   0.1114    0.297
    48  20.2208 -10.6786  -0.1944   2.8657   2.6239   1.1889   0.0078   0.5072   0.4152  -0.0024   0.0000  -0.0218   0.1120    0.303
    49  20.6858 -11.5760  -0.1080   2.6879   2.3787   1.1015   0.0076   0.5009   0.4101  -0.0015   0.0000  -0.0258   0.1144    0.313
    50  21.1299 -12.4328  -0.0255   2.5181   2.1010   1.0202   0.0082   0.4954   0.4056  -0.0051   0.0000  -0.0407   0.1266    0.350
    51  21.5482 -13.2400   0.0523   2.3582   1.8520   0.9447   0.0101   0.4898   0.4010  -0.0037   0.0000  -0.0422   0.1269    0.355
    52  21.9390 -13.9941   0.1249   2.2087   1.6074   0.8720   0.0129   0.4826   0.3951  -0.0032   0.0000  -0.0419   0.1254    0.356
    53  22.2979 -14.6868   0.1916   2.0715   1.3716   0.7990   0.0168   0.4715   0.3860  -0.0029   0.0000  -0.0406   0.1222    0.355
    54  22.6211 -15.3105   0.2516   1.9479   1.1479   0.7217   0.0217   0.4529   0.3708  -0.0026   0.0000  -0.0383   0.1167    0.353
    55  22.9051 -15.8583   0.3044   1.8393   0.9381   0.6355   0.0273   0.4223   0.3458  -0.0023   0.0000  -0.0347   0.1079    0.350
    56  23.1466 -16.3244   0.3493   1.7470   0.7427   0.5360   0.0330   0.3751   0.3071  -0.0024   0.0000  -0.0307   0.0958    0.350
    57  23.5299 -16.6722   0.3828   1.4928   0.4131   0.4271   0.0381   0.9631   0.2864  -0.0038   0.0000  -0.0158   0.0414    0.305
    58  23.9809 -16.9098   0.4056   1.1466   0.2292   0.3153   0.0442   0.9266   0.2755  -0.0117   0.0000  -0.0015   0.0335    0.255
    59  24.2843 -17.0696   0.4210   0.9138   0.1104   0.1940   0.0486   0.7164   0.2130  -0.0168   0.0000   0.0116   0.0199    0.196
    60  24.4368 -17.1499   0.4287   0.7967   0.0322   0.0656   0.0514   0.2783   0.0828  -0.0117   0.0000   0.0087   0.0058    0.145

  Surface # 3     horizontal_stabilizer                   
     # Chordwise = 10   # Spanwise = 30     First strip = 61
     Surface area Ssurf =   20.744605     Ave. chord Cave =    2.848571

 Forces referred to Sref, Cref, Bref about Xref, Yref, Zref
 Standard axis orientation,  X fwd, Z down         
     CLsurf  =   0.00085     Clsurf  =  -0.00023
     CYsurf  =  -0.00013     Cmsurf  =  -0.00389
     CDsurf  =   0.00002     Cnsurf  =   0.00008
     CDisurf =   0.00002     CDvsurf =   0.00000

 Forces referred to Ssurf, Cave 
     CLsurf  =   0.00515     CDsurf  =   0.00011

 Strip Forces referred to Strip Area, Chord
    j     Xle      Yle      Zle      Chord    Area     c_cl     ai     cl_norm    cl       cd       cdv    cm_c/4     cm_LE   C.P.x/c
    61  33.0230   0.0046   1.4667   4.2713   0.0803  -0.0395   0.0462  -0.0120  -0.0092  -0.0000   0.0000  -0.0006   0.0015    0.185
    62  33.0469   0.0418   1.4723   4.2566   0.2392  -0.0399   0.0461  -0.0122  -0.0094  -0.0003   0.0000  -0.0006   0.0015    0.183
    63  33.0943   0.1156   1.4835   4.2274   0.3930  -0.0399   0.0459  -0.0122  -0.0094  -0.0003   0.0000  -0.0007   0.0014    0.179
    64  33.1649   0.2254   1.5002   4.1839   0.5386  -0.0398   0.0454  -0.0123  -0.0095  -0.0003   0.0000  -0.0007   0.0014    0.172
    65  33.2578   0.3698   1.5221   4.1268   0.6730  -0.0396   0.0448  -0.0124  -0.0096  -0.0004   0.0000  -0.0008   0.0013    0.164
    66  33.3719   0.5474   1.5490   4.0565   0.7936  -0.0391   0.0439  -0.0125  -0.0096  -0.0004   0.0000  -0.0009   0.0013    0.154
    67  33.5097   0.7617   1.5816   3.9717   0.9441  -0.0382   0.0428  -0.0125  -0.0096  -0.0004   0.0000  -0.0010   0.0012    0.142
    68  33.6704   1.0116   1.6195   3.8728   1.0344  -0.0367   0.0414  -0.0123  -0.0095  -0.0004   0.0000  -0.0011   0.0011    0.129
    69  33.8488   1.2891   1.6616   3.7630   1.1046  -0.0344   0.0399  -0.0118  -0.0091  -0.0003   0.0000  -0.0013   0.0009    0.112
    70  34.0430   1.5912   1.7075   3.6435   1.1542  -0.0309   0.0383  -0.0110  -0.0085  -0.0003   0.0000  -0.0014   0.0007    0.090
    71  34.2510   1.9146   1.7565   3.5155   1.1831  -0.0260   0.0367  -0.0096  -0.0074  -0.0003   0.0000  -0.0014   0.0004    0.057
    72  34.4703   2.2558   1.8083   3.3805   1.1921  -0.0195   0.0352  -0.0075  -0.0058  -0.0002   0.0000  -0.0015  -0.0000   -0.004
    73  34.6987   2.6109   1.8622   3.2400   1.1821  -0.0115   0.0337  -0.0046  -0.0035  -0.0001   0.0000  -0.0015  -0.0005   -0.164
    74  34.9335   2.9762   1.9177   3.0955   1.1548  -0.0020   0.0324  -0.0008  -0.0006  -0.0000   0.0000  -0.0014  -0.0011  999.000
    75  35.1723   3.3476   1.9740   2.9485   1.1122   0.0086   0.0312   0.0038   0.0029   0.0001   0.0000  -0.0013  -0.0017    0.704
    76  35.4124   3.7210   2.0307   2.8008   1.0564   0.0198   0.0302   0.0092   0.0071   0.0002   0.0000  -0.0012  -0.0025    0.417
    77  35.6512   4.0924   2.0871   2.6538   0.9900   0.0312   0.0294   0.0152   0.0117   0.0004   0.0000  -0.0010  -0.0033    0.334
    78  35.8861   4.4577   2.1425   2.5093   0.9155   0.0419   0.0288   0.0217   0.0167   0.0005   0.0000  -0.0007  -0.0042    0.294
    79  36.1144   4.8128   2.1964   2.3687   0.8353   0.0516   0.0284   0.0283   0.0218   0.0007   0.0000  -0.0004  -0.0050    0.270
    80  36.3338   5.1540   2.2482   2.2338   0.7518   0.0597   0.0282   0.0346   0.0267   0.0008   0.0000  -0.0001  -0.0058    0.253
    81  36.5417   5.4774   2.2973   2.1058   0.6671   0.0657   0.0282   0.0405   0.0312   0.0009   0.0000   0.0004  -0.0063    0.238
    82  36.7359   5.7795   2.3431   1.9862   0.5830   0.0694   0.0283   0.0453   0.0349   0.0010   0.0000   0.0009  -0.0067    0.225
    83  36.9144   6.0570   2.3852   1.8764   0.5012   0.0706   0.0285   0.0488   0.0376   0.0010   0.0000   0.0015  -0.0068    0.211
    84  37.0750   6.3069   2.4232   1.7776   0.4225   0.0692   0.0288   0.0504   0.0389   0.0010   0.0000   0.0021  -0.0065    0.197
    85  37.2162   6.5264   2.4565   1.6907   0.3478   0.0653   0.0291   0.0500   0.0386   0.0009   0.0000   0.0027  -0.0060    0.180
    86  37.3480   6.7314   2.4876   1.6096   0.3326   0.0587   0.0294   0.0473   0.0365   0.0008   0.0000   0.0032  -0.0051    0.161
    87  37.4657   6.9144   2.5154   1.5372   0.2507   0.0489   0.0297   0.0413   0.0318   0.0007   0.0000   0.0035  -0.0038    0.140
    88  37.5551   7.0535   2.5365   1.4822   0.1746   0.0367   0.0300   0.0321   0.0248   0.0005   0.0000   0.0033  -0.0025    0.119
    89  37.6153   7.1471   2.5508   1.4451   0.1029   0.0228   0.0301   0.0204   0.0158   0.0003   0.0000   0.0023  -0.0014    0.101
    90  37.6455   7.1941   2.5579   1.4265   0.0340   0.0077   0.0302   0.0070   0.0054   0.0000   0.0000   0.0009  -0.0004    0.091

  Surface # 4     horizontal_stabilizer (YDUP)            
     # Chordwise = 10   # Spanwise = 30     First strip = 91
     Surface area Ssurf =   20.744605     Ave. chord Cave =    2.848571

 Forces referred to Sref, Cref, Bref about Xref, Yref, Zref
 Standard axis orientation,  X fwd, Z down         
     CLsurf  =   0.00085     Clsurf  =   0.00023
     CYsurf  =   0.00013     Cmsurf  =  -0.00389
     CDsurf  =   0.00002     Cnsurf  =  -0.00008
     CDisurf =   0.00002     CDvsurf =   0.00000

 Forces referred to Ssurf, Cave 
     CLsurf  =   0.00515     CDsurf  =   0.00011

 Strip Forces referred to Strip Area, Chord
    j     Xle      Yle      Zle      Chord    Area     c_cl     ai     cl_norm    cl       cd       cdv    cm_c/4     cm_LE   C.P.x/c
    91  33.0230  -0.0046   1.4667   4.2713   0.0803  -0.0395   0.0462  -0.0120  -0.0092  -0.0000   0.0000  -0.0006  -0.0015    0.185
    92  33.0469  -0.0418   1.4723   4.2566   0.2392  -0.0399   0.0461  -0.0122  -0.0094  -0.0003   0.0000  -0.0006  -0.0015    0.183
    93  33.0943  -0.1156   1.4835   4.2274   0.3930  -0.0399   0.0459  -0.0122  -0.0094  -0.0003   0.0000  -0.0007  -0.0014    0.179
    94  33.1649  -0.2254   1.5002   4.1839   0.5386  -0.0398   0.0454  -0.0123  -0.0095  -0.0003   0.0000  -0.0007  -0.0014    0.172
    95  33.2578  -0.3698   1.5221   4.1268   0.6730  -0.0396   0.0448  -0.0124  -0.0096  -0.0004   0.0000  -0.0008  -0.0013    0.164
    96  33.3719  -0.5474   1.5490   4.0565   0.7936  -0.0391   0.0439  -0.0125  -0.0096  -0.0004   0.0000  -0.0009  -0.0013    0.154
    97  33.5097  -0.7617   1.5816   3.9717   0.9441  -0.0382   0.0428  -0.0125  -0.0096  -0.0004   0.0000  -0.0010  -0.0012    0.142
    98  33.6704  -1.0116   1.6195   3.8728   1.0344  -0.0367   0.0414  -0.0123  -0.0095  -0.0004   0.0000  -0.0011  -0.0011    0.129
    99  33.8488  -1.2891   1.6616   3.7630   1.1046  -0.0344   0.0399  -0.0118  -0.0091  -0.0003   0.0000  -0.0013  -0.0009    0.112
   100  34.0430  -1.5912   1.7075   3.6435   1.1542  -0.0309   0.0383  -0.0110  -0.0085  -0.0003   0.0000  -0.0014  -0.0007    0.090
   101  34.2510  -1.9146   1.7565   3.5155   1.1831  -0.0260   0.0367  -0.0096  -0.0074  -0.0003   0.0000  -0.0014  -0.0004    0.057
   102  34.4703  -2.2558   1.8083   3.3805   1.1921  -0.0195   0.0352  -0.0075  -0.0058  -0.0002   0.0000  -0.0015   0.0000   -0.004
   103  34.6987  -2.6109   1.8622   3.2400   1.1821  -0.0115   0.0337  -0.0046  -0.0035  -0.0001   0.0000  -0.0015   0.0005   -0.164
   104  34.9335  -2.9762   1.9177   3.0955   1.1548  -0.0020   0.0324  -0.0008  -0.0006  -0.0000   0.0000  -0.0014   0.0011  999.000
   105  35.1723  -3.3476   1.9740   2.9485   1.1122   0.0086   0.0312   0.0038   0.0029   0.0001   0.0000  -0.0013   0.0017    0.704
   106  35.4124  -3.7210   2.0307   2.8008   1.0564   0.0198   0.0302   0.0092   0.0071   0.0002   0.0000  -0.0012   0.0025    0.417
   107  35.6512  -4.0924   2.0871   2.6538   0.9900   0.0312   0.0294   0.0152   0.0117   0.0004   0.0000  -0.0010   0.0033    0.334
   108  35.8861  -4.4577   2.1425   2.5093   0.9155   0.0419   0.0288   0.0217   0.0167   0.0005   0.0000  -0.0007   0.0042    0.294
   109  36.1144  -4.8128   2.1964   2.3687   0.8353   0.0516   0.0284   0.0283   0.0218   0.0007   0.0000  -0.0004   0.0050    0.270
   110  36.3338  -5.1540   2.2482   2.2338   0.7518   0.0597   0.0282   0.0346   0.0267   0.0008   0.0000  -0.0001   0.0058    0.253
   111  36.5417  -5.4774   2.2973   2.1058   0.6671   0.0657   0.0282   0.0405   0.0312   0.0009   0.0000   0.0004   0.0063    0.238
   112  36.7359  -5.7795   2.3431   1.9862   0.5830   0.0694   0.0283   0.0453   0.0349   0.0010   0.0000   0.0009   0.0067    0.225
   113  36.9144  -6.0570   2.3852   1.8764   0.5012   0.0706   0.0285   0.0488   0.0376   0.0010   0.0000   0.0015   0.0068    0.211
   114  37.0750  -6.3069   2.4232   1.7776   0.4225   0.0692   0.0288   0.0504   0.0389   0.0010   0.0000   0.0021   0.0065    0.197
   115  37.2162  -6.5264   2.4565   1.6907   0.3478   0.0653   0.0291   0.0500   0.0386   0.0009   0.0000   0.0027   0.0060    0.180
   116  37.3480  -6.7314   2.4876   1.6096   0.3326   0.0587   0.0294   0.0473   0.0365   0.0008   0.0000   0.0032   0.0051    0.161
   117  37.4657  -6.9144   2.5154   1.5372   0.2507   0.0489   0.0297   0.0413   0.0318   0.0007   0.0000   0.0035   0.0038    0.140
   118  37.5551  -7.0535   2.5365   1.4822   0.1746   0.0367   0.0300   0.0321   0.0248   0.0005   0.0000   0.0033   0.0025    0.119
   119  37.6153  -7.1471   2.5508   1.4451   0.1029   0.0228   0.0301   0.0204   0.0158   0.0003   0.0000   0.0023   0.0014    0.101
   120  37.6455  -7.1941   2.5579   1.4265   0.0340   0.0077   0.0302   0.0070   0.0054   0.0000   0.0000   0.0009   0.0004    0.091

  Surface # 5     vertical_stabilizer                     
     # Chordwise = 10   # Spanwise = 30     First strip =121
     Surface area Ssurf =   34.910363     Ave. chord Cave =    4.190920

 Forces referred to Sref, Cref, Bref about Xref, Yref, Zref
 Standard axis orientation,  X fwd, Z down         
     CLsurf  =   0.00000     Clsurf  =   0.00000
     CYsurf  =   0.00000     Cmsurf  =  -0.00000
     CDsurf  =  -0.00000     Cnsurf  =  -0.00000
     CDisurf =  -0.00000     CDvsurf =   0.00000

 Forces referred to Ssurf, Cave 
     CLsurf  =  -0.00000     CDsurf  =  -0.00000

 Strip Forces referred to Strip Area, Chord
    j     Xle      Yle      Zle      Chord    Area     c_cl     ai     cl_norm    cl       cd       cdv    cm_c/4     cm_LE   C.P.x/c
   121  27.0137   0.0000   1.5690  10.0347   0.6931  -0.0000  -0.0000  -0.0000  -0.0000  -0.0000   0.0000   0.0000   0.0000    0.499
   122  27.2327   0.0000   1.6601   9.8296   1.1101  -0.0000  -0.0000  -0.0000  -0.0000   0.0000   0.0000   0.0000   0.0000    0.633
   123  27.5561   0.0000   1.7947   9.5266   1.4857  -0.0000  -0.0000  -0.0000  -0.0000   0.0000   0.0000   0.0000   0.0000    0.580
   124  27.9815   0.0000   1.9717   9.1281   1.8040  -0.0000   0.0000  -0.0000  -0.0000   0.0000   0.0000   0.0000   0.0000    0.533
   125  28.5051   0.0000   2.1895   8.6377   2.0517  -0.0000  -0.0000  -0.0000  -0.0000  -0.0000   0.0000   0.0000   0.0000    0.393
   126  29.1220   0.0000   2.4462   8.0598   2.2181  -0.0000  -0.0000  -0.0000  -0.0000   0.0000   0.0000  -0.0000   0.0000    0.159
   127  29.8264   0.0000   2.7392   7.4000   2.2957  -0.0000  -0.0000  -0.0000  -0.0000   0.0000   0.0000   0.0000   0.0000    0.316
   128  30.6115   0.0000   3.0659   6.6646   2.2808  -0.0000   0.0000  -0.0000  -0.0000  -0.0000   0.0000  -0.0000  -0.0000   -0.486
   129  31.4694   0.0000   3.4228   5.8609   2.1733  -0.0000  -0.0000  -0.0000  -0.0000  -0.0000   0.0000   0.0000   0.0000    0.415
   130  32.3918   0.0000   3.8066   4.9969   1.9773  -0.0000  -0.0000  -0.0000  -0.0000  -0.0000   0.0000  -0.0000  -0.0000   -0.408
   131  33.0131   0.0000   4.1929   4.4389   1.6667  -0.0000  -0.0000  -0.0000  -0.0000  -0.0000   0.0000   0.0000   0.0000    0.279
   132  33.3001   0.0000   4.5764   4.2198   1.6478  -0.0000  -0.0000  -0.0000  -0.0000  -0.0000   0.0000  -0.0000   0.0000    0.189
   133  33.5969   0.0000   4.9729   3.9932   1.6033  -0.0000   0.0000  -0.0000  -0.0000   0.0000   0.0000  -0.0000  -0.0000   -0.215
   134  33.9004   0.0000   5.3784   3.7615   1.5362  -0.0000   0.0000  -0.0000  -0.0000   0.0000   0.0000  -0.0000  -0.0000  999.000
   135  34.2075   0.0000   5.7886   3.5271   1.4499  -0.0000   0.0000  -0.0000  -0.0000  -0.0000   0.0000  -0.0000  -0.0000  999.000
   136  34.5150   0.0000   6.1995   3.2923   1.3482  -0.0000  -0.0000  -0.0000  -0.0000  -0.0000   0.0000   0.0000   0.0000    0.438
   137  34.8197   0.0000   6.6066   3.0597   1.2352  -0.0000  -0.0000  -0.0000  -0.0000   0.0000   0.0000   0.0000   0.0000    0.350
   138  35.1185   0.0000   7.0058   2.8315   1.1147  -0.0000   0.0000  -0.0000  -0.0000   0.0000   0.0000  -0.0000  -0.0000   -0.355
   139  35.4083   0.0000   7.3929   2.6103   0.9908  -0.0000   0.0000  -0.0000  -0.0000   0.0000   0.0000  -0.0000  -0.0000   -0.354
   140  35.6860   0.0000   7.7640   2.3983   0.8670  -0.0000   0.0000  -0.0000  -0.0000  -0.0000   0.0000  -0.0000  -0.0000   -0.031
   141  35.9487   0.0000   8.1150   2.1977   0.7464  -0.0000  -0.0000  -0.0000  -0.0000   0.0000   0.0000   0.0000   0.0000    0.343
   142  36.1937   0.0000   8.4424   2.0106   0.6318  -0.0000  -0.0000  -0.0000  -0.0000  -0.0000   0.0000   0.0000   0.0000    0.439
   143  36.4185   0.0000   8.7426   1.8390   0.5251  -0.0000   0.0000  -0.0000  -0.0000  -0.0000   0.0000   0.0000   0.0000    0.455
   144  36.6206   0.0000   9.0127   1.6847   0.4276  -0.0000   0.0000  -0.0000  -0.0000   0.0000   0.0000   0.0000   0.0000    0.341
   145  36.7980   0.0000   9.2496   1.5493   0.3400  -0.0000   0.0000  -0.0000  -0.0000   0.0000   0.0000   0.0000   0.0000    0.550
   146  36.9487   0.0000   9.4510   1.4342   0.2622  -0.0000  -0.0000  -0.0000  -0.0000   0.0000   0.0000   0.0000   0.0000    0.509
   147  37.0713   0.0000   9.6148   1.3407   0.1933  -0.0000  -0.0000  -0.0000  -0.0000   0.0000   0.0000   0.0000   0.0000    0.267
   148  37.1643   0.0000   9.7391   1.2696   0.1322  -0.0000  -0.0000  -0.0000  -0.0000  -0.0000   0.0000   0.0000   0.0000    0.481
   149  37.2269   0.0000   9.8227   1.2218   0.0769  -0.0000  -0.0000  -0.0000  -0.0000  -0.0000   0.0000   0.0000   0.0000    0.339
   150  37.2584   0.0000   9.8647   1.1978   0.0252  -0.0000  -0.0000  -0.0000  -0.0000   0.0000   0.0000   0.0000   0.0000    0.554

  Surface # 6     fuselage_horizontal                     
     # Chordwise = 10   # Spanwise = 10     First strip =151
     Surface area Ssurf =  123.841199     Ave. chord Cave =   33.112620

 Forces referred to Sref, Cref, Bref about Xref, Yref, Zref
 Standard axis orientation,  X fwd, Z down         
     CLsurf  =  -0.00064     Clsurf  =   0.00000
     CYsurf  =   0.00000     Cmsurf  =   0.01367
     CDsurf  =  -0.00010     Cnsurf  =  -0.00000
     CDisurf =  -0.00010     CDvsurf =   0.00000

 Forces referred to Ssurf, Cave 
     CLsurf  =  -0.00065     CDsurf  =  -0.00010

 Strip Forces referred to Strip Area, Chord
    j     Xle      Yle      Zle      Chord    Area     c_cl     ai     cl_norm    cl       cd       cdv    cm_c/4     cm_LE   C.P.x/c
   151   5.0231  -1.6830   0.0000  26.5957   9.9468  -0.0304   0.0481  -0.0139  -0.0011  -0.0007   0.0000   0.0019   0.0003    1.913
   152   2.9203  -1.3090   0.0000  31.2096  11.6724  -0.0294   0.0565  -0.0036  -0.0009  -0.0002   0.0000   0.0021   0.0006  999.000
   153   1.6676  -0.9350   0.0000  34.0626  12.7394  -0.0220   0.0641  -0.0016  -0.0006  -0.0000   0.0000   0.0021   0.0007  999.000
   154   0.7666  -0.5610   0.0000  36.1620  13.5246  -0.0151   0.0691  -0.0007  -0.0004   0.0001   0.0000   0.0020   0.0009  999.000
   155   0.1963  -0.1870   0.0000  37.5333  14.0374  -0.0110   0.0720  -0.0003  -0.0003   0.0002   0.0000   0.0020   0.0014  999.000
   156   0.1963   0.1870   0.0000  37.5333  14.0374  -0.0110   0.0720  -0.0003  -0.0003   0.0002   0.0000   0.0020   0.0014  999.000
   157   0.7666   0.5610   0.0000  36.1620  13.5246  -0.0151   0.0691  -0.0007  -0.0004   0.0001   0.0000   0.0020   0.0009  999.000
   158   1.6676   0.9350   0.0000  34.0626  12.7394  -0.0220   0.0641  -0.0016  -0.0006  -0.0000   0.0000   0.0021   0.0007  999.000
   159   2.9202   1.3090   0.0000  31.2096  11.6724  -0.0294   0.0565  -0.0036  -0.0009  -0.0002   0.0000   0.0021   0.0006  999.000
   160   5.0231   1.6830   0.0000  26.5957   9.9468  -0.0304   0.0481  -0.0139  -0.0011  -0.0007   0.0000   0.0019   0.0003    1.913

  Surface # 7     fuselage_vertical                       
     # Chordwise = 10   # Spanwise = 10     First strip =161
     Surface area Ssurf =  123.841199     Ave. chord Cave =   33.112620

 Forces referred to Sref, Cref, Bref about Xref, Yref, Zref
 Standard axis orientation,  X fwd, Z down         
     CLsurf  =   0.00000     Clsurf  =   0.00000
     CYsurf  =   0.00000     Cmsurf  =  -0.00000
     CDsurf  =  -0.00000     Cnsurf  =  -0.00000
     CDisurf =  -0.00000     CDvsurf =   0.00000

 Forces referred to Ssurf, Cave 
     CLsurf  =  -0.00000     CDsurf  =  -0.00000

 Strip Forces referred to Strip Area, Chord
    j     Xle      Yle      Zle      Chord    Area     c_cl     ai     cl_norm    cl       cd       cdv    cm_c/4     cm_LE   C.P.x/c
   161   5.0231   0.0000  -1.6830  26.5957   9.9468   0.0000  -0.0000   0.0000   0.0000  -0.0000   0.0000  -0.0000  -0.0000    1.260
   162   2.9203   0.0000  -1.3090  31.2096  11.6724  -0.0000  -0.0000  -0.0000  -0.0000   0.0000   0.0000  -0.0000  -0.0000   -0.307
   163   1.6676   0.0000  -0.9350  34.0626  12.7394  -0.0000   0.0000  -0.0000  -0.0000   0.0000   0.0000   0.0000   0.0000    0.389
   164   0.7666   0.0000  -0.5610  36.1620  13.5246  -0.0000   0.0000  -0.0000  -0.0000   0.0000   0.0000   0.0000   0.0000    0.652
   165   0.1963   0.0000  -0.1870  37.5333  14.0374  -0.0000   0.0000  -0.0000  -0.0000   0.0000   0.0000   0.0000   0.0000    0.679
   166   0.1963   0.0000   0.1870  37.5333  14.0374  -0.0000   0.0000  -0.0000  -0.0000  -0.0000   0.0000   0.0000   0.0000    0.609
   167   0.7666   0.0000   0.5610  36.1620  13.5246  -0.0000  -0.0000  -0.0000  -0.0000  -0.0000   0.0000   0.0000   0.0000    0.683
   168   1.6676   0.0000   0.9350  34.0626  12.7394  -0.0000   0.0000  -0.0000  -0.0000  -0.0000   0.0000   0.0000   0.0000    0.574
   169   2.9202   0.0000   1.3090  31.2096  11.6724  -0.0000   0.0000  -0.0000  -0.0000   0.0000   0.0000   0.0000   0.0000    0.618
   170   5.0231   0.0000   1.6830  26.5957   9.9468  -0.0000  -0.0000  -0.0000  -0.0000   0.0000   0.0000   0.0000   0.0000    0.865
 ---------------------------------------------------------------
