 ---------------------------------------------------------------
 Surface and Strip Forces by surface

  Sref =  124.86       Cref =  4.4875       Bref =  34.320    
  Xref =  18.914       Yref =  0.0000       Zref =-0.17619    

  Surface # 1     main_wing                               
     # Chordwise = 10   # Spanwise = 30     First strip =  1
     Surface area Ssurf =   63.968838     Ave. chord Cave =    3.715026

 Forces referred to Sref, Cref, Bref about Xref, Yref, Zref
 Standard axis orientation,  X fwd, Z down         
     CLsurf  =   0.29579     Clsurf  =  -0.05642
     CYsurf  =  -0.01753     Cmsurf  =  -0.00943
     CDsurf  =   0.00793     Cnsurf  =  -0.00490
     CDisurf =   0.00793     CDvsurf =   0.00000

 Forces referred to Ssurf, Cave 
     CLsurf  =   0.57834     CDsurf  =   0.01547

 Strip Forces referred to Strip Area, Chord
    j     Xle      Yle      Zle      Chord    Area     c_cl     ai     cl_norm    cl       cd       cdv    cm_c/4     cm_LE   C.P.x/c
     1  13.6181   0.0114  -0.9295   7.7520   0.3539   3.9057   0.1379   0.6099   0.4722   0.3834   0.0000  -0.0281  -0.1263    0.310
     2  13.6830   0.1025  -0.9255   7.6885   1.0492   3.6466   0.1374   0.6062   0.4693   0.0782   0.0000  -0.0281  -0.1203    0.310
     3  13.8120   0.2837  -0.9176   7.5620   1.7073   3.6226   0.1359   0.6145   0.4757   0.0590   0.0000  -0.0263  -0.1197    0.305
     4  14.0037   0.5530  -0.9059   7.3741   2.3052   3.6038   0.1330   0.6278   0.4860   0.0523   0.0000  -0.0234  -0.1194    0.298
     5  14.2560   0.9075  -0.8904   7.1267   2.8223   3.5725   0.1279   0.6447   0.4991   0.0465   0.0000  -0.0204  -0.1195    0.291
     6  14.5662   1.3432  -0.8714   6.8226   3.2414   3.5205   0.1181   0.6645   0.5144   0.0407   0.0000  -0.0177  -0.1203    0.284
     7  14.9309   1.8554  -0.8490   6.4651   3.5491   3.4415   0.1005   0.6863   0.5313   0.0347   0.0000  -0.0156  -0.1220    0.279
     8  15.3460   2.4386  -0.8236   6.0582   3.7368   3.3308   0.0826   0.7097   0.5494   0.0285   0.0000  -0.0143  -0.1246    0.276
     9  15.8070   3.0862  -0.7953   5.6062   3.8005   3.1865   0.0705   0.7346   0.5687   0.0215   0.0000  -0.0139  -0.1281    0.275
    10  16.2877   3.7613  -0.7658   5.1351   3.4440   3.0184   0.0592   0.7606   0.5887   0.0148   0.0000  -0.0141  -0.1321    0.274
    11  16.7803   4.4532  -0.7356   4.6522   3.3149   2.8344   0.0466   0.7891   0.6108   0.0086   0.0000  -0.0143  -0.1368    0.273
    12  17.2999   5.1831  -0.7037   4.1429   3.0930   2.6348   0.0278   0.8247   0.6384  -0.0003   0.0000  -0.0144  -0.1423    0.273
    13  17.8026   6.0123  -0.6437   3.7903   3.4706   2.4365   0.0156   0.7912   0.6456  -0.0036   0.0000  -0.0119  -0.1552    0.268
    14  18.2809   6.9353  -0.5549   3.6075   3.3775   2.2831   0.0153   0.7788   0.6355  -0.0024   0.0000  -0.0124  -0.1534    0.269
    15  18.7672   7.8737  -0.4645   3.4215   3.2389   2.1447   0.0133   0.7713   0.6294  -0.0022   0.0000  -0.0130  -0.1526    0.271
    16  19.2562   8.8172  -0.3736   3.2345   3.0619   2.0144   0.0119   0.7663   0.6253  -0.0023   0.0000  -0.0138  -0.1524    0.272
    17  19.7425   9.7556  -0.2833   3.0486   2.8543   1.8887   0.0114   0.7624   0.6221  -0.0025   0.0000  -0.0148  -0.1525    0.274
    18  20.2208  10.6786  -0.1944   2.8657   2.6239   1.7659   0.0115   0.7583   0.6188  -0.0026   0.0000  -0.0162  -0.1530    0.276
    19  20.6858  11.5760  -0.1080   2.6879   2.3787   1.6459   0.0117   0.7534   0.6148  -0.0016   0.0000  -0.0189  -0.1546    0.281
    20  21.1299  12.4328  -0.0255   2.5181   2.1010   1.5313   0.0129   0.7488   0.6110  -0.0066   0.0000  -0.0318  -0.1650    0.302
    21  21.5482  13.2400   0.0523   2.3582   1.8520   1.4225   0.0156   0.7426   0.6059  -0.0046   0.0000  -0.0328  -0.1648    0.304
    22  21.9390  13.9941   0.1249   2.2087   1.6074   1.3163   0.0198   0.7335   0.5986  -0.0038   0.0000  -0.0323  -0.1627    0.304
    23  22.2979  14.6868   0.1916   2.0715   1.3716   1.2089   0.0256   0.7182   0.5861  -0.0032   0.0000  -0.0309  -0.1587    0.303
    24  22.6211  15.3105   0.2516   1.9479   1.1479   1.0948   0.0333   0.6917   0.5644  -0.0025   0.0000  -0.0285  -0.1517    0.300
    25  22.9051  15.8583   0.3044   1.8393   0.9381   0.9671   0.0424   0.6470   0.5279  -0.0014   0.0000  -0.0252  -0.1406    0.298
    26  23.1466  16.3244   0.3493   1.7470   0.7427   0.8188   0.0518   0.5764   0.4704   0.0009   0.0000  -0.0233  -0.1261    0.299
    27  23.5299  16.6722   0.3828   1.4928   0.4131   0.6547   0.0607   1.4832   0.4409  -0.0073   0.0000  -0.0126  -0.0596    0.279
    28  23.9809  16.9098   0.4056   1.1466   0.2292   0.4858   0.0722   1.4382   0.4275  -0.0249   0.0000   0.0058  -0.0493    0.236
    29  24.2843  17.0696   0.4210   0.9138   0.1104   0.3005   0.0815   1.1214   0.3334  -0.0371   0.0000   0.0231  -0.0297    0.181
    30  24.4368  17.1499   0.4287   0.7967   0.0322   0.1018   0.0869   0.4398   0.1307  -0.0275   0.0000   0.0159  -0.0083    0.128

  Surface # 2     main_wing (YDUP)                        
     # Chordwise = 10   # Spanwise = 30     First strip = 31
     Surface area Ssurf =   63.968838     Ave. chord Cave =    3.715026

 Forces referred to Sref, Cref, Bref about Xref, Yref, Zref
 Standard axis orientation,  X fwd, Z down         
     CLsurf  =   0.29579     Clsurf  =   0.05642
     CYsurf  =   0.01753     Cmsurf  =  -0.00943
     CDsurf  =   0.00793     Cnsurf  =   0.00490
     CDisurf =   0.00793     CDvsurf =   0.00000

 Forces referred to Ssurf, Cave 
     CLsurf  =   0.57834     CDsurf  =   0.01547

 Strip Forces referred to Strip Area, Chord
    j     Xle      Yle      Zle      Chord    Area     c_cl     ai     cl_norm    cl       cd       cdv    cm_c/4     cm_LE   C.P.x/c
    31  13.6181  -0.0114  -0.9295   7.7520   0.3539   3.9057   0.1379   0.6099   0.4722   0.3834   0.0000  -0.0281   0.1263    0.310
    32  13.6830  -0.1025  -0.9255   7.6885   1.0492   3.6466   0.1374   0.6062   0.4693   0.0782   0.0000  -0.0281   0.1203    0.310
    33  13.8120  -0.2837  -0.9176   7.5620   1.7073   3.6226   0.1359   0.6145   0.4757   0.0590   0.0000  -0.0263   0.1197    0.305
    34  14.0037  -0.5530  -0.9059   7.3741   2.3052   3.6038   0.1330   0.6278   0.4860   0.0523   0.0000  -0.0234   0.1194    0.298
    35  14.2560  -0.9075  -0.8904   7.1267   2.8223   3.5725   0.1279   0.6447   0.4991   0.0465   0.0000  -0.0204   0.1195    0.291
    36  14.5662  -1.3432  -0.8714   6.8226   3.2414   3.5205   0.1181   0.6645   0.5144   0.0407   0.0000  -0.0177   0.1203    0.284
    37  14.9309  -1.8554  -0.8490   6.4651   3.5491   3.4415   0.1005   0.6863   0.5313   0.0347   0.0000  -0.0156   0.1220    0.279
    38  15.3460  -2.4386  -0.8236   6.0582   3.7368   3.3308   0.0826   0.7097   0.5494   0.0285   0.0000  -0.0143   0.1246    0.276
    39  15.8070  -3.0862  -0.7953   5.6062   3.8005   3.1865   0.0705   0.7346   0.5687   0.0215   0.0000  -0.0139   0.1281    0.275
    40  16.2877  -3.7613  -0.7658   5.1351   3.4440   3.0184   0.0592   0.7606   0.5887   0.0148   0.0000  -0.0141   0.1321    0.274
    41  16.7803  -4.4532  -0.7356   4.6522   3.3149   2.8344   0.0466   0.7891   0.6108   0.0086   0.0000  -0.0143   0.1368    0.273
    42  17.2999  -5.1831  -0.7037   4.1429   3.0930   2.6348   0.0278   0.8247   0.6384  -0.0003   0.0000  -0.0144   0.1423    0.273
    43  17.8026  -6.0123  -0.6437   3.7903   3.4706   2.4365   0.0156   0.7912   0.6456  -0.0036   0.0000  -0.0119   0.1552    0.268
    44  18.2809  -6.9353  -0.5549   3.6075   3.3775   2.2831   0.0153   0.7788   0.6355  -0.0024   0.0000  -0.0124   0.1534    0.269
    45  18.7672  -7.8737  -0.4645   3.4215   3.2389   2.1447   0.0133   0.7713   0.6294  -0.0022   0.0000  -0.0130   0.1526    0.271
    46  19.2562  -8.8172  -0.3736   3.2345   3.0619   2.0144   0.0119   0.7663   0.6253  -0.0023   0.0000  -0.0138   0.1524    0.272
    47  19.7425  -9.7556  -0.2833   3.0486   2.8543   1.8887   0.0114   0.7624   0.6221  -0.0025   0.0000  -0.0148   0.1525    0.274
    48  20.2208 -10.6786  -0.1944   2.8657   2.6239   1.7659   0.0115   0.7583   0.6188  -0.0026   0.0000  -0.0162   0.1530    0.276
    49  20.6858 -11.5760  -0.1080   2.6879   2.3787   1.6459   0.0117   0.7534   0.6148  -0.0016   0.0000  -0.0189   0.1546    0.281
    50  21.1299 -12.4328  -0.0255   2.5181   2.1010   1.5313   0.0129   0.7488   0.6110  -0.0066   0.0000  -0.0318   0.1650    0.302
    51  21.5482 -13.2400   0.0523   2.3582   1.8520   1.4225   0.0156   0.7426   0.6059  -0.0046   0.0000  -0.0328   0.1648    0.304
    52  21.9390 -13.9941   0.1249   2.2087   1.6074   1.3163   0.0198   0.7335   0.5986  -0.0038   0.0000  -0.0323   0.1627    0.304
    53  22.2979 -14.6868   0.1916   2.0715   1.3716   1.2089   0.0256   0.7182   0.5861  -0.0032   0.0000  -0.0309   0.1587    0.303
    54  22.6211 -15.3105   0.2516   1.9479   1.1479   1.0948   0.0333   0.6917   0.5644  -0.0025   0.0000  -0.0285   0.1517    0.300
    55  22.9051 -15.8583   0.3044   1.8393   0.9381   0.9671   0.0424   0.6470   0.5279  -0.0014   0.0000  -0.0252   0.1406    0.298
    56  23.1466 -16.3244   0.3493   1.7470   0.7427   0.8188   0.0518   0.5764   0.4704   0.0009   0.0000  -0.0233   0.1261    0.299
    57  23.5299 -16.6722   0.3828   1.4928   0.4131   0.6547   0.0607   1.4832   0.4409  -0.0073   0.0000  -0.0126   0.0596    0.279
    58  23.9809 -16.9098   0.4056   1.1466   0.2292   0.4858   0.0722   1.4382   0.4275  -0.0249   0.0000   0.0058   0.0493    0.236
    59  24.2843 -17.0696   0.4210   0.9138   0.1104   0.3005   0.0815   1.1214   0.3334  -0.0371   0.0000   0.0231   0.0297    0.181
    60  24.4368 -17.1499   0.4287   0.7967   0.0322   0.1018   0.0869   0.4398   0.1307  -0.0275   0.0000   0.0159   0.0083    0.128

  Surface # 3     horizontal_stabilizer                   
     # Chordwise = 10   # Spanwise = 30     First strip = 61
     Surface area Ssurf =   20.744605     Ave. chord Cave =    2.848571

 Forces referred to Sref, Cref, Bref about Xref, Yref, Zref
 Standard axis orientation,  X fwd, Z down         
     CLsurf  =   0.02586     Clsurf  =  -0.00273
     CYsurf  =  -0.00410     Cmsurf  =  -0.09851
     CDsurf  =   0.00148     Cnsurf  =   0.00190
     CDisurf =   0.00148     CDvsurf =   0.00000

 Forces referred to Ssurf, Cave 
     CLsurf  =   0.15758     CDsurf  =   0.00893

 Strip Forces referred to Strip Area, Chord
    j     Xle      Yle      Zle      Chord    Area     c_cl     ai     cl_norm    cl       cd       cdv    cm_c/4     cm_LE   C.P.x/c
    61  33.0230   0.0046   1.4667   4.2713   0.0803   0.5431   0.0900   0.1624   0.1244   0.0372   0.0000  -0.0072  -0.0335    0.308
    62  33.0469   0.0418   1.4723   4.2566   0.2392   0.5022   0.0902   0.1534   0.1175   0.0109   0.0000  -0.0071  -0.0314    0.310
    63  33.0943   0.1156   1.4835   4.2274   0.3930   0.4992   0.0902   0.1537   0.1177   0.0092   0.0000  -0.0067  -0.0312    0.307
    64  33.1649   0.2254   1.5002   4.1839   0.5386   0.4987   0.0897   0.1552   0.1189   0.0089   0.0000  -0.0061  -0.0309    0.302
    65  33.2578   0.3698   1.5221   4.1268   0.6730   0.4986   0.0888   0.1573   0.1205   0.0087   0.0000  -0.0054  -0.0306    0.295
    66  33.3719   0.5474   1.5490   4.0565   0.7936   0.4985   0.0873   0.1601   0.1226   0.0087   0.0000  -0.0046  -0.0304    0.287
    67  33.5097   0.7617   1.5816   3.9717   0.9441   0.4983   0.0849   0.1634   0.1252   0.0086   0.0000  -0.0038  -0.0303    0.281
    68  33.6704   1.0116   1.6195   3.8728   1.0344   0.4978   0.0817   0.1675   0.1283   0.0086   0.0000  -0.0032  -0.0304    0.275
    69  33.8488   1.2891   1.6616   3.7630   1.1046   0.4970   0.0778   0.1721   0.1318   0.0087   0.0000  -0.0026  -0.0307    0.270
    70  34.0430   1.5912   1.7075   3.6435   1.1542   0.4962   0.0734   0.1775   0.1359   0.0087   0.0000  -0.0021  -0.0312    0.266
    71  34.2510   1.9146   1.7565   3.5155   1.1831   0.4953   0.0690   0.1836   0.1407   0.0089   0.0000  -0.0018  -0.0319    0.262
    72  34.4703   2.2558   1.8083   3.3805   1.1921   0.4944   0.0651   0.1907   0.1460   0.0090   0.0000  -0.0014  -0.0328    0.260
    73  34.6987   2.6109   1.8622   3.2400   1.1821   0.4936   0.0618   0.1986   0.1521   0.0091   0.0000  -0.0011  -0.0339    0.257
    74  34.9335   2.9762   1.9177   3.0955   1.1548   0.4925   0.0592   0.2074   0.1589   0.0093   0.0000  -0.0008  -0.0351    0.255
    75  35.1723   3.3476   1.9740   2.9485   1.1122   0.4908   0.0573   0.2171   0.1663   0.0094   0.0000  -0.0005  -0.0364    0.253
    76  35.4124   3.7210   2.0307   2.8008   1.0564   0.4881   0.0559   0.2273   0.1741   0.0096   0.0000  -0.0001  -0.0378    0.251
    77  35.6512   4.0924   2.0871   2.6538   0.9900   0.4838   0.0549   0.2378   0.1822   0.0096   0.0000   0.0003  -0.0391    0.248
    78  35.8861   4.4577   2.1425   2.5093   0.9155   0.4773   0.0543   0.2482   0.1901   0.0097   0.0000   0.0008  -0.0404    0.246
    79  36.1144   4.8128   2.1964   2.3687   0.8353   0.4681   0.0542   0.2579   0.1975   0.0096   0.0000   0.0014  -0.0415    0.243
    80  36.3338   5.1540   2.2482   2.2338   0.7518   0.4554   0.0546   0.2661   0.2038   0.0095   0.0000   0.0022  -0.0422    0.239
    81  36.5417   5.4774   2.2973   2.1058   0.6671   0.4389   0.0554   0.2721   0.2084   0.0093   0.0000   0.0031  -0.0424    0.235
    82  36.7359   5.7795   2.3431   1.9862   0.5830   0.4181   0.0567   0.2748   0.2105   0.0089   0.0000   0.0043  -0.0419    0.229
    83  36.9144   6.0570   2.3852   1.8764   0.5012   0.3925   0.0585   0.2732   0.2092   0.0084   0.0000   0.0058  -0.0403    0.222
    84  37.0750   6.3069   2.4232   1.7776   0.4225   0.3618   0.0605   0.2659   0.2037   0.0077   0.0000   0.0076  -0.0376    0.213
    85  37.2162   6.5264   2.4565   1.6907   0.3478   0.3258   0.0626   0.2518   0.1928   0.0069   0.0000   0.0095  -0.0337    0.201
    86  37.3480   6.7314   2.4876   1.6096   0.3326   0.2823   0.0649   0.2292   0.1755   0.0058   0.0000   0.0113  -0.0284    0.185
    87  37.4657   6.9144   2.5154   1.5372   0.2507   0.2286   0.0670   0.1944   0.1489   0.0045   0.0000   0.0125  -0.0217    0.166
    88  37.5551   7.0535   2.5365   1.4822   0.1746   0.1683   0.0687   0.1484   0.1137   0.0029   0.0000   0.0119  -0.0146    0.146
    89  37.6153   7.1471   2.5508   1.4451   0.1029   0.1030   0.0699   0.0933   0.0714   0.0014   0.0000   0.0088  -0.0081    0.127
    90  37.6455   7.1941   2.5579   1.4265   0.0340   0.0347   0.0706   0.0319   0.0244  -0.0002   0.0000   0.0033  -0.0025    0.117

  Surface # 4     horizontal_stabilizer (YDUP)            
     # Chordwise = 10   # Spanwise = 30     First strip = 91
     Surface area Ssurf =   20.744605     Ave. chord Cave =    2.848571

 Forces referred to Sref, Cref, Bref about Xref, Yref, Zref
 Standard axis orientation,  X fwd, Z down         
     CLsurf  =   0.02586     Clsurf  =   0.00273
     CYsurf  =   0.00410     Cmsurf  =  -0.09851
     CDsurf  =   0.00148     Cnsurf  =  -0.00190
     CDisurf =   0.00148     CDvsurf =   0.00000

 Forces referred to Ssurf, Cave 
     CLsurf  =   0.15758     CDsurf  =   0.00893

 Strip Forces referred to Strip Area, Chord
    j     Xle      Yle      Zle      Chord    Area     c_cl     ai     cl_norm    cl       cd       cdv    cm_c/4     cm_LE   C.P.x/c
    91  33.0230  -0.0046   1.4667   4.2713   0.0803   0.5431   0.0900   0.1624   0.1244   0.0372   0.0000  -0.0072   0.0335    0.308
    92  33.0469  -0.0418   1.4723   4.2566   0.2392   0.5022   0.0902   0.1534   0.1175   0.0109   0.0000  -0.0071   0.0314    0.310
    93  33.0943  -0.1156   1.4835   4.2274   0.3930   0.4992   0.0902   0.1537   0.1177   0.0092   0.0000  -0.0067   0.0312    0.307
    94  33.1649  -0.2254   1.5002   4.1839   0.5386   0.4987   0.0897   0.1552   0.1189   0.0089   0.0000  -0.0061   0.0309    0.302
    95  33.2578  -0.3698   1.5221   4.1268   0.6730   0.4986   0.0888   0.1573   0.1205   0.0087   0.0000  -0.0054   0.0306    0.295
    96  33.3719  -0.5474   1.5490   4.0565   0.7936   0.4985   0.0873   0.1601   0.1226   0.0087   0.0000  -0.0046   0.0304    0.287
    97  33.5097  -0.7617   1.5816   3.9717   0.9441   0.4983   0.0849   0.1634   0.1252   0.0086   0.0000  -0.0038   0.0303    0.281
    98  33.6704  -1.0116   1.6195   3.8728   1.0344   0.4978   0.0817   0.1675   0.1283   0.0086   0.0000  -0.0032   0.0304    0.275
    99  33.8488  -1.2891   1.6616   3.7630   1.1046   0.4970   0.0778   0.1721   0.1318   0.0087   0.0000  -0.0026   0.0307    0.270
   100  34.0430  -1.5912   1.7075   3.6435   1.1542   0.4962   0.0734   0.1775   0.1359   0.0087   0.0000  -0.0021   0.0312    0.266
   101  34.2510  -1.9146   1.7565   3.5155   1.1831   0.4953   0.0690   0.1836   0.1407   0.0089   0.0000  -0.0018   0.0319    0.262
   102  34.4703  -2.2558   1.8083   3.3805   1.1921   0.4944   0.0651   0.1907   0.1460   0.0090   0.0000  -0.0014   0.0328    0.260
   103  34.6987  -2.6109   1.8622   3.2400   1.1821   0.4936   0.0618   0.1986   0.1521   0.0091   0.0000  -0.0011   0.0339    0.257
   104  34.9335  -2.9762   1.9177   3.0955   1.1548   0.4925   0.0592   0.2074   0.1589   0.0093   0.0000  -0.0008   0.0351    0.255
   105  35.1723  -3.3476   1.9740   2.9485   1.1122   0.4908   0.0573   0.2171   0.1663   0.0094   0.0000  -0.0005   0.0364    0.253
   106  35.4124  -3.7210   2.0307   2.8008   1.0564   0.4881   0.0559   0.2273   0.1741   0.0096   0.0000  -0.0001   0.0378    0.251
   107  35.6512  -4.0924   2.0871   2.6538   0.9900   0.4838   0.0549   0.2378   0.1822   0.0096   0.0000   0.0003   0.0391    0.248
   108  35.8861  -4.4577   2.1425   2.5093   0.9155   0.4773   0.0543   0.2482   0.1901   0.0097   0.0000   0.0008   0.0404    0.246
   109  36.1144  -4.8128   2.1964   2.3687   0.8353   0.4681   0.0542   0.2579   0.1975   0.0096   0.0000   0.0014   0.0415    0.243
   110  36.3338  -5.1540   2.2482   2.2338   0.7518   0.4554   0.0546   0.2661   0.2038   0.0095   0.0000   0.0022   0.0422    0.239
   111  36.5417  -5.4774   2.2973   2.1058   0.6671   0.4389   0.0554   0.2721   0.2084   0.0093   0.0000   0.0031   0.0424    0.235
   112  36.7359  -5.7795   2.3431   1.9862   0.5830   0.4181   0.0567   0.2748   0.2105   0.0089   0.0000   0.0043   0.0419    0.229
   113  36.9144  -6.0570   2.3852   1.8764   0.5012   0.3925   0.0585   0.2732   0.2092   0.0084   0.0000   0.0058   0.0403    0.222
   114  37.0750  -6.3069   2.4232   1.7776   0.4225   0.3618   0.0605   0.2659   0.2037   0.0077   0.0000   0.0076   0.0376    0.213
   115  37.2162  -6.5264   2.4565   1.6907   0.3478   0.3258   0.0626   0.2518   0.1928   0.0069   0.0000   0.0095   0.0337    0.201
   116  37.3480  -6.7314   2.4876   1.6096   0.3326   0.2823   0.0649   0.2292   0.1755   0.0058   0.0000   0.0113   0.0284    0.185
   117  37.4657  -6.9144   2.5154   1.5372   0.2507   0.2286   0.0670   0.1944   0.1489   0.0045   0.0000   0.0125   0.0217    0.166
   118  37.5551  -7.0535   2.5365   1.4822   0.1746   0.1683   0.0687   0.1484   0.1137   0.0029   0.0000   0.0119   0.0146    0.146
   119  37.6153  -7.1471   2.5508   1.4451   0.1029   0.1030   0.0699   0.0933   0.0714   0.0014   0.0000   0.0088   0.0081    0.127
   120  37.6455  -7.1941   2.5579   1.4265   0.0340   0.0347   0.0706   0.0319   0.0244  -0.0002   0.0000   0.0033   0.0025    0.117

  Surface # 5     vertical_stabilizer                     
     # Chordwise = 10   # Spanwise = 30     First strip =121
     Surface area Ssurf =   34.910363     Ave. chord Cave =    4.190920

 Forces referred to Sref, Cref, Bref about Xref, Yref, Zref
 Standard axis orientation,  X fwd, Z down         
     CLsurf  =  -0.00000     Clsurf  =   0.00000
     CYsurf  =   0.00000     Cmsurf  =   0.00000
     CDsurf  =   0.00000     Cnsurf  =  -0.00000
     CDisurf =   0.00000     CDvsurf =   0.00000

 Forces referred to Ssurf, Cave 
     CLsurf  =  -0.00000     CDsurf  =   0.00000

 Strip Forces referred to Strip Area, Chord
    j     Xle      Yle      Zle      Chord    Area     c_cl     ai     cl_norm    cl       cd       cdv    cm_c/4     cm_LE   C.P.x/c
   121  27.0137   0.0000   1.5690  10.0347   0.6931  -0.0000   0.0000  -0.0000  -0.0000  -0.0000   0.0000   0.0000   0.0000    0.495
   122  27.2327   0.0000   1.6601   9.8296   1.1101  -0.0000  -0.0000  -0.0000  -0.0000   0.0000   0.0000   0.0000   0.0000    0.494
   123  27.5561   0.0000   1.7947   9.5266   1.4857  -0.0000  -0.0000  -0.0000  -0.0000  -0.0000   0.0000   0.0000   0.0000    0.285
   124  27.9815   0.0000   1.9717   9.1281   1.8040  -0.0000   0.0000  -0.0000  -0.0000  -0.0000   0.0000  -0.0000   0.0000    0.103
   125  28.5051   0.0000   2.1895   8.6377   2.0517  -0.0000   0.0000  -0.0000  -0.0000  -0.0000   0.0000  -0.0000  -0.0000   -0.377
   126  29.1220   0.0000   2.4462   8.0598   2.2181  -0.0000  -0.0000  -0.0000  -0.0000   0.0000   0.0000   0.0000   0.0000    0.751
   127  29.8264   0.0000   2.7392   7.4000   2.2957  -0.0000   0.0000  -0.0000  -0.0000  -0.0000   0.0000   0.0000   0.0000    0.297
   128  30.6115   0.0000   3.0659   6.6646   2.2808  -0.0000  -0.0000  -0.0000  -0.0000   0.0000   0.0000   0.0000   0.0000    0.441
   129  31.4694   0.0000   3.4228   5.8609   2.1733  -0.0000  -0.0000  -0.0000  -0.0000  -0.0000   0.0000   0.0000   0.0000    0.993
   130  32.3918   0.0000   3.8066   4.9969   1.9773  -0.0000   0.0000  -0.0000  -0.0000   0.0000   0.0000   0.0000   0.0000    0.625
   131  33.0131   0.0000   4.1929   4.4389   1.6667  -0.0000  -0.0000  -0.0000  -0.0000  -0.0000   0.0000   0.0000   0.0000    0.606
   132  33.3001   0.0000   4.5764   4.2198   1.6478  -0.0000  -0.0000  -0.0000  -0.0000   0.0000   0.0000   0.0000   0.0000    0.425
   133  33.5969   0.0000   4.9729   3.9932   1.6033  -0.0000  -0.0000  -0.0000  -0.0000   0.0000   0.0000   0.0000   0.0000    0.628
   134  33.9004   0.0000   5.3784   3.7615   1.5362  -0.0000  -0.0000  -0.0000  -0.0000   0.0000   0.0000   0.0000   0.0000    0.743
   135  34.2075   0.0000   5.7886   3.5271   1.4499  -0.0000   0.0000  -0.0000  -0.0000  -0.0000   0.0000   0.0000   0.0000    1.271
   136  34.5150   0.0000   6.1995   3.2923   1.3482   0.0000   0.0000   0.0000   0.0000  -0.0000   0.0000  -0.0000  -0.0000  999.000
   137  34.8197   0.0000   6.6066   3.0597   1.2352  -0.0000  -0.0000  -0.0000  -0.0000  -0.0000   0.0000   0.0000   0.0000    0.450
   138  35.1185   0.0000   7.0058   2.8315   1.1147  -0.0000  -0.0000  -0.0000  -0.0000  -0.0000   0.0000  -0.0000  -0.0000   -0.194
   139  35.4083   0.0000   7.3929   2.6103   0.9908  -0.0000   0.0000  -0.0000  -0.0000  -0.0000   0.0000  -0.0000  -0.0000   -0.226
   140  35.6860   0.0000   7.7640   2.3983   0.8670  -0.0000  -0.0000  -0.0000  -0.0000  -0.0000   0.0000   0.0000   0.0000    0.775
   141  35.9487   0.0000   8.1150   2.1977   0.7464  -0.0000   0.0000  -0.0000  -0.0000   0.0000   0.0000   0.0000   0.0000    0.335
   142  36.1937   0.0000   8.4424   2.0106   0.6318  -0.0000  -0.0000  -0.0000  -0.0000  -0.0000   0.0000  -0.0000   0.0000    0.151
   143  36.4185   0.0000   8.7426   1.8390   0.5251  -0.0000   0.0000  -0.0000  -0.0000  -0.0000   0.0000  -0.0000  -0.0000  999.000
   144  36.6206   0.0000   9.0127   1.6847   0.4276  -0.0000  -0.0000  -0.0000  -0.0000  -0.0000   0.0000  -0.0000  -0.0000   -0.549
   145  36.7980   0.0000   9.2496   1.5493   0.3400  -0.0000  -0.0000  -0.0000  -0.0000   0.0000   0.0000   0.0000   0.0000    0.711
   146  36.9487   0.0000   9.4510   1.4342   0.2622  -0.0000   0.0000  -0.0000  -0.0000  -0.0000   0.0000  -0.0000  -0.0000  999.000
   147  37.0713   0.0000   9.6148   1.3407   0.1933  -0.0000  -0.0000  -0.0000  -0.0000  -0.0000   0.0000  -0.0000  -0.0000   -0.753
   148  37.1643   0.0000   9.7391   1.2696   0.1322  -0.0000  -0.0000  -0.0000  -0.0000   0.0000   0.0000   0.0000   0.0000    0.426
   149  37.2269   0.0000   9.8227   1.2218   0.0769  -0.0000  -0.0000  -0.0000  -0.0000   0.0000   0.0000   0.0000   0.0000    0.951
   150  37.2584   0.0000   9.8647   1.1978   0.0252  -0.0000   0.0000  -0.0000  -0.0000  -0.0000   0.0000   0.0000   0.0000    0.654

  Surface # 6     fuselage_horizontal                     
     # Chordwise = 10   # Spanwise = 10     First strip =151
     Surface area Ssurf =  123.841199     Ave. chord Cave =   33.112620

 Forces referred to Sref, Cref, Bref about Xref, Yref, Zref
 Standard axis orientation,  X fwd, Z down         
     CLsurf  =   0.00637     Clsurf  =  -0.00000
     CYsurf  =  -0.00000     Cmsurf  =   0.04957
     CDsurf  =  -0.00023     Cnsurf  =   0.00000
     CDisurf =  -0.00023     CDvsurf =   0.00000

 Forces referred to Ssurf, Cave 
     CLsurf  =   0.00642     CDsurf  =  -0.00023

 Strip Forces referred to Strip Area, Chord
    j     Xle      Yle      Zle      Chord    Area     c_cl     ai     cl_norm    cl       cd       cdv    cm_c/4     cm_LE   C.P.x/c
   151   5.0231  -1.6830   0.0000  26.5957   9.9468   0.1395   0.1256   0.0629   0.0054  -0.0018   0.0000   0.0037   0.0003   -0.432
   152   2.9203  -1.3090   0.0000  31.2096  11.6724   0.2028   0.1367   0.0251   0.0066  -0.0007   0.0000   0.0045   0.0007   -0.430
   153   1.6676  -0.9350   0.0000  34.0626  12.7394   0.2263   0.1306   0.0162   0.0067  -0.0002   0.0000   0.0052   0.0012   -0.524
   154   0.7666  -0.5610   0.0000  36.1620  13.5246   0.2399   0.1294   0.0111   0.0066   0.0002   0.0000   0.0055   0.0017   -0.578
   155   0.1963  -0.1870   0.0000  37.5333  14.0374   0.2475   0.1305   0.0076   0.0066   0.0008   0.0000   0.0056   0.0027   -0.600
   156   0.1963   0.1870   0.0000  37.5333  14.0374   0.2475   0.1305   0.0076   0.0066   0.0008   0.0000   0.0056   0.0027   -0.600
   157   0.7666   0.5610   0.0000  36.1620  13.5246   0.2399   0.1294   0.0111   0.0066   0.0002   0.0000   0.0055   0.0017   -0.578
   158   1.6676   0.9350   0.0000  34.0626  12.7394   0.2263   0.1306   0.0162   0.0067  -0.0002   0.0000   0.0052   0.0012   -0.524
   159   2.9202   1.3090   0.0000  31.2096  11.6724   0.2028   0.1367   0.0251   0.0066  -0.0007   0.0000   0.0045   0.0007   -0.430
   160   5.0231   1.6830   0.0000  26.5957   9.9468   0.1395   0.1256   0.0629   0.0054  -0.0018   0.0000   0.0037   0.0003   -0.432

  Surface # 7     fuselage_vertical                       
     # Chordwise = 10   # Spanwise = 10     First strip =161
     Surface area Ssurf =  123.841199     Ave. chord Cave =   33.112620

 Forces referred to Sref, Cref, Bref about Xref, Yref, Zref
 Standard axis orientation,  X fwd, Z down         
     CLsurf  =   0.00000     Clsurf  =  -0.00000
     CYsurf  =   0.00000     Cmsurf  =  -0.00000
     CDsurf  =   0.00000     Cnsurf  =  -0.00000
     CDisurf =   0.00000     CDvsurf =   0.00000

 Forces referred to Ssurf, Cave 
     CLsurf  =  -0.00000     CDsurf  =   0.00000

 Strip Forces referred to Strip Area, Chord
    j     Xle      Yle      Zle      Chord    Area     c_cl     ai     cl_norm    cl       cd       cdv    cm_c/4     cm_LE   C.P.x/c
   161   5.0231   0.0000  -1.6830  26.5957   9.9468  -0.0000   0.0000  -0.0000  -0.0000  -0.0000   0.0000  -0.0000  -0.0000  999.000
   162   2.9203   0.0000  -1.3090  31.2096  11.6724  -0.0000  -0.0000  -0.0000  -0.0000  -0.0000   0.0000  -0.0000  -0.0000   -0.501
   163   1.6676   0.0000  -0.9350  34.0626  12.7394  -0.0000  -0.0000  -0.0000  -0.0000   0.0000   0.0000   0.0000   0.0000    0.464
   164   0.7666   0.0000  -0.5610  36.1620  13.5246  -0.0000  -0.0000  -0.0000  -0.0000   0.0000   0.0000   0.0000   0.0000    0.441
   165   0.1963   0.0000  -0.1870  37.5333  14.0374  -0.0000  -0.0000  -0.0000  -0.0000   0.0000   0.0000   0.0000   0.0000    0.647
   166   0.1963   0.0000   0.1870  37.5333  14.0374  -0.0000   0.0000  -0.0000  -0.0000   0.0000   0.0000   0.0000   0.0000    0.636
   167   0.7666   0.0000   0.5610  36.1620  13.5246  -0.0000   0.0000  -0.0000  -0.0000   0.0000   0.0000   0.0000   0.0000    0.790
   168   1.6676   0.0000   0.9350  34.0626  12.7394  -0.0000   0.0000  -0.0000  -0.0000  -0.0000   0.0000   0.0000   0.0000    0.544
   169   2.9202   0.0000   1.3090  31.2096  11.6724  -0.0000   0.0000  -0.0000  -0.0000  -0.0000   0.0000   0.0000   0.0000    0.631
   170   5.0231   0.0000   1.6830  26.5957   9.9468  -0.0000   0.0000  -0.0000  -0.0000   0.0000   0.0000   0.0000   0.0000    0.785
 ---------------------------------------------------------------
