 ---------------------------------------------------------------
 Surface and Strip Forces by surface

  Sref =  124.86       Cref =  4.4875       Bref =  34.320    
  Xref =  18.914       Yref =  0.0000       Zref =-0.17619    

  Surface # 1     main_wing                               
     # Chordwise = 10   # Spanwise = 30     First strip =  1
     Surface area Ssurf =   63.968838     Ave. chord Cave =    3.715026

 Forces referred to Sref, Cref, Bref about Xref, Yref, Zref
 Standard axis orientation,  X fwd, Z down         
     CLsurf  =   0.49455     Clsurf  =  -0.09648
     CYsurf  =  -0.02234     Cmsurf  =  -0.02132
     CDsurf  =   0.02085     Cnsurf  =  -0.01745
     CDisurf =   0.02085     CDvsurf =   0.00000

 Forces referred to Ssurf, Cave 
     CLsurf  =   0.96605     CDsurf  =   0.04070

 Strip Forces referred to Strip Area, Chord
    j     Xle      Yle      Zle      Chord    Area     c_cl     ai     cl_norm    cl       cd       cdv    cm_c/4     cm_LE   C.P.x/c
     1  13.6181   0.0114  -0.9295   7.7520   0.3539   6.2967   0.2263   0.8516   0.6610   0.9261   0.0000  -0.0422  -0.2021    0.314
     2  13.6830   0.1025  -0.9255   7.6885   1.0492   5.6633   0.2261   0.9220   0.7156   0.1829   0.0000  -0.0425  -0.1869    0.309
     3  13.8120   0.2837  -0.9176   7.5620   1.7073   5.6107   0.2248   0.9396   0.7292   0.1367   0.0000  -0.0395  -0.1857    0.304
     4  14.0037   0.5530  -0.9059   7.3741   2.3052   5.5826   0.2216   0.9628   0.7473   0.1214   0.0000  -0.0350  -0.1851    0.297
     5  14.2560   0.9075  -0.8904   7.1267   2.8223   5.5428   0.2145   0.9928   0.7705   0.1088   0.0000  -0.0300  -0.1854    0.289
     6  14.5662   1.3432  -0.8714   6.8226   3.2414   5.4787   0.1973   1.0286   0.7983   0.0965   0.0000  -0.0255  -0.1869    0.282
     7  14.9309   1.8554  -0.8490   6.4651   3.5491   5.3816   0.1603   1.0699   0.8304   0.0841   0.0000  -0.0218  -0.1900    0.276
     8  15.3460   2.4386  -0.8236   6.0582   3.7368   5.2448   0.1241   1.1165   0.8665   0.0713   0.0000  -0.0193  -0.1949    0.272
     9  15.8070   3.0862  -0.7953   5.6062   3.8005   5.0649   0.1087   1.1690   0.9073   0.0572   0.0000  -0.0179  -0.2016    0.270
    10  16.2877   3.7613  -0.7658   5.1351   3.4440   4.8518   0.0964   1.2264   0.9517   0.0434   0.0000  -0.0175  -0.2098    0.268
    11  16.7803   4.4532  -0.7356   4.6522   3.3149   4.6147   0.0807   1.2911   1.0020   0.0296   0.0000  -0.0172  -0.2193    0.267
    12  17.2999   5.1831  -0.7037   4.1429   3.0930   4.3551   0.0558   1.3734   1.0658   0.0092   0.0000  -0.0162  -0.2308    0.265
    13  17.8026   6.0123  -0.6437   3.7903   3.4706   4.0740   0.0384   1.3411   1.0913   0.0011   0.0000  -0.0090  -0.2529    0.258
    14  18.2809   6.9353  -0.5549   3.6075   3.3775   3.8558   0.0348   1.3334   1.0849   0.0025   0.0000  -0.0093  -0.2519    0.259
    15  18.7672   7.8737  -0.4645   3.4215   3.2389   3.6530   0.0289   1.3321   1.0839   0.0016   0.0000  -0.0098  -0.2520    0.259
    16  19.2562   8.8172  -0.3736   3.2345   3.0619   3.4564   0.0248   1.3335   1.0851   0.0002   0.0000  -0.0105  -0.2528    0.260
    17  19.7425   9.7556  -0.2833   3.0486   2.8543   3.2622   0.0235   1.3357   1.0869  -0.0013   0.0000  -0.0113  -0.2539    0.260
    18  20.2208  10.6786  -0.1944   2.8657   2.6239   3.0690   0.0238   1.3371   1.0880  -0.0025   0.0000  -0.0125  -0.2552    0.261
    19  20.6858  11.5760  -0.1080   2.6879   2.3787   2.8769   0.0249   1.3361   1.0872  -0.0018   0.0000  -0.0150  -0.2572    0.264
    20  21.1299  12.4328  -0.0255   2.5181   2.1010   2.6889   0.0275   1.3351   1.0864  -0.0116   0.0000  -0.0273  -0.2675    0.275
    21  21.5482  13.2400   0.0523   2.3582   1.8520   2.5054   0.0323   1.3277   1.0803  -0.0084   0.0000  -0.0277  -0.2667    0.276
    22  21.9390  13.9941   0.1249   2.2087   1.6074   2.3220   0.0394   1.3136   1.0689  -0.0076   0.0000  -0.0264  -0.2630    0.275
    23  22.2979  14.6868   0.1916   2.0715   1.3716   2.1331   0.0494   1.2866   1.0469  -0.0067   0.0000  -0.0238  -0.2558    0.273
    24  22.6211  15.3105   0.2516   1.9479   1.1479   1.9301   0.0622   1.2377   1.0071  -0.0053   0.0000  -0.0196  -0.2432    0.270
    25  22.9051  15.8583   0.3044   1.8393   0.9381   1.7015   0.0771   1.1550   0.9398  -0.0022   0.0000  -0.0147  -0.2239    0.266
    26  23.1466  16.3244   0.3493   1.7470   0.7427   1.4369   0.0922   1.0249   0.8340   0.0072   0.0000  -0.0147  -0.2005    0.268
    27  23.5299  16.6722   0.3828   1.4928   0.4131   1.1458   0.1070   2.5679   0.7848  -0.0286   0.0000  -0.0070  -0.1017    0.259
    28  23.9809  16.9098   0.4056   1.1466   0.2292   0.8487   0.1263   2.5077   0.7664  -0.0810   0.0000   0.0237  -0.0843    0.219
    29  24.2843  17.0696   0.4210   0.9138   0.1104   0.5239   0.1415   1.9764   0.6040  -0.1196   0.0000   0.0515  -0.0504    0.165
    30  24.4368  17.1499   0.4287   0.7967   0.0322   0.1774   0.1499   0.7943   0.2428  -0.0918   0.0000   0.0327  -0.0138    0.115

  Surface # 2     main_wing (YDUP)                        
     # Chordwise = 10   # Spanwise = 30     First strip = 31
     Surface area Ssurf =   63.968838     Ave. chord Cave =    3.715026

 Forces referred to Sref, Cref, Bref about Xref, Yref, Zref
 Standard axis orientation,  X fwd, Z down         
     CLsurf  =   0.49455     Clsurf  =   0.09648
     CYsurf  =   0.02234     Cmsurf  =  -0.02132
     CDsurf  =   0.02085     Cnsurf  =   0.01745
     CDisurf =   0.02085     CDvsurf =   0.00000

 Forces referred to Ssurf, Cave 
     CLsurf  =   0.96605     CDsurf  =   0.04070

 Strip Forces referred to Strip Area, Chord
    j     Xle      Yle      Zle      Chord    Area     c_cl     ai     cl_norm    cl       cd       cdv    cm_c/4     cm_LE   C.P.x/c
    31  13.6181  -0.0114  -0.9295   7.7520   0.3539   6.2967   0.2263   0.8516   0.6610   0.9261   0.0000  -0.0422   0.2021    0.314
    32  13.6830  -0.1025  -0.9255   7.6885   1.0492   5.6633   0.2261   0.9220   0.7156   0.1829   0.0000  -0.0425   0.1869    0.309
    33  13.8120  -0.2837  -0.9176   7.5620   1.7073   5.6107   0.2248   0.9396   0.7292   0.1367   0.0000  -0.0395   0.1857    0.304
    34  14.0037  -0.5530  -0.9059   7.3741   2.3052   5.5826   0.2216   0.9628   0.7473   0.1214   0.0000  -0.0350   0.1851    0.297
    35  14.2560  -0.9075  -0.8904   7.1267   2.8223   5.5428   0.2145   0.9928   0.7705   0.1088   0.0000  -0.0300   0.1854    0.289
    36  14.5662  -1.3432  -0.8714   6.8226   3.2414   5.4787   0.1973   1.0286   0.7983   0.0965   0.0000  -0.0255   0.1869    0.282
    37  14.9309  -1.8554  -0.8490   6.4651   3.5491   5.3816   0.1603   1.0699   0.8304   0.0841   0.0000  -0.0218   0.1900    0.276
    38  15.3460  -2.4386  -0.8236   6.0582   3.7368   5.2448   0.1241   1.1165   0.8665   0.0713   0.0000  -0.0193   0.1949    0.272
    39  15.8070  -3.0862  -0.7953   5.6062   3.8005   5.0649   0.1087   1.1690   0.9073   0.0572   0.0000  -0.0179   0.2016    0.270
    40  16.2877  -3.7613  -0.7658   5.1351   3.4440   4.8518   0.0964   1.2264   0.9517   0.0434   0.0000  -0.0175   0.2098    0.268
    41  16.7803  -4.4532  -0.7356   4.6522   3.3149   4.6147   0.0807   1.2911   1.0020   0.0296   0.0000  -0.0172   0.2193    0.267
    42  17.2999  -5.1831  -0.7037   4.1429   3.0930   4.3551   0.0558   1.3734   1.0658   0.0092   0.0000  -0.0162   0.2308    0.265
    43  17.8026  -6.0123  -0.6437   3.7903   3.4706   4.0740   0.0384   1.3411   1.0913   0.0011   0.0000  -0.0090   0.2529    0.258
    44  18.2809  -6.9353  -0.5549   3.6075   3.3775   3.8558   0.0348   1.3334   1.0849   0.0025   0.0000  -0.0093   0.2519    0.259
    45  18.7672  -7.8737  -0.4645   3.4215   3.2389   3.6530   0.0289   1.3321   1.0839   0.0016   0.0000  -0.0098   0.2520    0.259
    46  19.2562  -8.8172  -0.3736   3.2345   3.0619   3.4564   0.0248   1.3335   1.0851   0.0002   0.0000  -0.0105   0.2528    0.260
    47  19.7425  -9.7556  -0.2833   3.0486   2.8543   3.2622   0.0235   1.3357   1.0869  -0.0013   0.0000  -0.0113   0.2539    0.260
    48  20.2208 -10.6786  -0.1944   2.8657   2.6239   3.0690   0.0238   1.3371   1.0880  -0.0025   0.0000  -0.0125   0.2552    0.261
    49  20.6858 -11.5760  -0.1080   2.6879   2.3787   2.8769   0.0249   1.3361   1.0872  -0.0018   0.0000  -0.0150   0.2572    0.264
    50  21.1299 -12.4328  -0.0255   2.5181   2.1010   2.6889   0.0275   1.3351   1.0864  -0.0116   0.0000  -0.0273   0.2675    0.275
    51  21.5482 -13.2400   0.0523   2.3582   1.8520   2.5054   0.0323   1.3277   1.0803  -0.0084   0.0000  -0.0277   0.2667    0.276
    52  21.9390 -13.9941   0.1249   2.2087   1.6074   2.3220   0.0394   1.3136   1.0689  -0.0076   0.0000  -0.0264   0.2630    0.275
    53  22.2979 -14.6868   0.1916   2.0715   1.3716   2.1331   0.0494   1.2866   1.0469  -0.0067   0.0000  -0.0238   0.2558    0.273
    54  22.6211 -15.3105   0.2516   1.9479   1.1479   1.9301   0.0622   1.2377   1.0071  -0.0053   0.0000  -0.0196   0.2432    0.270
    55  22.9051 -15.8583   0.3044   1.8393   0.9381   1.7015   0.0771   1.1550   0.9398  -0.0022   0.0000  -0.0147   0.2239    0.266
    56  23.1466 -16.3244   0.3493   1.7470   0.7427   1.4369   0.0922   1.0249   0.8340   0.0072   0.0000  -0.0147   0.2005    0.268
    57  23.5299 -16.6722   0.3828   1.4928   0.4131   1.1458   0.1070   2.5679   0.7848  -0.0286   0.0000  -0.0070   0.1017    0.259
    58  23.9809 -16.9098   0.4056   1.1466   0.2292   0.8487   0.1263   2.5077   0.7664  -0.0810   0.0000   0.0237   0.0843    0.219
    59  24.2843 -17.0696   0.4210   0.9138   0.1104   0.5239   0.1415   1.9764   0.6040  -0.1196   0.0000   0.0515   0.0504    0.165
    60  24.4368 -17.1499   0.4287   0.7967   0.0322   0.1774   0.1499   0.7943   0.2428  -0.0918   0.0000   0.0327   0.0138    0.115

  Surface # 3     horizontal_stabilizer                   
     # Chordwise = 10   # Spanwise = 30     First strip = 61
     Surface area Ssurf =   20.744605     Ave. chord Cave =    2.848571

 Forces referred to Sref, Cref, Bref about Xref, Yref, Zref
 Standard axis orientation,  X fwd, Z down         
     CLsurf  =   0.06368     Clsurf  =  -0.00646
     CYsurf  =  -0.01002     Cmsurf  =  -0.24328
     CDsurf  =   0.00647     Cnsurf  =   0.00424
     CDisurf =   0.00647     CDvsurf =   0.00000

 Forces referred to Ssurf, Cave 
     CLsurf  =   0.38798     CDsurf  =   0.03896

 Strip Forces referred to Strip Area, Chord
    j     Xle      Yle      Zle      Chord    Area     c_cl     ai     cl_norm    cl       cd       cdv    cm_c/4     cm_LE   C.P.x/c
    61  33.0230   0.0046   1.4667   4.2713   0.0803   1.6390   0.1680   0.4544   0.3454   0.2498   0.0000  -0.0161  -0.0976    0.297
    62  33.0469   0.0418   1.4723   4.2566   0.2392   1.3466   0.1687   0.4089   0.3108   0.0589   0.0000  -0.0163  -0.0835    0.302
    63  33.0943   0.1156   1.4835   4.2274   0.3930   1.3246   0.1689   0.4077   0.3099   0.0464   0.0000  -0.0153  -0.0821    0.299
    64  33.1649   0.2254   1.5002   4.1839   0.5386   1.3191   0.1684   0.4109   0.3124   0.0437   0.0000  -0.0136  -0.0811    0.294
    65  33.2578   0.3698   1.5221   4.1268   0.6730   1.3165   0.1668   0.4162   0.3164   0.0424   0.0000  -0.0116  -0.0803    0.287
    66  33.3719   0.5474   1.5490   4.0565   0.7936   1.3139   0.1640   0.4230   0.3215   0.0414   0.0000  -0.0095  -0.0796    0.280
    67  33.5097   0.7617   1.5816   3.9717   0.9441   1.3105   0.1595   0.4313   0.3278   0.0406   0.0000  -0.0075  -0.0793    0.273
    68  33.6704   1.0116   1.6195   3.8728   1.0344   1.3055   0.1531   0.4410   0.3352   0.0400   0.0000  -0.0057  -0.0794    0.267
    69  33.8488   1.2891   1.6616   3.7630   1.1046   1.2987   0.1450   0.4518   0.3434   0.0396   0.0000  -0.0041  -0.0799    0.262
    70  34.0430   1.5912   1.7075   3.6435   1.1542   1.2901   0.1357   0.4638   0.3525   0.0394   0.0000  -0.0028  -0.0808    0.258
    71  34.2510   1.9146   1.7565   3.5155   1.1831   1.2795   0.1265   0.4770   0.3626   0.0394   0.0000  -0.0018  -0.0821    0.255
    72  34.4703   2.2558   1.8083   3.3805   1.1921   1.2670   0.1183   0.4915   0.3736   0.0394   0.0000  -0.0009  -0.0838    0.252
    73  34.6987   2.6109   1.8622   3.2400   1.1821   1.2525   0.1119   0.5072   0.3855   0.0395   0.0000  -0.0002  -0.0857    0.250
    74  34.9335   2.9762   1.9177   3.0955   1.1548   1.2356   0.1073   0.5240   0.3983   0.0396   0.0000   0.0006  -0.0879    0.249
    75  35.1723   3.3476   1.9740   2.9485   1.1122   1.2161   0.1041   0.5417   0.4118   0.0396   0.0000   0.0013  -0.0903    0.247
    76  35.4124   3.7210   2.0307   2.8008   1.0564   1.1934   0.1020   0.5600   0.4256   0.0396   0.0000   0.0020  -0.0927    0.245
    77  35.6512   4.0924   2.0871   2.6538   0.9900   1.1668   0.1008   0.5782   0.4394   0.0394   0.0000   0.0029  -0.0950    0.243
    78  35.8861   4.4577   2.1425   2.5093   0.9155   1.1357   0.1004   0.5955   0.4526   0.0390   0.0000   0.0039  -0.0970    0.241
    79  36.1144   4.8128   2.1964   2.3687   0.8353   1.0993   0.1009   0.6110   0.4644   0.0384   0.0000   0.0051  -0.0985    0.239
    80  36.3338   5.1540   2.2482   2.2338   0.7518   1.0569   0.1022   0.6233   0.4738   0.0375   0.0000   0.0067  -0.0992    0.236
    81  36.5417   5.4774   2.2973   2.1058   0.6671   1.0076   0.1045   0.6307   0.4794   0.0362   0.0000   0.0087  -0.0987    0.232
    82  36.7359   5.7795   2.3431   1.9862   0.5830   0.9506   0.1078   0.6313   0.4798   0.0345   0.0000   0.0112  -0.0967    0.227
    83  36.9144   6.0570   2.3852   1.8764   0.5012   0.8851   0.1118   0.6226   0.4732   0.0323   0.0000   0.0143  -0.0925    0.220
    84  37.0750   6.3069   2.4232   1.7776   0.4225   0.8102   0.1165   0.6020   0.4576   0.0294   0.0000   0.0180  -0.0859    0.211
    85  37.2162   6.5264   2.4565   1.6907   0.3478   0.7254   0.1213   0.5671   0.4310   0.0259   0.0000   0.0220  -0.0767    0.199
    86  37.3480   6.7314   2.4876   1.6096   0.3326   0.6253   0.1264   0.5139   0.3906   0.0217   0.0000   0.0258  -0.0646    0.184
    87  37.4657   6.9144   2.5154   1.5372   0.2507   0.5043   0.1312   0.4345   0.3302   0.0162   0.0000   0.0281  -0.0493    0.165
    88  37.5551   7.0535   2.5365   1.4822   0.1746   0.3702   0.1350   0.3313   0.2518   0.0101   0.0000   0.0265  -0.0333    0.145
    89  37.6153   7.1471   2.5508   1.4451   0.1029   0.2263   0.1377   0.2082   0.1582   0.0043   0.0000   0.0195  -0.0185    0.127
    90  37.6455   7.1941   2.5579   1.4265   0.0340   0.0761   0.1392   0.0717   0.0545  -0.0017   0.0000   0.0072  -0.0058    0.118

  Surface # 4     horizontal_stabilizer (YDUP)            
     # Chordwise = 10   # Spanwise = 30     First strip = 91
     Surface area Ssurf =   20.744605     Ave. chord Cave =    2.848571

 Forces referred to Sref, Cref, Bref about Xref, Yref, Zref
 Standard axis orientation,  X fwd, Z down         
     CLsurf  =   0.06368     Clsurf  =   0.00646
     CYsurf  =   0.01002     Cmsurf  =  -0.24328
     CDsurf  =   0.00647     Cnsurf  =  -0.00424
     CDisurf =   0.00647     CDvsurf =   0.00000

 Forces referred to Ssurf, Cave 
     CLsurf  =   0.38798     CDsurf  =   0.03896

 Strip Forces referred to Strip Area, Chord
    j     Xle      Yle      Zle      Chord    Area     c_cl     ai     cl_norm    cl       cd       cdv    cm_c/4     cm_LE   C.P.x/c
    91  33.0230  -0.0046   1.4667   4.2713   0.0803   1.6390   0.1680   0.4544   0.3454   0.2498   0.0000  -0.0161   0.0976    0.297
    92  33.0469  -0.0418   1.4723   4.2566   0.2392   1.3466   0.1687   0.4089   0.3108   0.0589   0.0000  -0.0163   0.0835    0.302
    93  33.0943  -0.1156   1.4835   4.2274   0.3930   1.3246   0.1689   0.4077   0.3099   0.0464   0.0000  -0.0153   0.0821    0.299
    94  33.1649  -0.2254   1.5002   4.1839   0.5386   1.3191   0.1684   0.4109   0.3124   0.0437   0.0000  -0.0136   0.0811    0.294
    95  33.2578  -0.3698   1.5221   4.1268   0.6730   1.3165   0.1668   0.4162   0.3164   0.0424   0.0000  -0.0116   0.0803    0.287
    96  33.3719  -0.5474   1.5490   4.0565   0.7936   1.3139   0.1640   0.4230   0.3215   0.0414   0.0000  -0.0095   0.0796    0.280
    97  33.5097  -0.7617   1.5816   3.9717   0.9441   1.3105   0.1595   0.4313   0.3278   0.0406   0.0000  -0.0075   0.0793    0.273
    98  33.6704  -1.0116   1.6195   3.8728   1.0344   1.3055   0.1531   0.4410   0.3352   0.0400   0.0000  -0.0057   0.0794    0.267
    99  33.8488  -1.2891   1.6616   3.7630   1.1046   1.2987   0.1450   0.4518   0.3434   0.0396   0.0000  -0.0041   0.0799    0.262
   100  34.0430  -1.5912   1.7075   3.6435   1.1542   1.2901   0.1357   0.4638   0.3525   0.0394   0.0000  -0.0028   0.0808    0.258
   101  34.2510  -1.9146   1.7565   3.5155   1.1831   1.2795   0.1265   0.4770   0.3626   0.0394   0.0000  -0.0018   0.0821    0.255
   102  34.4703  -2.2558   1.8083   3.3805   1.1921   1.2670   0.1183   0.4915   0.3736   0.0394   0.0000  -0.0009   0.0838    0.252
   103  34.6987  -2.6109   1.8622   3.2400   1.1821   1.2525   0.1119   0.5072   0.3855   0.0395   0.0000  -0.0002   0.0857    0.250
   104  34.9335  -2.9762   1.9177   3.0955   1.1548   1.2356   0.1073   0.5240   0.3983   0.0396   0.0000   0.0006   0.0879    0.249
   105  35.1723  -3.3476   1.9740   2.9485   1.1122   1.2161   0.1041   0.5417   0.4118   0.0396   0.0000   0.0013   0.0903    0.247
   106  35.4124  -3.7210   2.0307   2.8008   1.0564   1.1934   0.1020   0.5600   0.4256   0.0396   0.0000   0.0020   0.0927    0.245
   107  35.6512  -4.0924   2.0871   2.6538   0.9900   1.1668   0.1008   0.5782   0.4394   0.0394   0.0000   0.0029   0.0950    0.243
   108  35.8861  -4.4577   2.1425   2.5093   0.9155   1.1357   0.1004   0.5955   0.4526   0.0390   0.0000   0.0039   0.0970    0.241
   109  36.1144  -4.8128   2.1964   2.3687   0.8353   1.0993   0.1009   0.6110   0.4644   0.0384   0.0000   0.0051   0.0985    0.239
   110  36.3338  -5.1540   2.2482   2.2338   0.7518   1.0569   0.1022   0.6233   0.4738   0.0375   0.0000   0.0067   0.0992    0.236
   111  36.5417  -5.4774   2.2973   2.1058   0.6671   1.0076   0.1045   0.6307   0.4794   0.0362   0.0000   0.0087   0.0987    0.232
   112  36.7359  -5.7795   2.3431   1.9862   0.5830   0.9506   0.1078   0.6313   0.4798   0.0345   0.0000   0.0112   0.0967    0.227
   113  36.9144  -6.0570   2.3852   1.8764   0.5012   0.8851   0.1118   0.6226   0.4732   0.0323   0.0000   0.0143   0.0925    0.220
   114  37.0750  -6.3069   2.4232   1.7776   0.4225   0.8102   0.1165   0.6020   0.4576   0.0294   0.0000   0.0180   0.0859    0.211
   115  37.2162  -6.5264   2.4565   1.6907   0.3478   0.7254   0.1213   0.5671   0.4310   0.0259   0.0000   0.0220   0.0767    0.199
   116  37.3480  -6.7314   2.4876   1.6096   0.3326   0.6253   0.1264   0.5139   0.3906   0.0217   0.0000   0.0258   0.0646    0.184
   117  37.4657  -6.9144   2.5154   1.5372   0.2507   0.5043   0.1312   0.4345   0.3302   0.0162   0.0000   0.0281   0.0493    0.165
   118  37.5551  -7.0535   2.5365   1.4822   0.1746   0.3702   0.1350   0.3313   0.2518   0.0101   0.0000   0.0265   0.0333    0.145
   119  37.6153  -7.1471   2.5508   1.4451   0.1029   0.2263   0.1377   0.2082   0.1582   0.0043   0.0000   0.0195   0.0185    0.127
   120  37.6455  -7.1941   2.5579   1.4265   0.0340   0.0761   0.1392   0.0717   0.0545  -0.0017   0.0000   0.0072   0.0058    0.118

  Surface # 5     vertical_stabilizer                     
     # Chordwise = 10   # Spanwise = 30     First strip =121
     Surface area Ssurf =   34.910363     Ave. chord Cave =    4.190920

 Forces referred to Sref, Cref, Bref about Xref, Yref, Zref
 Standard axis orientation,  X fwd, Z down         
     CLsurf  =  -0.00000     Clsurf  =  -0.00000
     CYsurf  =  -0.00000     Cmsurf  =   0.00000
     CDsurf  =  -0.00000     Cnsurf  =   0.00000
     CDisurf =  -0.00000     CDvsurf =   0.00000

 Forces referred to Ssurf, Cave 
     CLsurf  =   0.00000     CDsurf  =  -0.00000

 Strip Forces referred to Strip Area, Chord
    j     Xle      Yle      Zle      Chord    Area     c_cl     ai     cl_norm    cl       cd       cdv    cm_c/4     cm_LE   C.P.x/c
   121  27.0137   0.0000   1.5690  10.0347   0.6931  -0.0000   0.0000  -0.0000  -0.0000   0.0000   0.0000   0.0000   0.0000    0.329
   122  27.2327   0.0000   1.6601   9.8296   1.1101  -0.0000   0.0000  -0.0000  -0.0000  -0.0000   0.0000   0.0000   0.0000    0.459
   123  27.5561   0.0000   1.7947   9.5266   1.4857  -0.0000  -0.0000  -0.0000  -0.0000  -0.0000   0.0000  -0.0000  -0.0000   -0.559
   124  27.9815   0.0000   1.9717   9.1281   1.8040   0.0000   0.0000   0.0000   0.0000  -0.0000   0.0000  -0.0000  -0.0000  999.000
   125  28.5051   0.0000   2.1895   8.6377   2.0517   0.0000  -0.0000   0.0000   0.0000  -0.0000   0.0000  -0.0000  -0.0000  999.000
   126  29.1220   0.0000   2.4462   8.0598   2.2181  -0.0000  -0.0000  -0.0000  -0.0000   0.0000   0.0000   0.0000   0.0000    0.508
   127  29.8264   0.0000   2.7392   7.4000   2.2957   0.0000  -0.0000   0.0000   0.0000  -0.0000   0.0000  -0.0000  -0.0000    1.284
   128  30.6115   0.0000   3.0659   6.6646   2.2808   0.0000  -0.0000   0.0000   0.0000  -0.0000   0.0000  -0.0000  -0.0000  999.000
   129  31.4694   0.0000   3.4228   5.8609   2.1733  -0.0000  -0.0000  -0.0000  -0.0000   0.0000   0.0000   0.0000   0.0000    1.546
   130  32.3918   0.0000   3.8066   4.9969   1.9773   0.0000   0.0000   0.0000   0.0000  -0.0000   0.0000  -0.0000  -0.0000    0.280
   131  33.0131   0.0000   4.1929   4.4389   1.6667  -0.0000  -0.0000  -0.0000  -0.0000   0.0000   0.0000   0.0000   0.0000    0.914
   132  33.3001   0.0000   4.5764   4.2198   1.6478  -0.0000   0.0000  -0.0000  -0.0000   0.0000   0.0000   0.0000   0.0000    0.945
   133  33.5969   0.0000   4.9729   3.9932   1.6033  -0.0000  -0.0000  -0.0000  -0.0000   0.0000   0.0000   0.0000   0.0000    1.168
   134  33.9004   0.0000   5.3784   3.7615   1.5362   0.0000   0.0000   0.0000   0.0000   0.0000   0.0000   0.0000   0.0000  999.000
   135  34.2075   0.0000   5.7886   3.5271   1.4499   0.0000  -0.0000   0.0000   0.0000  -0.0000   0.0000   0.0000   0.0000  999.000
   136  34.5150   0.0000   6.1995   3.2923   1.3482   0.0000   0.0000   0.0000   0.0000  -0.0000   0.0000  -0.0000  -0.0000    0.664
   137  34.8197   0.0000   6.6066   3.0597   1.2352  -0.0000  -0.0000  -0.0000  -0.0000   0.0000   0.0000   0.0000   0.0000  999.000
   138  35.1185   0.0000   7.0058   2.8315   1.1147   0.0000   0.0000   0.0000   0.0000  -0.0000   0.0000  -0.0000  -0.0000    1.723
   139  35.4083   0.0000   7.3929   2.6103   0.9908   0.0000  -0.0000   0.0000   0.0000  -0.0000   0.0000  -0.0000  -0.0000    1.673
   140  35.6860   0.0000   7.7640   2.3983   0.8670  -0.0000  -0.0000  -0.0000  -0.0000   0.0000   0.0000   0.0000   0.0000  999.000
   141  35.9487   0.0000   8.1150   2.1977   0.7464   0.0000  -0.0000   0.0000   0.0000  -0.0000   0.0000   0.0000  -0.0000   -0.020
   142  36.1937   0.0000   8.4424   2.0106   0.6318   0.0000  -0.0000   0.0000   0.0000   0.0000   0.0000  -0.0000  -0.0000    1.925
   143  36.4185   0.0000   8.7426   1.8390   0.5251   0.0000   0.0000   0.0000   0.0000  -0.0000   0.0000  -0.0000  -0.0000    1.007
   144  36.6206   0.0000   9.0127   1.6847   0.4276   0.0000  -0.0000   0.0000   0.0000   0.0000   0.0000  -0.0000  -0.0000  999.000
   145  36.7980   0.0000   9.2496   1.5493   0.3400  -0.0000  -0.0000  -0.0000  -0.0000   0.0000   0.0000   0.0000   0.0000    1.221
   146  36.9487   0.0000   9.4510   1.4342   0.2622   0.0000   0.0000   0.0000   0.0000  -0.0000   0.0000  -0.0000  -0.0000    0.823
   147  37.0713   0.0000   9.6148   1.3407   0.1933   0.0000   0.0000   0.0000   0.0000  -0.0000   0.0000  -0.0000  -0.0000    0.740
   148  37.1643   0.0000   9.7391   1.2696   0.1322  -0.0000  -0.0000  -0.0000  -0.0000   0.0000   0.0000   0.0000   0.0000  999.000
   149  37.2269   0.0000   9.8227   1.2218   0.0769  -0.0000  -0.0000  -0.0000  -0.0000  -0.0000   0.0000   0.0000   0.0000    1.822
   150  37.2584   0.0000   9.8647   1.1978   0.0252   0.0000   0.0000   0.0000   0.0000   0.0000   0.0000   0.0000   0.0000  999.000

  Surface # 6     fuselage_horizontal                     
     # Chordwise = 10   # Spanwise = 10     First strip =151
     Surface area Ssurf =  123.841199     Ave. chord Cave =   33.112620

 Forces referred to Sref, Cref, Bref about Xref, Yref, Zref
 Standard axis orientation,  X fwd, Z down         
     CLsurf  =   0.01749     Clsurf  =  -0.00000
     CYsurf  =  -0.00000     Cmsurf  =   0.10437
     CDsurf  =  -0.00020     Cnsurf  =   0.00000
     CDisurf =  -0.00020     CDvsurf =   0.00000

 Forces referred to Ssurf, Cave 
     CLsurf  =   0.01763     CDsurf  =  -0.00020

 Strip Forces referred to Strip Area, Chord
    j     Xle      Yle      Zle      Chord    Area     c_cl     ai     cl_norm    cl       cd       cdv    cm_c/4     cm_LE   C.P.x/c
   151   5.0231  -1.6830   0.0000  26.5957   9.9468   0.4037   0.2569   0.1527   0.0164  -0.0053   0.0000   0.0064   0.0003   -0.140
   152   2.9203  -1.3090   0.0000  31.2096  11.6724   0.5618   0.2725   0.0666   0.0186  -0.0016   0.0000   0.0081   0.0009   -0.188
   153   1.6676  -0.9350   0.0000  34.0626  12.7394   0.6114   0.2466   0.0427   0.0182  -0.0001   0.0000   0.0099   0.0018   -0.294
   154   0.7666  -0.5610   0.0000  36.1620  13.5246   0.6384   0.2363   0.0292   0.0177   0.0011   0.0000   0.0108   0.0028   -0.358
   155   0.1963  -0.1870   0.0000  37.5333  14.0374   0.6542   0.2348   0.0198   0.0171   0.0032   0.0000   0.0110   0.0046   -0.391
   156   0.1963   0.1870   0.0000  37.5333  14.0374   0.6542   0.2348   0.0198   0.0171   0.0032   0.0000   0.0110   0.0046   -0.391
   157   0.7666   0.5610   0.0000  36.1620  13.5246   0.6384   0.2363   0.0292   0.0177   0.0011   0.0000   0.0108   0.0028   -0.358
   158   1.6676   0.9350   0.0000  34.0626  12.7394   0.6114   0.2466   0.0427   0.0182  -0.0001   0.0000   0.0099   0.0018   -0.294
   159   2.9202   1.3090   0.0000  31.2096  11.6724   0.5618   0.2725   0.0666   0.0186  -0.0016   0.0000   0.0081   0.0009   -0.188
   160   5.0231   1.6830   0.0000  26.5957   9.9468   0.4037   0.2569   0.1527   0.0164  -0.0053   0.0000   0.0064   0.0003   -0.140

  Surface # 7     fuselage_vertical                       
     # Chordwise = 10   # Spanwise = 10     First strip =161
     Surface area Ssurf =  123.841199     Ave. chord Cave =   33.112620

 Forces referred to Sref, Cref, Bref about Xref, Yref, Zref
 Standard axis orientation,  X fwd, Z down         
     CLsurf  =  -0.00000     Clsurf  =  -0.00000
     CYsurf  =   0.00000     Cmsurf  =   0.00000
     CDsurf  =  -0.00000     Cnsurf  =  -0.00000
     CDisurf =  -0.00000     CDvsurf =   0.00000

 Forces referred to Ssurf, Cave 
     CLsurf  =  -0.00000     CDsurf  =  -0.00000

 Strip Forces referred to Strip Area, Chord
    j     Xle      Yle      Zle      Chord    Area     c_cl     ai     cl_norm    cl       cd       cdv    cm_c/4     cm_LE   C.P.x/c
   161   5.0231   0.0000  -1.6830  26.5957   9.9468   0.0000  -0.0000   0.0000   0.0000   0.0000   0.0000  -0.0000  -0.0000  999.000
   162   2.9203   0.0000  -1.3090  31.2096  11.6724  -0.0000  -0.0000  -0.0000  -0.0000  -0.0000   0.0000  -0.0000  -0.0000  999.000
   163   1.6676   0.0000  -0.9350  34.0626  12.7394  -0.0000  -0.0000  -0.0000  -0.0000   0.0000   0.0000  -0.0000  -0.0000    0.104
   164   0.7666   0.0000  -0.5610  36.1620  13.5246  -0.0000  -0.0000  -0.0000  -0.0000   0.0000   0.0000  -0.0000  -0.0000    0.234
   165   0.1963   0.0000  -0.1870  37.5333  14.0374  -0.0000  -0.0000  -0.0000  -0.0000   0.0000   0.0000   0.0000   0.0000    0.572
   166   0.1963   0.0000   0.1870  37.5333  14.0374  -0.0000   0.0000  -0.0000  -0.0000  -0.0000   0.0000   0.0000   0.0000    0.674
   167   0.7666   0.0000   0.5610  36.1620  13.5246  -0.0000   0.0000  -0.0000  -0.0000  -0.0000   0.0000   0.0000   0.0000    0.822
   168   1.6676   0.0000   0.9350  34.0626  12.7394  -0.0000   0.0000  -0.0000  -0.0000  -0.0000   0.0000   0.0000   0.0000    0.699
   169   2.9202   0.0000   1.3090  31.2096  11.6724  -0.0000  -0.0000  -0.0000  -0.0000  -0.0000   0.0000   0.0000   0.0000    0.809
   170   5.0231   0.0000   1.6830  26.5957   9.9468  -0.0000   0.0000  -0.0000  -0.0000   0.0000   0.0000   0.0000   0.0000    0.868
 ---------------------------------------------------------------
