 ---------------------------------------------------------------
 Surface and Strip Forces by surface

  Sref =  124.86       Cref =  4.4875       Bref =  34.320    
  Xref =  18.914       Yref =  0.0000       Zref =-0.17619    

  Surface # 1     main_wing                               
     # Chordwise = 10   # Spanwise = 30     First strip =  1
     Surface area Ssurf =   63.968838     Ave. chord Cave =    3.715026

 Forces referred to Sref, Cref, Bref about Xref, Yref, Zref
 Standard axis orientation,  X fwd, Z down         
     CLsurf  =   0.30207     Clsurf  =  -0.05775
     CYsurf  =  -0.01800     Cmsurf  =  -0.01038
     CDsurf  =   0.00824     Cnsurf  =  -0.00503
     CDisurf =   0.00824     CDvsurf =   0.00000

 Forces referred to Ssurf, Cave 
     CLsurf  =   0.59064     CDsurf  =   0.01608

 Strip Forces referred to Strip Area, Chord
    j     Xle      Yle      Zle      Chord    Area     c_cl     ai     cl_norm    cl       cd       cdv    cm_c/4     cm_LE   C.P.x/c
     1  13.6181   0.0114  -0.9295   7.7520   0.3539   3.9793   0.1387   0.6201   0.4800   0.4026   0.0000  -0.0294  -0.1293    0.311
     2  13.6830   0.1025  -0.9255   7.6885   1.0492   3.7061   0.1382   0.6159   0.4768   0.0810   0.0000  -0.0294  -0.1229    0.312
     3  13.8120   0.2837  -0.9176   7.5620   1.7073   3.6810   0.1367   0.6243   0.4833   0.0608   0.0000  -0.0275  -0.1223    0.307
     4  14.0037   0.5530  -0.9059   7.3741   2.3052   3.6619   0.1338   0.6378   0.4938   0.0539   0.0000  -0.0246  -0.1220    0.300
     5  14.2560   0.9075  -0.8904   7.1267   2.8223   3.6305   0.1287   0.6551   0.5072   0.0480   0.0000  -0.0215  -0.1221    0.292
     6  14.5662   1.3432  -0.8714   6.8226   3.2414   3.5784   0.1189   0.6753   0.5228   0.0421   0.0000  -0.0187  -0.1229    0.286
     7  14.9309   1.8554  -0.8490   6.4651   3.5491   3.4992   0.1014   0.6977   0.5402   0.0360   0.0000  -0.0165  -0.1246    0.281
     8  15.3460   2.4386  -0.8236   6.0582   3.7368   3.3883   0.0835   0.7219   0.5588   0.0296   0.0000  -0.0152  -0.1272    0.277
     9  15.8070   3.0862  -0.7953   5.6062   3.8005   3.2438   0.0714   0.7477   0.5788   0.0224   0.0000  -0.0147  -0.1308    0.275
    10  16.2877   3.7613  -0.7658   5.1351   3.4440   3.0752   0.0602   0.7748   0.5998   0.0156   0.0000  -0.0148  -0.1350    0.275
    11  16.7803   4.4532  -0.7356   4.6522   3.3149   2.8905   0.0475   0.8047   0.6229   0.0091   0.0000  -0.0150  -0.1398    0.274
    12  17.2999   5.1831  -0.7037   4.1429   3.0930   2.6900   0.0287   0.8420   0.6518  -0.0000   0.0000  -0.0150  -0.1455    0.273
    13  17.8026   6.0123  -0.6437   3.7903   3.4706   2.4904   0.0165   0.8086   0.6598  -0.0034   0.0000  -0.0123  -0.1587    0.269
    14  18.2809   6.9353  -0.5549   3.6075   3.3775   2.3355   0.0161   0.7966   0.6501  -0.0023   0.0000  -0.0127  -0.1570    0.270
    15  18.7672   7.8737  -0.4645   3.4215   3.2389   2.1954   0.0141   0.7896   0.6443  -0.0021   0.0000  -0.0134  -0.1562    0.271
    16  19.2562   8.8172  -0.3736   3.2345   3.0619   2.0632   0.0126   0.7849   0.6405  -0.0023   0.0000  -0.0142  -0.1561    0.272
    17  19.7425   9.7556  -0.2833   3.0486   2.8543   1.9354   0.0121   0.7812   0.6375  -0.0025   0.0000  -0.0152  -0.1563    0.274
    18  20.2208  10.6786  -0.1944   2.8657   2.6239   1.8104   0.0122   0.7774   0.6344  -0.0026   0.0000  -0.0166  -0.1569    0.276
    19  20.6858  11.5760  -0.1080   2.6879   2.3787   1.6882   0.0124   0.7728   0.6306  -0.0017   0.0000  -0.0195  -0.1586    0.281
    20  21.1299  12.4328  -0.0255   2.5181   2.1010   1.5713   0.0137   0.7683   0.6270  -0.0070   0.0000  -0.0325  -0.1692    0.302
    21  21.5482  13.2400   0.0523   2.3582   1.8520   1.4600   0.0165   0.7621   0.6219  -0.0048   0.0000  -0.0335  -0.1690    0.304
    22  21.9390  13.9941   0.1249   2.2087   1.6074   1.3510   0.0207   0.7529   0.6144  -0.0041   0.0000  -0.0329  -0.1668    0.304
    23  22.2979  14.6868   0.1916   2.0715   1.3716   1.2405   0.0267   0.7370   0.6014  -0.0035   0.0000  -0.0314  -0.1626    0.302
    24  22.6211  15.3105   0.2516   1.9479   1.1479   1.1228   0.0344   0.7094   0.5789  -0.0028   0.0000  -0.0289  -0.1553    0.300
    25  22.9051  15.8583   0.3044   1.8393   0.9381   0.9910   0.0435   0.6630   0.5410  -0.0018   0.0000  -0.0254  -0.1438    0.297
    26  23.1466  16.3244   0.3493   1.7470   0.7427   0.8382   0.0529   0.5902   0.4816   0.0006   0.0000  -0.0234  -0.1287    0.299
    27  23.5299  16.6722   0.3828   1.4928   0.4131   0.6697   0.0618   1.5174   0.4511  -0.0082   0.0000  -0.0126  -0.0608    0.278
    28  23.9809  16.9098   0.4056   1.1466   0.2292   0.4965   0.0731   1.4700   0.4370  -0.0267   0.0000   0.0064  -0.0501    0.235
    29  24.2843  17.0696   0.4210   0.9138   0.1104   0.3067   0.0822   1.1453   0.3405  -0.0395   0.0000   0.0242  -0.0300    0.179
    30  24.4368  17.1499   0.4287   0.7967   0.0322   0.1039   0.0874   0.4491   0.1335  -0.0293   0.0000   0.0165  -0.0084    0.126

  Surface # 2     main_wing (YDUP)                        
     # Chordwise = 10   # Spanwise = 30     First strip = 31
     Surface area Ssurf =   63.968838     Ave. chord Cave =    3.715026

 Forces referred to Sref, Cref, Bref about Xref, Yref, Zref
 Standard axis orientation,  X fwd, Z down         
     CLsurf  =   0.30207     Clsurf  =   0.05775
     CYsurf  =   0.01800     Cmsurf  =  -0.01038
     CDsurf  =   0.00824     Cnsurf  =   0.00503
     CDisurf =   0.00824     CDvsurf =   0.00000

 Forces referred to Ssurf, Cave 
     CLsurf  =   0.59064     CDsurf  =   0.01608

 Strip Forces referred to Strip Area, Chord
    j     Xle      Yle      Zle      Chord    Area     c_cl     ai     cl_norm    cl       cd       cdv    cm_c/4     cm_LE   C.P.x/c
    31  13.6181  -0.0114  -0.9295   7.7520   0.3539   3.9793   0.1387   0.6201   0.4800   0.4026   0.0000  -0.0294   0.1293    0.311
    32  13.6830  -0.1025  -0.9255   7.6885   1.0492   3.7061   0.1382   0.6159   0.4768   0.0810   0.0000  -0.0294   0.1229    0.312
    33  13.8120  -0.2837  -0.9176   7.5620   1.7073   3.6810   0.1367   0.6243   0.4833   0.0608   0.0000  -0.0275   0.1223    0.307
    34  14.0037  -0.5530  -0.9059   7.3741   2.3052   3.6619   0.1338   0.6378   0.4938   0.0539   0.0000  -0.0246   0.1220    0.300
    35  14.2560  -0.9075  -0.8904   7.1267   2.8223   3.6305   0.1287   0.6551   0.5072   0.0480   0.0000  -0.0215   0.1221    0.292
    36  14.5662  -1.3432  -0.8714   6.8226   3.2414   3.5784   0.1189   0.6753   0.5228   0.0421   0.0000  -0.0187   0.1229    0.286
    37  14.9309  -1.8554  -0.8490   6.4651   3.5491   3.4992   0.1014   0.6977   0.5402   0.0360   0.0000  -0.0165   0.1246    0.281
    38  15.3460  -2.4386  -0.8236   6.0582   3.7368   3.3883   0.0835   0.7219   0.5588   0.0296   0.0000  -0.0152   0.1272    0.277
    39  15.8070  -3.0862  -0.7953   5.6062   3.8005   3.2438   0.0714   0.7477   0.5788   0.0224   0.0000  -0.0147   0.1308    0.275
    40  16.2877  -3.7613  -0.7658   5.1351   3.4440   3.0752   0.0602   0.7748   0.5998   0.0156   0.0000  -0.0148   0.1350    0.275
    41  16.7803  -4.4532  -0.7356   4.6522   3.3149   2.8905   0.0475   0.8047   0.6229   0.0091   0.0000  -0.0150   0.1398    0.274
    42  17.2999  -5.1831  -0.7037   4.1429   3.0930   2.6900   0.0287   0.8420   0.6518  -0.0000   0.0000  -0.0150   0.1455    0.273
    43  17.8026  -6.0123  -0.6437   3.7903   3.4706   2.4904   0.0165   0.8086   0.6598  -0.0034   0.0000  -0.0123   0.1587    0.269
    44  18.2809  -6.9353  -0.5549   3.6075   3.3775   2.3355   0.0161   0.7966   0.6501  -0.0023   0.0000  -0.0127   0.1570    0.270
    45  18.7672  -7.8737  -0.4645   3.4215   3.2389   2.1954   0.0141   0.7896   0.6443  -0.0021   0.0000  -0.0134   0.1562    0.271
    46  19.2562  -8.8172  -0.3736   3.2345   3.0619   2.0632   0.0126   0.7849   0.6405  -0.0023   0.0000  -0.0142   0.1561    0.272
    47  19.7425  -9.7556  -0.2833   3.0486   2.8543   1.9354   0.0121   0.7812   0.6375  -0.0025   0.0000  -0.0152   0.1563    0.274
    48  20.2208 -10.6786  -0.1944   2.8657   2.6239   1.8104   0.0122   0.7774   0.6344  -0.0026   0.0000  -0.0166   0.1569    0.276
    49  20.6858 -11.5760  -0.1080   2.6879   2.3787   1.6882   0.0124   0.7728   0.6306  -0.0017   0.0000  -0.0195   0.1586    0.281
    50  21.1299 -12.4328  -0.0255   2.5181   2.1010   1.5713   0.0137   0.7683   0.6270  -0.0070   0.0000  -0.0325   0.1692    0.302
    51  21.5482 -13.2400   0.0523   2.3582   1.8520   1.4600   0.0165   0.7621   0.6219  -0.0048   0.0000  -0.0335   0.1690    0.304
    52  21.9390 -13.9941   0.1249   2.2087   1.6074   1.3510   0.0207   0.7529   0.6144  -0.0041   0.0000  -0.0329   0.1668    0.304
    53  22.2979 -14.6868   0.1916   2.0715   1.3716   1.2405   0.0267   0.7370   0.6014  -0.0035   0.0000  -0.0314   0.1626    0.302
    54  22.6211 -15.3105   0.2516   1.9479   1.1479   1.1228   0.0344   0.7094   0.5789  -0.0028   0.0000  -0.0289   0.1553    0.300
    55  22.9051 -15.8583   0.3044   1.8393   0.9381   0.9910   0.0435   0.6630   0.5410  -0.0018   0.0000  -0.0254   0.1438    0.297
    56  23.1466 -16.3244   0.3493   1.7470   0.7427   0.8382   0.0529   0.5902   0.4816   0.0006   0.0000  -0.0234   0.1287    0.299
    57  23.5299 -16.6722   0.3828   1.4928   0.4131   0.6697   0.0618   1.5174   0.4511  -0.0082   0.0000  -0.0126   0.0608    0.278
    58  23.9809 -16.9098   0.4056   1.1466   0.2292   0.4965   0.0731   1.4700   0.4370  -0.0267   0.0000   0.0064   0.0501    0.235
    59  24.2843 -17.0696   0.4210   0.9138   0.1104   0.3067   0.0822   1.1453   0.3405  -0.0395   0.0000   0.0242   0.0300    0.179
    60  24.4368 -17.1499   0.4287   0.7967   0.0322   0.1039   0.0874   0.4491   0.1335  -0.0293   0.0000   0.0165   0.0084    0.126

  Surface # 3     horizontal_stabilizer                   
     # Chordwise = 10   # Spanwise = 30     First strip = 61
     Surface area Ssurf =   20.744605     Ave. chord Cave =    2.848571

 Forces referred to Sref, Cref, Bref about Xref, Yref, Zref
 Standard axis orientation,  X fwd, Z down         
     CLsurf  =   0.02596     Clsurf  =  -0.00274
     CYsurf  =  -0.00413     Cmsurf  =  -0.09892
     CDsurf  =   0.00150     Cnsurf  =   0.00192
     CDisurf =   0.00150     CDvsurf =   0.00000

 Forces referred to Ssurf, Cave 
     CLsurf  =   0.15822     CDsurf  =   0.00906

 Strip Forces referred to Strip Area, Chord
    j     Xle      Yle      Zle      Chord    Area     c_cl     ai     cl_norm    cl       cd       cdv    cm_c/4     cm_LE   C.P.x/c
    61  33.0230   0.0046   1.4667   4.2713   0.0803   0.5466   0.0908   0.1634   0.1251   0.0382   0.0000  -0.0074  -0.0338    0.309
    62  33.0469   0.0418   1.4723   4.2566   0.2392   0.5044   0.0910   0.1540   0.1180   0.0110   0.0000  -0.0073  -0.0317    0.312
    63  33.0943   0.1156   1.4835   4.2274   0.3930   0.5014   0.0909   0.1544   0.1182   0.0093   0.0000  -0.0070  -0.0315    0.309
    64  33.1649   0.2254   1.5002   4.1839   0.5386   0.5008   0.0905   0.1558   0.1194   0.0090   0.0000  -0.0063  -0.0312    0.303
    65  33.2578   0.3698   1.5221   4.1268   0.6730   0.5007   0.0896   0.1580   0.1210   0.0088   0.0000  -0.0056  -0.0309    0.296
    66  33.3719   0.5474   1.5490   4.0565   0.7936   0.5006   0.0880   0.1607   0.1231   0.0088   0.0000  -0.0048  -0.0307    0.289
    67  33.5097   0.7617   1.5816   3.9717   0.9441   0.5003   0.0857   0.1641   0.1257   0.0087   0.0000  -0.0040  -0.0306    0.282
    68  33.6704   1.0116   1.6195   3.8728   1.0344   0.4997   0.0825   0.1681   0.1288   0.0087   0.0000  -0.0033  -0.0307    0.276
    69  33.8488   1.2891   1.6616   3.7630   1.1046   0.4990   0.0786   0.1728   0.1323   0.0088   0.0000  -0.0028  -0.0310    0.271
    70  34.0430   1.5912   1.7075   3.6435   1.1542   0.4981   0.0742   0.1781   0.1365   0.0089   0.0000  -0.0023  -0.0315    0.267
    71  34.2510   1.9146   1.7565   3.5155   1.1831   0.4972   0.0698   0.1843   0.1412   0.0090   0.0000  -0.0019  -0.0321    0.263
    72  34.4703   2.2558   1.8083   3.3805   1.1921   0.4963   0.0658   0.1914   0.1466   0.0091   0.0000  -0.0015  -0.0330    0.260
    73  34.6987   2.6109   1.8622   3.2400   1.1821   0.4954   0.0625   0.1993   0.1527   0.0093   0.0000  -0.0012  -0.0341    0.258
    74  34.9335   2.9762   1.9177   3.0955   1.1548   0.4944   0.0600   0.2082   0.1595   0.0094   0.0000  -0.0009  -0.0353    0.255
    75  35.1723   3.3476   1.9740   2.9485   1.1122   0.4928   0.0581   0.2179   0.1669   0.0096   0.0000  -0.0005  -0.0366    0.253
    76  35.4124   3.7210   2.0307   2.8008   1.0564   0.4902   0.0566   0.2282   0.1748   0.0097   0.0000  -0.0001  -0.0380    0.251
    77  35.6512   4.0924   2.0871   2.6538   0.9900   0.4859   0.0557   0.2388   0.1829   0.0098   0.0000   0.0003  -0.0393    0.248
    78  35.8861   4.4577   2.1425   2.5093   0.9155   0.4795   0.0552   0.2493   0.1910   0.0098   0.0000   0.0008  -0.0406    0.246
    79  36.1144   4.8128   2.1964   2.3687   0.8353   0.4703   0.0551   0.2591   0.1984   0.0098   0.0000   0.0015  -0.0417    0.243
    80  36.3338   5.1540   2.2482   2.2338   0.7518   0.4576   0.0555   0.2674   0.2048   0.0097   0.0000   0.0023  -0.0424    0.239
    81  36.5417   5.4774   2.2973   2.1058   0.6671   0.4411   0.0563   0.2734   0.2094   0.0094   0.0000   0.0033  -0.0425    0.234
    82  36.7359   5.7795   2.3431   1.9862   0.5830   0.4201   0.0576   0.2762   0.2115   0.0091   0.0000   0.0045  -0.0419    0.229
    83  36.9144   6.0570   2.3852   1.8764   0.5012   0.3943   0.0593   0.2744   0.2102   0.0085   0.0000   0.0061  -0.0403    0.221
    84  37.0750   6.3069   2.4232   1.7776   0.4225   0.3634   0.0613   0.2670   0.2045   0.0079   0.0000   0.0079  -0.0376    0.211
    85  37.2162   6.5264   2.4565   1.6907   0.3478   0.3271   0.0634   0.2527   0.1936   0.0070   0.0000   0.0099  -0.0336    0.199
    86  37.3480   6.7314   2.4876   1.6096   0.3326   0.2832   0.0655   0.2299   0.1761   0.0059   0.0000   0.0117  -0.0283    0.184
    87  37.4657   6.9144   2.5154   1.5372   0.2507   0.2292   0.0675   0.1949   0.1493   0.0045   0.0000   0.0128  -0.0215    0.164
    88  37.5551   7.0535   2.5365   1.4822   0.1746   0.1686   0.0692   0.1488   0.1140   0.0029   0.0000   0.0121  -0.0144    0.144
    89  37.6153   7.1471   2.5508   1.4451   0.1029   0.1032   0.0703   0.0935   0.0716   0.0013   0.0000   0.0089  -0.0080    0.126
    90  37.6455   7.1941   2.5579   1.4265   0.0340   0.0348   0.0709   0.0320   0.0245  -0.0002   0.0000   0.0033  -0.0025    0.115

  Surface # 4     horizontal_stabilizer (YDUP)            
     # Chordwise = 10   # Spanwise = 30     First strip = 91
     Surface area Ssurf =   20.744605     Ave. chord Cave =    2.848571

 Forces referred to Sref, Cref, Bref about Xref, Yref, Zref
 Standard axis orientation,  X fwd, Z down         
     CLsurf  =   0.02596     Clsurf  =   0.00274
     CYsurf  =   0.00413     Cmsurf  =  -0.09892
     CDsurf  =   0.00150     Cnsurf  =  -0.00192
     CDisurf =   0.00150     CDvsurf =   0.00000

 Forces referred to Ssurf, Cave 
     CLsurf  =   0.15822     CDsurf  =   0.00906

 Strip Forces referred to Strip Area, Chord
    j     Xle      Yle      Zle      Chord    Area     c_cl     ai     cl_norm    cl       cd       cdv    cm_c/4     cm_LE   C.P.x/c
    91  33.0230  -0.0046   1.4667   4.2713   0.0803   0.5466   0.0908   0.1634   0.1251   0.0382   0.0000  -0.0074   0.0338    0.309
    92  33.0469  -0.0418   1.4723   4.2566   0.2392   0.5044   0.0910   0.1540   0.1180   0.0110   0.0000  -0.0073   0.0317    0.312
    93  33.0943  -0.1156   1.4835   4.2274   0.3930   0.5014   0.0909   0.1544   0.1182   0.0093   0.0000  -0.0070   0.0315    0.309
    94  33.1649  -0.2254   1.5002   4.1839   0.5386   0.5008   0.0905   0.1558   0.1194   0.0090   0.0000  -0.0063   0.0312    0.303
    95  33.2578  -0.3698   1.5221   4.1268   0.6730   0.5007   0.0896   0.1580   0.1210   0.0088   0.0000  -0.0056   0.0309    0.296
    96  33.3719  -0.5474   1.5490   4.0565   0.7936   0.5006   0.0880   0.1607   0.1231   0.0088   0.0000  -0.0048   0.0307    0.289
    97  33.5097  -0.7617   1.5816   3.9717   0.9441   0.5003   0.0857   0.1641   0.1257   0.0087   0.0000  -0.0040   0.0306    0.282
    98  33.6704  -1.0116   1.6195   3.8728   1.0344   0.4997   0.0825   0.1681   0.1288   0.0087   0.0000  -0.0033   0.0307    0.276
    99  33.8488  -1.2891   1.6616   3.7630   1.1046   0.4990   0.0786   0.1728   0.1323   0.0088   0.0000  -0.0028   0.0310    0.271
   100  34.0430  -1.5912   1.7075   3.6435   1.1542   0.4981   0.0742   0.1781   0.1365   0.0089   0.0000  -0.0023   0.0315    0.267
   101  34.2510  -1.9146   1.7565   3.5155   1.1831   0.4972   0.0698   0.1843   0.1412   0.0090   0.0000  -0.0019   0.0321    0.263
   102  34.4703  -2.2558   1.8083   3.3805   1.1921   0.4963   0.0658   0.1914   0.1466   0.0091   0.0000  -0.0015   0.0330    0.260
   103  34.6987  -2.6109   1.8622   3.2400   1.1821   0.4954   0.0625   0.1993   0.1527   0.0093   0.0000  -0.0012   0.0341    0.258
   104  34.9335  -2.9762   1.9177   3.0955   1.1548   0.4944   0.0600   0.2082   0.1595   0.0094   0.0000  -0.0009   0.0353    0.255
   105  35.1723  -3.3476   1.9740   2.9485   1.1122   0.4928   0.0581   0.2179   0.1669   0.0096   0.0000  -0.0005   0.0366    0.253
   106  35.4124  -3.7210   2.0307   2.8008   1.0564   0.4902   0.0566   0.2282   0.1748   0.0097   0.0000  -0.0001   0.0380    0.251
   107  35.6512  -4.0924   2.0871   2.6538   0.9900   0.4859   0.0557   0.2388   0.1829   0.0098   0.0000   0.0003   0.0393    0.248
   108  35.8861  -4.4577   2.1425   2.5093   0.9155   0.4795   0.0552   0.2493   0.1910   0.0098   0.0000   0.0008   0.0406    0.246
   109  36.1144  -4.8128   2.1964   2.3687   0.8353   0.4703   0.0551   0.2591   0.1984   0.0098   0.0000   0.0015   0.0417    0.243
   110  36.3338  -5.1540   2.2482   2.2338   0.7518   0.4576   0.0555   0.2674   0.2048   0.0097   0.0000   0.0023   0.0424    0.239
   111  36.5417  -5.4774   2.2973   2.1058   0.6671   0.4411   0.0563   0.2734   0.2094   0.0094   0.0000   0.0033   0.0425    0.234
   112  36.7359  -5.7795   2.3431   1.9862   0.5830   0.4201   0.0576   0.2762   0.2115   0.0091   0.0000   0.0045   0.0419    0.229
   113  36.9144  -6.0570   2.3852   1.8764   0.5012   0.3943   0.0593   0.2744   0.2102   0.0085   0.0000   0.0061   0.0403    0.221
   114  37.0750  -6.3069   2.4232   1.7776   0.4225   0.3634   0.0613   0.2670   0.2045   0.0079   0.0000   0.0079   0.0376    0.211
   115  37.2162  -6.5264   2.4565   1.6907   0.3478   0.3271   0.0634   0.2527   0.1936   0.0070   0.0000   0.0099   0.0336    0.199
   116  37.3480  -6.7314   2.4876   1.6096   0.3326   0.2832   0.0655   0.2299   0.1761   0.0059   0.0000   0.0117   0.0283    0.184
   117  37.4657  -6.9144   2.5154   1.5372   0.2507   0.2292   0.0675   0.1949   0.1493   0.0045   0.0000   0.0128   0.0215    0.164
   118  37.5551  -7.0535   2.5365   1.4822   0.1746   0.1686   0.0692   0.1488   0.1140   0.0029   0.0000   0.0121   0.0144    0.144
   119  37.6153  -7.1471   2.5508   1.4451   0.1029   0.1032   0.0703   0.0935   0.0716   0.0013   0.0000   0.0089   0.0080    0.126
   120  37.6455  -7.1941   2.5579   1.4265   0.0340   0.0348   0.0709   0.0320   0.0245  -0.0002   0.0000   0.0033   0.0025    0.115

  Surface # 5     vertical_stabilizer                     
     # Chordwise = 10   # Spanwise = 30     First strip =121
     Surface area Ssurf =   34.910363     Ave. chord Cave =    4.190920

 Forces referred to Sref, Cref, Bref about Xref, Yref, Zref
 Standard axis orientation,  X fwd, Z down         
     CLsurf  =   0.00000     Clsurf  =   0.00000
     CYsurf  =   0.00000     Cmsurf  =  -0.00000
     CDsurf  =  -0.00000     Cnsurf  =  -0.00000
     CDisurf =  -0.00000     CDvsurf =   0.00000

 Forces referred to Ssurf, Cave 
     CLsurf  =  -0.00000     CDsurf  =  -0.00000

 Strip Forces referred to Strip Area, Chord
    j     Xle      Yle      Zle      Chord    Area     c_cl     ai     cl_norm    cl       cd       cdv    cm_c/4     cm_LE   C.P.x/c
   121  27.0137   0.0000   1.5690  10.0347   0.6931  -0.0000   0.0000  -0.0000  -0.0000   0.0000   0.0000   0.0000   0.0000    0.496
   122  27.2327   0.0000   1.6601   9.8296   1.1101  -0.0000   0.0000  -0.0000  -0.0000   0.0000   0.0000  -0.0000  -0.0000   -0.236
   123  27.5561   0.0000   1.7947   9.5266   1.4857   0.0000  -0.0000   0.0000   0.0000  -0.0000   0.0000  -0.0000  -0.0000  999.000
   124  27.9815   0.0000   1.9717   9.1281   1.8040   0.0000   0.0000   0.0000   0.0000   0.0000   0.0000  -0.0000  -0.0000  999.000
   125  28.5051   0.0000   2.1895   8.6377   2.0517   0.0000  -0.0000   0.0000   0.0000   0.0000   0.0000  -0.0000  -0.0000  999.000
   126  29.1220   0.0000   2.4462   8.0598   2.2181   0.0000   0.0000   0.0000   0.0000   0.0000   0.0000  -0.0000  -0.0000  999.000
   127  29.8264   0.0000   2.7392   7.4000   2.2957   0.0000  -0.0000   0.0000   0.0000  -0.0000   0.0000  -0.0000  -0.0000  999.000
   128  30.6115   0.0000   3.0659   6.6646   2.2808   0.0000   0.0000   0.0000   0.0000  -0.0000   0.0000  -0.0000  -0.0000    1.270
   129  31.4694   0.0000   3.4228   5.8609   2.1733   0.0000   0.0000   0.0000   0.0000  -0.0000   0.0000  -0.0000  -0.0000  999.000
   130  32.3918   0.0000   3.8066   4.9969   1.9773   0.0000   0.0000   0.0000   0.0000   0.0000   0.0000  -0.0000  -0.0000  999.000
   131  33.0131   0.0000   4.1929   4.4389   1.6667  -0.0000  -0.0000  -0.0000  -0.0000   0.0000   0.0000   0.0000   0.0000    0.337
   132  33.3001   0.0000   4.5764   4.2198   1.6478  -0.0000  -0.0000  -0.0000  -0.0000  -0.0000   0.0000  -0.0000  -0.0000   -0.635
   133  33.5969   0.0000   4.9729   3.9932   1.6033  -0.0000  -0.0000  -0.0000  -0.0000   0.0000   0.0000  -0.0000   0.0000   -0.063
   134  33.9004   0.0000   5.3784   3.7615   1.5362  -0.0000   0.0000  -0.0000  -0.0000  -0.0000   0.0000  -0.0000  -0.0000  999.000
   135  34.2075   0.0000   5.7886   3.5271   1.4499  -0.0000   0.0000  -0.0000  -0.0000   0.0000   0.0000  -0.0000   0.0000    0.068
   136  34.5150   0.0000   6.1995   3.2923   1.3482  -0.0000  -0.0000  -0.0000  -0.0000  -0.0000   0.0000   0.0000   0.0000    0.795
   137  34.8197   0.0000   6.6066   3.0597   1.2352  -0.0000   0.0000  -0.0000  -0.0000  -0.0000   0.0000   0.0000   0.0000    0.835
   138  35.1185   0.0000   7.0058   2.8315   1.1147  -0.0000  -0.0000  -0.0000  -0.0000  -0.0000   0.0000   0.0000   0.0000    0.375
   139  35.4083   0.0000   7.3929   2.6103   0.9908  -0.0000   0.0000  -0.0000  -0.0000   0.0000   0.0000   0.0000   0.0000    0.443
   140  35.6860   0.0000   7.7640   2.3983   0.8670  -0.0000  -0.0000  -0.0000  -0.0000  -0.0000   0.0000  -0.0000  -0.0000  999.000
   141  35.9487   0.0000   8.1150   2.1977   0.7464   0.0000   0.0000   0.0000   0.0000  -0.0000   0.0000  -0.0000  -0.0000  999.000
   142  36.1937   0.0000   8.4424   2.0106   0.6318  -0.0000   0.0000  -0.0000  -0.0000   0.0000   0.0000  -0.0000  -0.0000   -0.291
   143  36.4185   0.0000   8.7426   1.8390   0.5251  -0.0000  -0.0000  -0.0000  -0.0000  -0.0000   0.0000   0.0000   0.0000    0.641
   144  36.6206   0.0000   9.0127   1.6847   0.4276  -0.0000   0.0000  -0.0000  -0.0000  -0.0000   0.0000  -0.0000   0.0000    0.190
   145  36.7980   0.0000   9.2496   1.5493   0.3400  -0.0000  -0.0000  -0.0000  -0.0000  -0.0000   0.0000   0.0000   0.0000    0.409
   146  36.9487   0.0000   9.4510   1.4342   0.2622  -0.0000   0.0000  -0.0000  -0.0000   0.0000   0.0000   0.0000   0.0000    0.461
   147  37.0713   0.0000   9.6148   1.3407   0.1933  -0.0000  -0.0000  -0.0000  -0.0000   0.0000   0.0000   0.0000   0.0000    0.729
   148  37.1643   0.0000   9.7391   1.2696   0.1322  -0.0000  -0.0000  -0.0000  -0.0000  -0.0000   0.0000   0.0000   0.0000    0.399
   149  37.2269   0.0000   9.8227   1.2218   0.0769  -0.0000  -0.0000  -0.0000  -0.0000   0.0000   0.0000   0.0000   0.0000    0.467
   150  37.2584   0.0000   9.8647   1.1978   0.0252  -0.0000   0.0000  -0.0000  -0.0000  -0.0000   0.0000  -0.0000   0.0000    0.138

  Surface # 6     fuselage_horizontal                     
     # Chordwise = 10   # Spanwise = 10     First strip =151
     Surface area Ssurf =  123.841199     Ave. chord Cave =   33.112620

 Forces referred to Sref, Cref, Bref about Xref, Yref, Zref
 Standard axis orientation,  X fwd, Z down         
     CLsurf  =   0.00633     Clsurf  =   0.00000
     CYsurf  =   0.00000     Cmsurf  =   0.04929
     CDsurf  =  -0.00022     Cnsurf  =  -0.00000
     CDisurf =  -0.00022     CDvsurf =   0.00000

 Forces referred to Ssurf, Cave 
     CLsurf  =   0.00638     CDsurf  =  -0.00023

 Strip Forces referred to Strip Area, Chord
    j     Xle      Yle      Zle      Chord    Area     c_cl     ai     cl_norm    cl       cd       cdv    cm_c/4     cm_LE   C.P.x/c
   151   5.0231  -1.6830   0.0000  26.5957   9.9468   0.1384   0.1262   0.0624   0.0054  -0.0019   0.0000   0.0037   0.0003   -0.431
   152   2.9203  -1.3090   0.0000  31.2096  11.6724   0.2015   0.1375   0.0250   0.0065  -0.0007   0.0000   0.0044   0.0007   -0.429
   153   1.6676  -0.9350   0.0000  34.0626  12.7394   0.2247   0.1313   0.0160   0.0066  -0.0002   0.0000   0.0051   0.0012   -0.526
   154   0.7666  -0.5610   0.0000  36.1620  13.5246   0.2382   0.1301   0.0110   0.0066   0.0002   0.0000   0.0055   0.0017   -0.580
   155   0.1963  -0.1870   0.0000  37.5333  14.0374   0.2458   0.1313   0.0075   0.0065   0.0008   0.0000   0.0055   0.0027   -0.603
   156   0.1963   0.1870   0.0000  37.5333  14.0374   0.2458   0.1313   0.0075   0.0065   0.0008   0.0000   0.0055   0.0027   -0.603
   157   0.7666   0.5610   0.0000  36.1620  13.5246   0.2382   0.1301   0.0110   0.0066   0.0002   0.0000   0.0055   0.0017   -0.580
   158   1.6676   0.9350   0.0000  34.0626  12.7394   0.2247   0.1313   0.0160   0.0066  -0.0002   0.0000   0.0051   0.0012   -0.526
   159   2.9202   1.3090   0.0000  31.2096  11.6724   0.2015   0.1375   0.0250   0.0065  -0.0007   0.0000   0.0044   0.0007   -0.429
   160   5.0231   1.6830   0.0000  26.5957   9.9468   0.1384   0.1262   0.0624   0.0054  -0.0019   0.0000   0.0037   0.0003   -0.431

  Surface # 7     fuselage_vertical                       
     # Chordwise = 10   # Spanwise = 10     First strip =161
     Surface area Ssurf =  123.841199     Ave. chord Cave =   33.112620

 Forces referred to Sref, Cref, Bref about Xref, Yref, Zref
 Standard axis orientation,  X fwd, Z down         
     CLsurf  =   0.00000     Clsurf  =  -0.00000
     CYsurf  =   0.00000     Cmsurf  =  -0.00000
     CDsurf  =  -0.00000     Cnsurf  =  -0.00000
     CDisurf =  -0.00000     CDvsurf =   0.00000

 Forces referred to Ssurf, Cave 
     CLsurf  =  -0.00000     CDsurf  =  -0.00000

 Strip Forces referred to Strip Area, Chord
    j     Xle      Yle      Zle      Chord    Area     c_cl     ai     cl_norm    cl       cd       cdv    cm_c/4     cm_LE   C.P.x/c
   161   5.0231   0.0000  -1.6830  26.5957   9.9468  -0.0000  -0.0000  -0.0000  -0.0000   0.0000   0.0000  -0.0000  -0.0000   -0.025
   162   2.9203   0.0000  -1.3090  31.2096  11.6724  -0.0000  -0.0000  -0.0000  -0.0000  -0.0000   0.0000   0.0000   0.0000    0.833
   163   1.6676   0.0000  -0.9350  34.0626  12.7394  -0.0000  -0.0000  -0.0000  -0.0000   0.0000   0.0000   0.0000   0.0000    0.692
   164   0.7666   0.0000  -0.5610  36.1620  13.5246  -0.0000   0.0000  -0.0000  -0.0000  -0.0000   0.0000   0.0000   0.0000    0.656
   165   0.1963   0.0000  -0.1870  37.5333  14.0374  -0.0000   0.0000  -0.0000  -0.0000  -0.0000   0.0000  -0.0000  -0.0000   -0.121
   166   0.1963   0.0000   0.1870  37.5333  14.0374  -0.0000   0.0000  -0.0000  -0.0000  -0.0000   0.0000   0.0000   0.0000    0.880
   167   0.7666   0.0000   0.5610  36.1620  13.5246  -0.0000  -0.0000  -0.0000  -0.0000  -0.0000   0.0000   0.0000   0.0000    0.409
   168   1.6676   0.0000   0.9350  34.0626  12.7394  -0.0000   0.0000  -0.0000  -0.0000  -0.0000   0.0000   0.0000   0.0000    0.301
   169   2.9202   0.0000   1.3090  31.2096  11.6724  -0.0000  -0.0000  -0.0000  -0.0000  -0.0000   0.0000   0.0000   0.0000    0.922
   170   5.0231   0.0000   1.6830  26.5957   9.9468  -0.0000  -0.0000  -0.0000  -0.0000   0.0000   0.0000   0.0000   0.0000    1.123
 ---------------------------------------------------------------
