 ---------------------------------------------------------------
 Surface and Strip Forces by surface

  Sref =  124.86       Cref =  4.4875       Bref =  34.320    
  Xref =  18.914       Yref =  0.0000       Zref =-0.17619    

  Surface # 1     main_wing                               
     # Chordwise = 10   # Spanwise = 30     First strip =  1
     Surface area Ssurf =   63.968838     Ave. chord Cave =    3.715026

 Forces referred to Sref, Cref, Bref about Xref, Yref, Zref
 Standard axis orientation,  X fwd, Z down         
     CLsurf  =   0.37594     Clsurf  =  -0.07270
     CYsurf  =  -0.02024     Cmsurf  =  -0.01444
     CDsurf  =   0.01238     Cnsurf  =  -0.00903
     CDisurf =   0.01238     CDvsurf =   0.00000

 Forces referred to Ssurf, Cave 
     CLsurf  =   0.73478     CDsurf  =   0.02416

 Strip Forces referred to Strip Area, Chord
    j     Xle      Yle      Zle      Chord    Area     c_cl     ai     cl_norm    cl       cd       cdv    cm_c/4     cm_LE   C.P.x/c
     1  13.6181   0.0114  -0.9295   7.7520   0.3539   4.8538   0.1734   0.7233   0.5602   0.5741   0.0000  -0.0339  -0.1564    0.310
     2  13.6830   0.1025  -0.9255   7.6885   1.0492   4.4641   0.1731   0.7370   0.5708   0.1153   0.0000  -0.0340  -0.1472    0.310
     3  13.8120   0.2837  -0.9176   7.5620   1.7073   4.4300   0.1716   0.7483   0.5796   0.0866   0.0000  -0.0317  -0.1464    0.305
     4  14.0037   0.5530  -0.9059   7.3741   2.3052   4.4078   0.1686   0.7654   0.5928   0.0768   0.0000  -0.0281  -0.1460    0.297
     5  14.2560   0.9075  -0.8904   7.1267   2.8223   4.3732   0.1627   0.7873   0.6098   0.0685   0.0000  -0.0243  -0.1462    0.290
     6  14.5662   1.3432  -0.8714   6.8226   3.2414   4.3163   0.1499   0.8134   0.6300   0.0604   0.0000  -0.0209  -0.1473    0.283
     7  14.9309   1.8554  -0.8490   6.4651   3.5491   4.2300   0.1246   0.8428   0.6528   0.0521   0.0000  -0.0181  -0.1495    0.278
     8  15.3460   2.4386  -0.8236   6.0582   3.7368   4.1087   0.0993   0.8753   0.6780   0.0434   0.0000  -0.0163  -0.1530    0.274
     9  15.8070   3.0862  -0.7953   5.6062   3.8005   3.9498   0.0858   0.9111   0.7057   0.0338   0.0000  -0.0156  -0.1578    0.272
    10  16.2877   3.7613  -0.7658   5.1351   3.4440   3.7632   0.0742   0.9494   0.7353   0.0246   0.0000  -0.0155  -0.1635    0.271
    11  16.7803   4.4532  -0.7356   4.6522   3.3149   3.5574   0.0603   0.9923   0.7685   0.0156   0.0000  -0.0155  -0.1702    0.270
    12  17.2999   5.1831  -0.7037   4.1429   3.0930   3.3330   0.0390   1.0462   0.8102   0.0025   0.0000  -0.0152  -0.1781    0.269
    13  17.8026   6.0123  -0.6437   3.7903   3.4706   3.1021   0.0248   1.0124   0.8249  -0.0024   0.0000  -0.0110  -0.1948    0.263
    14  18.2809   6.9353  -0.5549   3.6075   3.3775   2.9225   0.0231   1.0020   0.8163  -0.0011   0.0000  -0.0114  -0.1933    0.264
    15  18.7672   7.8737  -0.4645   3.4215   3.2389   2.7580   0.0196   0.9970   0.8123  -0.0012   0.0000  -0.0120  -0.1929    0.265
    16  19.2562   8.8172  -0.3736   3.2345   3.0619   2.6007   0.0171   0.9945   0.8103  -0.0017   0.0000  -0.0127  -0.1931    0.266
    17  19.7425   9.7556  -0.2833   3.0486   2.8543   2.4472   0.0163   0.9930   0.8090  -0.0023   0.0000  -0.0136  -0.1936    0.267
    18  20.2208  10.6786  -0.1944   2.8657   2.6239   2.2957   0.0164   0.9911   0.8075  -0.0028   0.0000  -0.0149  -0.1944    0.269
    19  20.6858  11.5760  -0.1080   2.6879   2.3787   2.1464   0.0170   0.9878   0.8048  -0.0018   0.0000  -0.0176  -0.1962    0.272
    20  21.1299  12.4328  -0.0255   2.5181   2.1010   2.0019   0.0187   0.9844   0.8020  -0.0087   0.0000  -0.0303  -0.2066    0.288
    21  21.5482  13.2400   0.0523   2.3582   1.8520   1.8628   0.0223   0.9777   0.7966  -0.0061   0.0000  -0.0310  -0.2061    0.289
    22  21.9390  13.9941   0.1249   2.2087   1.6074   1.7252   0.0277   0.9667   0.7876  -0.0053   0.0000  -0.0302  -0.2034    0.288
    23  22.2979  14.6868   0.1916   2.0715   1.3716   1.5847   0.0352   0.9467   0.7713  -0.0045   0.0000  -0.0283  -0.1981    0.287
    24  22.6211  15.3105   0.2516   1.9479   1.1479   1.4344   0.0449   0.9112   0.7424  -0.0036   0.0000  -0.0252  -0.1888    0.284
    25  22.9051  15.8583   0.3044   1.8393   0.9381   1.2657   0.0563   0.8512   0.6935  -0.0018   0.0000  -0.0212  -0.1744    0.281
    26  23.1466  16.3244   0.3493   1.7470   0.7427   1.0701   0.0680   0.7571   0.6168   0.0029   0.0000  -0.0200  -0.1563    0.282
    27  23.5299  16.6722   0.3828   1.4928   0.4131   0.8545   0.0793   1.9328   0.5785  -0.0143   0.0000  -0.0106  -0.0763    0.268
    28  23.9809  16.9098   0.4056   1.1466   0.2292   0.6335   0.0939   1.8778   0.5621  -0.0438   0.0000   0.0128  -0.0632    0.227
    29  24.2843  17.0696   0.4210   0.9138   0.1104   0.3914   0.1056   1.4688   0.4397  -0.0649   0.0000   0.0344  -0.0378    0.172
    30  24.4368  17.1499   0.4287   0.7967   0.0322   0.1326   0.1122   0.5806   0.1738  -0.0490   0.0000   0.0226  -0.0105    0.120

  Surface # 2     main_wing (YDUP)                        
     # Chordwise = 10   # Spanwise = 30     First strip = 31
     Surface area Ssurf =   63.968838     Ave. chord Cave =    3.715026

 Forces referred to Sref, Cref, Bref about Xref, Yref, Zref
 Standard axis orientation,  X fwd, Z down         
     CLsurf  =   0.37594     Clsurf  =   0.07270
     CYsurf  =   0.02024     Cmsurf  =  -0.01444
     CDsurf  =   0.01238     Cnsurf  =   0.00903
     CDisurf =   0.01238     CDvsurf =   0.00000

 Forces referred to Ssurf, Cave 
     CLsurf  =   0.73478     CDsurf  =   0.02416

 Strip Forces referred to Strip Area, Chord
    j     Xle      Yle      Zle      Chord    Area     c_cl     ai     cl_norm    cl       cd       cdv    cm_c/4     cm_LE   C.P.x/c
    31  13.6181  -0.0114  -0.9295   7.7520   0.3539   4.8538   0.1734   0.7233   0.5602   0.5741   0.0000  -0.0339   0.1564    0.310
    32  13.6830  -0.1025  -0.9255   7.6885   1.0492   4.4641   0.1731   0.7370   0.5708   0.1153   0.0000  -0.0340   0.1472    0.310
    33  13.8120  -0.2837  -0.9176   7.5620   1.7073   4.4300   0.1716   0.7483   0.5796   0.0866   0.0000  -0.0317   0.1464    0.305
    34  14.0037  -0.5530  -0.9059   7.3741   2.3052   4.4078   0.1686   0.7654   0.5928   0.0768   0.0000  -0.0281   0.1460    0.297
    35  14.2560  -0.9075  -0.8904   7.1267   2.8223   4.3732   0.1627   0.7873   0.6098   0.0685   0.0000  -0.0243   0.1462    0.290
    36  14.5662  -1.3432  -0.8714   6.8226   3.2414   4.3163   0.1499   0.8134   0.6300   0.0604   0.0000  -0.0209   0.1473    0.283
    37  14.9309  -1.8554  -0.8490   6.4651   3.5491   4.2300   0.1246   0.8428   0.6528   0.0521   0.0000  -0.0181   0.1495    0.278
    38  15.3460  -2.4386  -0.8236   6.0582   3.7368   4.1087   0.0993   0.8753   0.6780   0.0434   0.0000  -0.0163   0.1530    0.274
    39  15.8070  -3.0862  -0.7953   5.6062   3.8005   3.9498   0.0858   0.9111   0.7057   0.0338   0.0000  -0.0156   0.1578    0.272
    40  16.2877  -3.7613  -0.7658   5.1351   3.4440   3.7632   0.0742   0.9494   0.7353   0.0246   0.0000  -0.0155   0.1635    0.271
    41  16.7803  -4.4532  -0.7356   4.6522   3.3149   3.5574   0.0603   0.9923   0.7685   0.0156   0.0000  -0.0155   0.1702    0.270
    42  17.2999  -5.1831  -0.7037   4.1429   3.0930   3.3330   0.0390   1.0462   0.8102   0.0025   0.0000  -0.0152   0.1781    0.269
    43  17.8026  -6.0123  -0.6437   3.7903   3.4706   3.1021   0.0248   1.0124   0.8249  -0.0024   0.0000  -0.0110   0.1948    0.263
    44  18.2809  -6.9353  -0.5549   3.6075   3.3775   2.9225   0.0231   1.0020   0.8163  -0.0011   0.0000  -0.0114   0.1933    0.264
    45  18.7672  -7.8737  -0.4645   3.4215   3.2389   2.7580   0.0196   0.9970   0.8123  -0.0012   0.0000  -0.0120   0.1929    0.265
    46  19.2562  -8.8172  -0.3736   3.2345   3.0619   2.6007   0.0171   0.9945   0.8103  -0.0017   0.0000  -0.0127   0.1931    0.266
    47  19.7425  -9.7556  -0.2833   3.0486   2.8543   2.4472   0.0163   0.9930   0.8090  -0.0023   0.0000  -0.0136   0.1936    0.267
    48  20.2208 -10.6786  -0.1944   2.8657   2.6239   2.2957   0.0164   0.9911   0.8075  -0.0028   0.0000  -0.0149   0.1944    0.269
    49  20.6858 -11.5760  -0.1080   2.6879   2.3787   2.1464   0.0170   0.9878   0.8048  -0.0018   0.0000  -0.0176   0.1962    0.272
    50  21.1299 -12.4328  -0.0255   2.5181   2.1010   2.0019   0.0187   0.9844   0.8020  -0.0087   0.0000  -0.0303   0.2066    0.288
    51  21.5482 -13.2400   0.0523   2.3582   1.8520   1.8628   0.0223   0.9777   0.7966  -0.0061   0.0000  -0.0310   0.2061    0.289
    52  21.9390 -13.9941   0.1249   2.2087   1.6074   1.7252   0.0277   0.9667   0.7876  -0.0053   0.0000  -0.0302   0.2034    0.288
    53  22.2979 -14.6868   0.1916   2.0715   1.3716   1.5847   0.0352   0.9467   0.7713  -0.0045   0.0000  -0.0283   0.1981    0.287
    54  22.6211 -15.3105   0.2516   1.9479   1.1479   1.4344   0.0449   0.9112   0.7424  -0.0036   0.0000  -0.0252   0.1888    0.284
    55  22.9051 -15.8583   0.3044   1.8393   0.9381   1.2657   0.0563   0.8512   0.6935  -0.0018   0.0000  -0.0212   0.1744    0.281
    56  23.1466 -16.3244   0.3493   1.7470   0.7427   1.0701   0.0680   0.7571   0.6168   0.0029   0.0000  -0.0200   0.1563    0.282
    57  23.5299 -16.6722   0.3828   1.4928   0.4131   0.8545   0.0793   1.9328   0.5785  -0.0143   0.0000  -0.0106   0.0763    0.268
    58  23.9809 -16.9098   0.4056   1.1466   0.2292   0.6335   0.0939   1.8778   0.5621  -0.0438   0.0000   0.0128   0.0632    0.227
    59  24.2843 -17.0696   0.4210   0.9138   0.1104   0.3914   0.1056   1.4688   0.4397  -0.0649   0.0000   0.0344   0.0378    0.172
    60  24.4368 -17.1499   0.4287   0.7967   0.0322   0.1326   0.1122   0.5806   0.1738  -0.0490   0.0000   0.0226   0.0105    0.120

  Surface # 3     horizontal_stabilizer                   
     # Chordwise = 10   # Spanwise = 30     First strip = 61
     Surface area Ssurf =   20.744605     Ave. chord Cave =    2.848571

 Forces referred to Sref, Cref, Bref about Xref, Yref, Zref
 Standard axis orientation,  X fwd, Z down         
     CLsurf  =   0.04114     Clsurf  =  -0.00425
     CYsurf  =  -0.00651     Cmsurf  =  -0.15678
     CDsurf  =   0.00309     Cnsurf  =   0.00291
     CDisurf =   0.00309     CDvsurf =   0.00000

 Forces referred to Ssurf, Cave 
     CLsurf  =   0.25070     CDsurf  =   0.01861

 Strip Forces referred to Strip Area, Chord
    j     Xle      Yle      Zle      Chord    Area     c_cl     ai     cl_norm    cl       cd       cdv    cm_c/4     cm_LE   C.P.x/c
    61  33.0230   0.0046   1.4667   4.2713   0.0803   0.9541   0.1213   0.2788   0.2128   0.0997   0.0000  -0.0110  -0.0577    0.302
    62  33.0469   0.0418   1.4723   4.2566   0.2392   0.8399   0.1217   0.2563   0.1956   0.0257   0.0000  -0.0109  -0.0522    0.306
    63  33.0943   0.1156   1.4835   4.2274   0.3930   0.8314   0.1218   0.2562   0.1956   0.0209   0.0000  -0.0103  -0.0515    0.303
    64  33.1649   0.2254   1.5002   4.1839   0.5386   0.8294   0.1213   0.2585   0.1973   0.0199   0.0000  -0.0093  -0.0510    0.297
    65  33.2578   0.3698   1.5221   4.1268   0.6730   0.8286   0.1201   0.2619   0.1999   0.0194   0.0000  -0.0080  -0.0505    0.290
    66  33.3719   0.5474   1.5490   4.0565   0.7936   0.8277   0.1181   0.2663   0.2032   0.0191   0.0000  -0.0067  -0.0501    0.283
    67  33.5097   0.7617   1.5816   3.9717   0.9441   0.8263   0.1149   0.2716   0.2073   0.0188   0.0000  -0.0054  -0.0500    0.276
    68  33.6704   1.0116   1.6195   3.8728   1.0344   0.8242   0.1104   0.2779   0.2121   0.0187   0.0000  -0.0043  -0.0501    0.270
    69  33.8488   1.2891   1.6616   3.7630   1.1046   0.8211   0.1048   0.2850   0.2175   0.0186   0.0000  -0.0034  -0.0504    0.265
    70  34.0430   1.5912   1.7075   3.6435   1.1542   0.8172   0.0984   0.2931   0.2237   0.0186   0.0000  -0.0026  -0.0511    0.261
    71  34.2510   1.9146   1.7565   3.5155   1.1831   0.8124   0.0921   0.3020   0.2305   0.0187   0.0000  -0.0019  -0.0520    0.258
    72  34.4703   2.2558   1.8083   3.3805   1.1921   0.8069   0.0864   0.3120   0.2381   0.0189   0.0000  -0.0014  -0.0532    0.256
    73  34.6987   2.6109   1.8622   3.2400   1.1821   0.8005   0.0819   0.3231   0.2466   0.0190   0.0000  -0.0009  -0.0547    0.254
    74  34.9335   2.9762   1.9177   3.0955   1.1548   0.7930   0.0785   0.3351   0.2557   0.0191   0.0000  -0.0004  -0.0563    0.252
    75  35.1723   3.3476   1.9740   2.9485   1.1122   0.7841   0.0761   0.3479   0.2655   0.0193   0.0000   0.0001  -0.0580    0.250
    76  35.4124   3.7210   2.0307   2.8008   1.0564   0.7732   0.0744   0.3613   0.2758   0.0193   0.0000   0.0006  -0.0598    0.248
    77  35.6512   4.0924   2.0871   2.6538   0.9900   0.7599   0.0733   0.3749   0.2861   0.0193   0.0000   0.0012  -0.0615    0.246
    78  35.8861   4.4577   2.1425   2.5093   0.9155   0.7434   0.0729   0.3880   0.2961   0.0192   0.0000   0.0019  -0.0631    0.244
    79  36.1144   4.8128   2.1964   2.3687   0.8353   0.7231   0.0730   0.3999   0.3052   0.0190   0.0000   0.0027  -0.0643    0.241
    80  36.3338   5.1540   2.2482   2.2338   0.7518   0.6984   0.0737   0.4097   0.3127   0.0186   0.0000   0.0038  -0.0651    0.238
    81  36.5417   5.4774   2.2973   2.1058   0.6671   0.6686   0.0751   0.4162   0.3177   0.0181   0.0000   0.0052  -0.0650    0.234
    82  36.7359   5.7795   2.3431   1.9862   0.5830   0.6332   0.0772   0.4180   0.3190   0.0173   0.0000   0.0069  -0.0638    0.228
    83  36.9144   6.0570   2.3852   1.8764   0.5012   0.5914   0.0799   0.4134   0.3155   0.0162   0.0000   0.0091  -0.0612    0.221
    84  37.0750   6.3069   2.4232   1.7776   0.4225   0.5429   0.0830   0.4008   0.3059   0.0148   0.0000   0.0116  -0.0569    0.212
    85  37.2162   6.5264   2.4565   1.6907   0.3478   0.4871   0.0862   0.3782   0.2886   0.0131   0.0000   0.0144  -0.0509    0.200
    86  37.3480   6.7314   2.4876   1.6096   0.3326   0.4207   0.0895   0.3433   0.2620   0.0111   0.0000   0.0170  -0.0429    0.185
    87  37.4657   6.9144   2.5154   1.5372   0.2507   0.3398   0.0927   0.2905   0.2217   0.0083   0.0000   0.0187  -0.0327    0.166
    88  37.5551   7.0535   2.5365   1.4822   0.1746   0.2497   0.0953   0.2216   0.1691   0.0053   0.0000   0.0177  -0.0220    0.145
    89  37.6153   7.1471   2.5508   1.4451   0.1029   0.1528   0.0971   0.1392   0.1062   0.0024   0.0000   0.0130  -0.0122    0.127
    90  37.6455   7.1941   2.5579   1.4265   0.0340   0.0514   0.0981   0.0477   0.0364  -0.0006   0.0000   0.0048  -0.0038    0.117

  Surface # 4     horizontal_stabilizer (YDUP)            
     # Chordwise = 10   # Spanwise = 30     First strip = 91
     Surface area Ssurf =   20.744605     Ave. chord Cave =    2.848571

 Forces referred to Sref, Cref, Bref about Xref, Yref, Zref
 Standard axis orientation,  X fwd, Z down         
     CLsurf  =   0.04114     Clsurf  =   0.00425
     CYsurf  =   0.00651     Cmsurf  =  -0.15678
     CDsurf  =   0.00309     Cnsurf  =  -0.00291
     CDisurf =   0.00309     CDvsurf =   0.00000

 Forces referred to Ssurf, Cave 
     CLsurf  =   0.25070     CDsurf  =   0.01861

 Strip Forces referred to Strip Area, Chord
    j     Xle      Yle      Zle      Chord    Area     c_cl     ai     cl_norm    cl       cd       cdv    cm_c/4     cm_LE   C.P.x/c
    91  33.0230  -0.0046   1.4667   4.2713   0.0803   0.9541   0.1213   0.2788   0.2128   0.0997   0.0000  -0.0110   0.0577    0.302
    92  33.0469  -0.0418   1.4723   4.2566   0.2392   0.8399   0.1217   0.2563   0.1956   0.0257   0.0000  -0.0109   0.0522    0.306
    93  33.0943  -0.1156   1.4835   4.2274   0.3930   0.8314   0.1218   0.2562   0.1956   0.0209   0.0000  -0.0103   0.0515    0.303
    94  33.1649  -0.2254   1.5002   4.1839   0.5386   0.8294   0.1213   0.2585   0.1973   0.0199   0.0000  -0.0093   0.0510    0.297
    95  33.2578  -0.3698   1.5221   4.1268   0.6730   0.8286   0.1201   0.2619   0.1999   0.0194   0.0000  -0.0080   0.0505    0.290
    96  33.3719  -0.5474   1.5490   4.0565   0.7936   0.8277   0.1181   0.2663   0.2032   0.0191   0.0000  -0.0067   0.0501    0.283
    97  33.5097  -0.7617   1.5816   3.9717   0.9441   0.8263   0.1149   0.2716   0.2073   0.0188   0.0000  -0.0054   0.0500    0.276
    98  33.6704  -1.0116   1.6195   3.8728   1.0344   0.8242   0.1104   0.2779   0.2121   0.0187   0.0000  -0.0043   0.0501    0.270
    99  33.8488  -1.2891   1.6616   3.7630   1.1046   0.8211   0.1048   0.2850   0.2175   0.0186   0.0000  -0.0034   0.0504    0.265
   100  34.0430  -1.5912   1.7075   3.6435   1.1542   0.8172   0.0984   0.2931   0.2237   0.0186   0.0000  -0.0026   0.0511    0.261
   101  34.2510  -1.9146   1.7565   3.5155   1.1831   0.8124   0.0921   0.3020   0.2305   0.0187   0.0000  -0.0019   0.0520    0.258
   102  34.4703  -2.2558   1.8083   3.3805   1.1921   0.8069   0.0864   0.3120   0.2381   0.0189   0.0000  -0.0014   0.0532    0.256
   103  34.6987  -2.6109   1.8622   3.2400   1.1821   0.8005   0.0819   0.3231   0.2466   0.0190   0.0000  -0.0009   0.0547    0.254
   104  34.9335  -2.9762   1.9177   3.0955   1.1548   0.7930   0.0785   0.3351   0.2557   0.0191   0.0000  -0.0004   0.0563    0.252
   105  35.1723  -3.3476   1.9740   2.9485   1.1122   0.7841   0.0761   0.3479   0.2655   0.0193   0.0000   0.0001   0.0580    0.250
   106  35.4124  -3.7210   2.0307   2.8008   1.0564   0.7732   0.0744   0.3613   0.2758   0.0193   0.0000   0.0006   0.0598    0.248
   107  35.6512  -4.0924   2.0871   2.6538   0.9900   0.7599   0.0733   0.3749   0.2861   0.0193   0.0000   0.0012   0.0615    0.246
   108  35.8861  -4.4577   2.1425   2.5093   0.9155   0.7434   0.0729   0.3880   0.2961   0.0192   0.0000   0.0019   0.0631    0.244
   109  36.1144  -4.8128   2.1964   2.3687   0.8353   0.7231   0.0730   0.3999   0.3052   0.0190   0.0000   0.0027   0.0643    0.241
   110  36.3338  -5.1540   2.2482   2.2338   0.7518   0.6984   0.0737   0.4097   0.3127   0.0186   0.0000   0.0038   0.0651    0.238
   111  36.5417  -5.4774   2.2973   2.1058   0.6671   0.6686   0.0751   0.4162   0.3177   0.0181   0.0000   0.0052   0.0650    0.234
   112  36.7359  -5.7795   2.3431   1.9862   0.5830   0.6332   0.0772   0.4180   0.3190   0.0173   0.0000   0.0069   0.0638    0.228
   113  36.9144  -6.0570   2.3852   1.8764   0.5012   0.5914   0.0799   0.4134   0.3155   0.0162   0.0000   0.0091   0.0612    0.221
   114  37.0750  -6.3069   2.4232   1.7776   0.4225   0.5429   0.0830   0.4008   0.3059   0.0148   0.0000   0.0116   0.0569    0.212
   115  37.2162  -6.5264   2.4565   1.6907   0.3478   0.4871   0.0862   0.3782   0.2886   0.0131   0.0000   0.0144   0.0509    0.200
   116  37.3480  -6.7314   2.4876   1.6096   0.3326   0.4207   0.0895   0.3433   0.2620   0.0111   0.0000   0.0170   0.0429    0.185
   117  37.4657  -6.9144   2.5154   1.5372   0.2507   0.3398   0.0927   0.2905   0.2217   0.0083   0.0000   0.0187   0.0327    0.166
   118  37.5551  -7.0535   2.5365   1.4822   0.1746   0.2497   0.0953   0.2216   0.1691   0.0053   0.0000   0.0177   0.0220    0.145
   119  37.6153  -7.1471   2.5508   1.4451   0.1029   0.1528   0.0971   0.1392   0.1062   0.0024   0.0000   0.0130   0.0122    0.127
   120  37.6455  -7.1941   2.5579   1.4265   0.0340   0.0514   0.0981   0.0477   0.0364  -0.0006   0.0000   0.0048   0.0038    0.117

  Surface # 5     vertical_stabilizer                     
     # Chordwise = 10   # Spanwise = 30     First strip =121
     Surface area Ssurf =   34.910363     Ave. chord Cave =    4.190920

 Forces referred to Sref, Cref, Bref about Xref, Yref, Zref
 Standard axis orientation,  X fwd, Z down         
     CLsurf  =  -0.00000     Clsurf  =   0.00000
     CYsurf  =   0.00000     Cmsurf  =   0.00000
     CDsurf  =  -0.00000     Cnsurf  =  -0.00000
     CDisurf =  -0.00000     CDvsurf =   0.00000

 Forces referred to Ssurf, Cave 
     CLsurf  =  -0.00000     CDsurf  =  -0.00000

 Strip Forces referred to Strip Area, Chord
    j     Xle      Yle      Zle      Chord    Area     c_cl     ai     cl_norm    cl       cd       cdv    cm_c/4     cm_LE   C.P.x/c
   121  27.0137   0.0000   1.5690  10.0347   0.6931  -0.0000   0.0000  -0.0000  -0.0000   0.0000   0.0000   0.0000   0.0000    0.431
   122  27.2327   0.0000   1.6601   9.8296   1.1101  -0.0000  -0.0000  -0.0000  -0.0000  -0.0000   0.0000   0.0000   0.0000    0.480
   123  27.5561   0.0000   1.7947   9.5266   1.4857  -0.0000  -0.0000  -0.0000  -0.0000  -0.0000   0.0000  -0.0000   0.0000    0.037
   124  27.9815   0.0000   1.9717   9.1281   1.8040  -0.0000   0.0000  -0.0000  -0.0000  -0.0000   0.0000  -0.0000  -0.0000   -0.683
   125  28.5051   0.0000   2.1895   8.6377   2.0517  -0.0000   0.0000  -0.0000  -0.0000  -0.0000   0.0000  -0.0000  -0.0000  999.000
   126  29.1220   0.0000   2.4462   8.0598   2.2181  -0.0000  -0.0000  -0.0000  -0.0000  -0.0000   0.0000   0.0000   0.0000    0.719
   127  29.8264   0.0000   2.7392   7.4000   2.2957   0.0000   0.0000   0.0000   0.0000   0.0000   0.0000  -0.0000  -0.0000  999.000
   128  30.6115   0.0000   3.0659   6.6646   2.2808  -0.0000   0.0000  -0.0000  -0.0000  -0.0000   0.0000  -0.0000   0.0000   -0.233
   129  31.4694   0.0000   3.4228   5.8609   2.1733  -0.0000  -0.0000  -0.0000  -0.0000   0.0000   0.0000   0.0000   0.0000    1.186
   130  32.3918   0.0000   3.8066   4.9969   1.9773  -0.0000   0.0000  -0.0000  -0.0000   0.0000   0.0000   0.0000   0.0000    1.698
   131  33.0131   0.0000   4.1929   4.4389   1.6667  -0.0000  -0.0000  -0.0000  -0.0000   0.0000   0.0000   0.0000   0.0000    0.703
   132  33.3001   0.0000   4.5764   4.2198   1.6478  -0.0000   0.0000  -0.0000  -0.0000   0.0000   0.0000   0.0000   0.0000    0.466
   133  33.5969   0.0000   4.9729   3.9932   1.6033  -0.0000  -0.0000  -0.0000  -0.0000  -0.0000   0.0000   0.0000   0.0000    0.762
   134  33.9004   0.0000   5.3784   3.7615   1.5362  -0.0000  -0.0000  -0.0000  -0.0000   0.0000   0.0000   0.0000   0.0000    1.537
   135  34.2075   0.0000   5.7886   3.5271   1.4499   0.0000  -0.0000   0.0000   0.0000  -0.0000   0.0000   0.0000   0.0000  999.000
   136  34.5150   0.0000   6.1995   3.2923   1.3482   0.0000   0.0000   0.0000   0.0000  -0.0000   0.0000  -0.0000  -0.0000    0.911
   137  34.8197   0.0000   6.6066   3.0597   1.2352  -0.0000  -0.0000  -0.0000  -0.0000  -0.0000   0.0000   0.0000   0.0000    0.746
   138  35.1185   0.0000   7.0058   2.8315   1.1147  -0.0000  -0.0000  -0.0000  -0.0000   0.0000   0.0000  -0.0000  -0.0000  999.000
   139  35.4083   0.0000   7.3929   2.6103   0.9908  -0.0000   0.0000  -0.0000  -0.0000   0.0000   0.0000  -0.0000  -0.0000  999.000
   140  35.6860   0.0000   7.7640   2.3983   0.8670  -0.0000  -0.0000  -0.0000  -0.0000   0.0000   0.0000   0.0000   0.0000    1.209
   141  35.9487   0.0000   8.1150   2.1977   0.7464   0.0000   0.0000   0.0000   0.0000  -0.0000   0.0000   0.0000   0.0000  999.000
   142  36.1937   0.0000   8.4424   2.0106   0.6318  -0.0000  -0.0000  -0.0000  -0.0000  -0.0000   0.0000  -0.0000  -0.0000   -0.133
   143  36.4185   0.0000   8.7426   1.8390   0.5251   0.0000   0.0000   0.0000   0.0000  -0.0000   0.0000  -0.0000  -0.0000    1.899
   144  36.6206   0.0000   9.0127   1.6847   0.4276  -0.0000  -0.0000  -0.0000  -0.0000   0.0000   0.0000  -0.0000  -0.0000  999.000
   145  36.7980   0.0000   9.2496   1.5493   0.3400  -0.0000  -0.0000  -0.0000  -0.0000   0.0000   0.0000   0.0000   0.0000    0.901
   146  36.9487   0.0000   9.4510   1.4342   0.2622   0.0000   0.0000   0.0000   0.0000   0.0000   0.0000  -0.0000  -0.0000    1.484
   147  37.0713   0.0000   9.6148   1.3407   0.1933   0.0000   0.0000   0.0000   0.0000   0.0000   0.0000  -0.0000  -0.0000    1.918
   148  37.1643   0.0000   9.7391   1.2696   0.1322  -0.0000  -0.0000  -0.0000  -0.0000  -0.0000   0.0000   0.0000   0.0000    0.761
   149  37.2269   0.0000   9.8227   1.2218   0.0769  -0.0000  -0.0000  -0.0000  -0.0000   0.0000   0.0000   0.0000   0.0000    1.252
   150  37.2584   0.0000   9.8647   1.1978   0.0252  -0.0000   0.0000  -0.0000  -0.0000   0.0000   0.0000   0.0000   0.0000    1.324

  Surface # 6     fuselage_horizontal                     
     # Chordwise = 10   # Spanwise = 10     First strip =151
     Surface area Ssurf =  123.841199     Ave. chord Cave =   33.112620

 Forces referred to Sref, Cref, Bref about Xref, Yref, Zref
 Standard axis orientation,  X fwd, Z down         
     CLsurf  =   0.01087     Clsurf  =  -0.00000
     CYsurf  =   0.00000     Cmsurf  =   0.07184
     CDsurf  =  -0.00025     Cnsurf  =   0.00000
     CDisurf =  -0.00025     CDvsurf =   0.00000

 Forces referred to Ssurf, Cave 
     CLsurf  =   0.01096     CDsurf  =  -0.00025

 Strip Forces referred to Strip Area, Chord
    j     Xle      Yle      Zle      Chord    Area     c_cl     ai     cl_norm    cl       cd       cdv    cm_c/4     cm_LE   C.P.x/c
   151   5.0231  -1.6830   0.0000  26.5957   9.9468   0.2467   0.1783   0.1045   0.0097  -0.0030   0.0000   0.0048   0.0003   -0.244
   152   2.9203  -1.3090   0.0000  31.2096  11.6724   0.3492   0.1912   0.0426   0.0114  -0.0010   0.0000   0.0060   0.0008   -0.273
   153   1.6676  -0.9350   0.0000  34.0626  12.7394   0.3837   0.1772   0.0272   0.0114  -0.0002   0.0000   0.0071   0.0014   -0.374
   154   0.7666  -0.5610   0.0000  36.1620  13.5246   0.4027   0.1723   0.0186   0.0112   0.0005   0.0000   0.0076   0.0022   -0.434
   155   0.1963  -0.1870   0.0000  37.5333  14.0374   0.4134   0.1724   0.0126   0.0109   0.0016   0.0000   0.0078   0.0035   -0.462
   156   0.1963   0.1870   0.0000  37.5333  14.0374   0.4134   0.1724   0.0126   0.0109   0.0016   0.0000   0.0078   0.0035   -0.462
   157   0.7666   0.5610   0.0000  36.1620  13.5246   0.4027   0.1723   0.0186   0.0112   0.0005   0.0000   0.0076   0.0022   -0.434
   158   1.6676   0.9350   0.0000  34.0626  12.7394   0.3837   0.1772   0.0272   0.0114  -0.0002   0.0000   0.0071   0.0014   -0.374
   159   2.9202   1.3090   0.0000  31.2096  11.6724   0.3492   0.1912   0.0426   0.0114  -0.0010   0.0000   0.0060   0.0008   -0.273
   160   5.0231   1.6830   0.0000  26.5957   9.9468   0.2467   0.1783   0.1045   0.0097  -0.0030   0.0000   0.0048   0.0003   -0.244

  Surface # 7     fuselage_vertical                       
     # Chordwise = 10   # Spanwise = 10     First strip =161
     Surface area Ssurf =  123.841199     Ave. chord Cave =   33.112620

 Forces referred to Sref, Cref, Bref about Xref, Yref, Zref
 Standard axis orientation,  X fwd, Z down         
     CLsurf  =  -0.00000     Clsurf  =  -0.00000
     CYsurf  =   0.00000     Cmsurf  =   0.00000
     CDsurf  =   0.00000     Cnsurf  =  -0.00000
     CDisurf =   0.00000     CDvsurf =   0.00000

 Forces referred to Ssurf, Cave 
     CLsurf  =  -0.00000     CDsurf  =   0.00000

 Strip Forces referred to Strip Area, Chord
    j     Xle      Yle      Zle      Chord    Area     c_cl     ai     cl_norm    cl       cd       cdv    cm_c/4     cm_LE   C.P.x/c
   161   5.0231   0.0000  -1.6830  26.5957   9.9468   0.0000  -0.0000   0.0000   0.0000   0.0000   0.0000  -0.0000  -0.0000  999.000
   162   2.9203   0.0000  -1.3090  31.2096  11.6724  -0.0000  -0.0000  -0.0000  -0.0000   0.0000   0.0000  -0.0000  -0.0000  999.000
   163   1.6676   0.0000  -0.9350  34.0626  12.7394  -0.0000   0.0000  -0.0000  -0.0000   0.0000   0.0000   0.0000   0.0000    0.363
   164   0.7666   0.0000  -0.5610  36.1620  13.5246  -0.0000  -0.0000  -0.0000  -0.0000   0.0000   0.0000   0.0000   0.0000    0.377
   165   0.1963   0.0000  -0.1870  37.5333  14.0374  -0.0000  -0.0000  -0.0000  -0.0000   0.0000   0.0000   0.0000   0.0000    0.618
   166   0.1963   0.0000   0.1870  37.5333  14.0374  -0.0000   0.0000  -0.0000  -0.0000   0.0000   0.0000   0.0000   0.0000    0.653
   167   0.7666   0.0000   0.5610  36.1620  13.5246  -0.0000   0.0000  -0.0000  -0.0000   0.0000   0.0000   0.0000   0.0000    0.805
   168   1.6676   0.0000   0.9350  34.0626  12.7394  -0.0000   0.0000  -0.0000  -0.0000   0.0000   0.0000   0.0000   0.0000    0.629
   169   2.9202   0.0000   1.3090  31.2096  11.6724  -0.0000  -0.0000  -0.0000  -0.0000  -0.0000   0.0000   0.0000   0.0000    0.732
   170   5.0231   0.0000   1.6830  26.5957   9.9468  -0.0000   0.0000  -0.0000  -0.0000  -0.0000   0.0000   0.0000   0.0000    0.831
 ---------------------------------------------------------------
