 ---------------------------------------------------------------
 Surface and Strip Forces by surface

  Sref =  124.86       Cref =  4.4875       Bref =  34.320    
  Xref =  18.914       Yref =  0.0000       Zref =-0.17619    

  Surface # 1     main_wing                               
     # Chordwise = 10   # Spanwise = 30     First strip =  1
     Surface area Ssurf =   63.968838     Ave. chord Cave =    3.715026

 Forces referred to Sref, Cref, Bref about Xref, Yref, Zref
 Standard axis orientation,  X fwd, Z down         
     CLsurf  =   0.17819     Clsurf  =  -0.03230
     CYsurf  =  -0.01184     Cmsurf  =  -0.00188
     CDsurf  =   0.00325     Cnsurf  =  -0.00104
     CDisurf =   0.00325     CDvsurf =   0.00000

 Forces referred to Ssurf, Cave 
     CLsurf  =   0.34857     CDsurf  =   0.00634

 Strip Forces referred to Strip Area, Chord
    j     Xle      Yle      Zle      Chord    Area     c_cl     ai     cl_norm    cl       cd       cdv    cm_c/4     cm_LE   C.P.x/c
     1  13.6181   0.0114  -0.9295   7.7520   0.3539   2.5589   0.0848   0.4185   0.3242   0.1758   0.0000  -0.0200  -0.0838    0.312
     2  13.6830   0.1025  -0.9255   7.6885   1.0492   2.4407   0.0842   0.4084   0.3164   0.0369   0.0000  -0.0200  -0.0812    0.313
     3  13.8120   0.2837  -0.9176   7.5620   1.7073   2.4275   0.0826   0.4134   0.3202   0.0280   0.0000  -0.0188  -0.0809    0.309
     4  14.0037   0.5530  -0.9059   7.3741   2.3052   2.4129   0.0799   0.4216   0.3265   0.0247   0.0000  -0.0170  -0.0807    0.302
     5  14.2560   0.9075  -0.8904   7.1267   2.8223   2.3861   0.0758   0.4315   0.3343   0.0218   0.0000  -0.0151  -0.0807    0.295
     6  14.5662   1.3432  -0.8714   6.8226   3.2414   2.3412   0.0706   0.4424   0.3427   0.0188   0.0000  -0.0134  -0.0811    0.289
     7  14.9309   1.8554  -0.8490   6.4651   3.5491   2.2732   0.0648   0.4535   0.3513   0.0156   0.0000  -0.0123  -0.0819    0.285
     8  15.3460   2.4386  -0.8236   6.0582   3.7368   2.1787   0.0578   0.4640   0.3594   0.0122   0.0000  -0.0117  -0.0831    0.283
     9  15.8070   3.0862  -0.7953   5.6062   3.8005   2.0566   0.0478   0.4735   0.3668   0.0084   0.0000  -0.0119  -0.0847    0.282
    10  16.2877   3.7613  -0.7658   5.1351   3.4440   1.9166   0.0372   0.4819   0.3733   0.0049   0.0000  -0.0123  -0.0863    0.283
    11  16.7803   4.4532  -0.7356   4.6522   3.3149   1.7658   0.0265   0.4902   0.3797   0.0019   0.0000  -0.0129  -0.0881    0.284
    12  17.2999   5.1831  -0.7037   4.1429   3.0930   1.6042   0.0114   0.5003   0.3875  -0.0022   0.0000  -0.0135  -0.0901    0.285
    13  17.8026   6.0123  -0.6437   3.7903   3.4706   1.4521   0.0024   0.4683   0.3834  -0.0035   0.0000  -0.0130  -0.0971    0.284
    14  18.2809   6.9353  -0.5549   3.6075   3.3775   1.3369   0.0040   0.4530   0.3709  -0.0027   0.0000  -0.0136  -0.0948    0.287
    15  18.7672   7.8737  -0.4645   3.4215   3.2389   1.2371   0.0044   0.4420   0.3619  -0.0023   0.0000  -0.0143  -0.0934    0.290
    16  19.2562   8.8172  -0.3736   3.2345   3.0619   1.1465   0.0044   0.4333   0.3547  -0.0021   0.0000  -0.0152  -0.0926    0.293
    17  19.7425   9.7556  -0.2833   3.0486   2.8543   1.0618   0.0045   0.4257   0.3486  -0.0020   0.0000  -0.0163  -0.0922    0.297
    18  20.2208  10.6786  -0.1944   2.8657   2.6239   0.9813   0.0044   0.4186   0.3427  -0.0018   0.0000  -0.0178  -0.0923    0.302
    19  20.6858  11.5760  -0.1080   2.6879   2.3787   0.9047   0.0041   0.4114   0.3368  -0.0011   0.0000  -0.0208  -0.0937    0.312
    20  21.1299  12.4328  -0.0255   2.5181   2.1010   0.8343   0.0044   0.4051   0.3317  -0.0036   0.0000  -0.0342  -0.1043    0.353
    21  21.5482  13.2400   0.0523   2.3582   1.8520   0.7706   0.0060   0.3995   0.3271  -0.0025   0.0000  -0.0355  -0.1045    0.358
    22  21.9390  13.9941   0.1249   2.2087   1.6074   0.7107   0.0084   0.3934   0.3220  -0.0020   0.0000  -0.0355  -0.1033    0.360
    23  22.2979  14.6868   0.1916   2.0715   1.3716   0.6521   0.0119   0.3848   0.3151  -0.0017   0.0000  -0.0348  -0.1012    0.360
    24  22.6211  15.3105   0.2516   1.9479   1.1479   0.5914   0.0165   0.3711   0.3038  -0.0013   0.0000  -0.0334  -0.0975    0.360
    25  22.9051  15.8583   0.3044   1.8393   0.9381   0.5240   0.0221   0.3482   0.2851  -0.0010   0.0000  -0.0311  -0.0912    0.359
    26  23.1466  16.3244   0.3493   1.7470   0.7427   0.4454   0.0279   0.3117   0.2552  -0.0009   0.0000  -0.0280  -0.0818    0.360
    27  23.5299  16.6722   0.3828   1.4928   0.4131   0.3575   0.0332   0.8059   0.2396  -0.0013   0.0000  -0.0151  -0.0355    0.313
    28  23.9809  16.9098   0.4056   1.1466   0.2292   0.2660   0.0400   0.7813   0.2323  -0.0068   0.0000  -0.0040  -0.0295    0.267
    29  24.2843  17.0696   0.4210   0.9138   0.1104   0.1649   0.0456   0.6083   0.1809  -0.0103   0.0000   0.0070  -0.0183    0.211
    30  24.4368  17.1499   0.4287   0.7967   0.0322   0.0560   0.0490   0.2372   0.0705  -0.0072   0.0000   0.0062  -0.0055    0.162

  Surface # 2     main_wing (YDUP)                        
     # Chordwise = 10   # Spanwise = 30     First strip = 31
     Surface area Ssurf =   63.968838     Ave. chord Cave =    3.715026

 Forces referred to Sref, Cref, Bref about Xref, Yref, Zref
 Standard axis orientation,  X fwd, Z down         
     CLsurf  =   0.17819     Clsurf  =   0.03230
     CYsurf  =   0.01184     Cmsurf  =  -0.00188
     CDsurf  =   0.00325     Cnsurf  =   0.00104
     CDisurf =   0.00325     CDvsurf =   0.00000

 Forces referred to Ssurf, Cave 
     CLsurf  =   0.34857     CDsurf  =   0.00634

 Strip Forces referred to Strip Area, Chord
    j     Xle      Yle      Zle      Chord    Area     c_cl     ai     cl_norm    cl       cd       cdv    cm_c/4     cm_LE   C.P.x/c
    31  13.6181  -0.0114  -0.9295   7.7520   0.3539   2.5589   0.0848   0.4185   0.3242   0.1758   0.0000  -0.0200   0.0838    0.312
    32  13.6830  -0.1025  -0.9255   7.6885   1.0492   2.4407   0.0842   0.4084   0.3164   0.0369   0.0000  -0.0200   0.0812    0.313
    33  13.8120  -0.2837  -0.9176   7.5620   1.7073   2.4275   0.0826   0.4134   0.3202   0.0280   0.0000  -0.0188   0.0809    0.309
    34  14.0037  -0.5530  -0.9059   7.3741   2.3052   2.4129   0.0799   0.4216   0.3265   0.0247   0.0000  -0.0170   0.0807    0.302
    35  14.2560  -0.9075  -0.8904   7.1267   2.8223   2.3861   0.0758   0.4315   0.3343   0.0218   0.0000  -0.0151   0.0807    0.295
    36  14.5662  -1.3432  -0.8714   6.8226   3.2414   2.3412   0.0706   0.4424   0.3427   0.0188   0.0000  -0.0134   0.0811    0.289
    37  14.9309  -1.8554  -0.8490   6.4651   3.5491   2.2732   0.0648   0.4535   0.3513   0.0156   0.0000  -0.0123   0.0819    0.285
    38  15.3460  -2.4386  -0.8236   6.0582   3.7368   2.1787   0.0578   0.4640   0.3594   0.0122   0.0000  -0.0117   0.0831    0.283
    39  15.8070  -3.0862  -0.7953   5.6062   3.8005   2.0566   0.0478   0.4735   0.3668   0.0084   0.0000  -0.0119   0.0847    0.282
    40  16.2877  -3.7613  -0.7658   5.1351   3.4440   1.9166   0.0372   0.4819   0.3733   0.0049   0.0000  -0.0123   0.0863    0.283
    41  16.7803  -4.4532  -0.7356   4.6522   3.3149   1.7658   0.0265   0.4902   0.3797   0.0019   0.0000  -0.0129   0.0881    0.284
    42  17.2999  -5.1831  -0.7037   4.1429   3.0930   1.6042   0.0114   0.5003   0.3875  -0.0022   0.0000  -0.0135   0.0901    0.285
    43  17.8026  -6.0123  -0.6437   3.7903   3.4706   1.4521   0.0024   0.4683   0.3834  -0.0035   0.0000  -0.0130   0.0971    0.284
    44  18.2809  -6.9353  -0.5549   3.6075   3.3775   1.3369   0.0040   0.4530   0.3709  -0.0027   0.0000  -0.0136   0.0948    0.287
    45  18.7672  -7.8737  -0.4645   3.4215   3.2389   1.2371   0.0044   0.4420   0.3619  -0.0023   0.0000  -0.0143   0.0934    0.290
    46  19.2562  -8.8172  -0.3736   3.2345   3.0619   1.1465   0.0044   0.4333   0.3547  -0.0021   0.0000  -0.0152   0.0926    0.293
    47  19.7425  -9.7556  -0.2833   3.0486   2.8543   1.0618   0.0045   0.4257   0.3486  -0.0020   0.0000  -0.0163   0.0922    0.297
    48  20.2208 -10.6786  -0.1944   2.8657   2.6239   0.9813   0.0044   0.4186   0.3427  -0.0018   0.0000  -0.0178   0.0923    0.302
    49  20.6858 -11.5760  -0.1080   2.6879   2.3787   0.9047   0.0041   0.4114   0.3368  -0.0011   0.0000  -0.0208   0.0937    0.312
    50  21.1299 -12.4328  -0.0255   2.5181   2.1010   0.8343   0.0044   0.4051   0.3317  -0.0036   0.0000  -0.0342   0.1043    0.353
    51  21.5482 -13.2400   0.0523   2.3582   1.8520   0.7706   0.0060   0.3995   0.3271  -0.0025   0.0000  -0.0355   0.1045    0.358
    52  21.9390 -13.9941   0.1249   2.2087   1.6074   0.7107   0.0084   0.3934   0.3220  -0.0020   0.0000  -0.0355   0.1033    0.360
    53  22.2979 -14.6868   0.1916   2.0715   1.3716   0.6521   0.0119   0.3848   0.3151  -0.0017   0.0000  -0.0348   0.1012    0.360
    54  22.6211 -15.3105   0.2516   1.9479   1.1479   0.5914   0.0165   0.3711   0.3038  -0.0013   0.0000  -0.0334   0.0975    0.360
    55  22.9051 -15.8583   0.3044   1.8393   0.9381   0.5240   0.0221   0.3482   0.2851  -0.0010   0.0000  -0.0311   0.0912    0.359
    56  23.1466 -16.3244   0.3493   1.7470   0.7427   0.4454   0.0279   0.3117   0.2552  -0.0009   0.0000  -0.0280   0.0818    0.360
    57  23.5299 -16.6722   0.3828   1.4928   0.4131   0.3575   0.0332   0.8059   0.2396  -0.0013   0.0000  -0.0151   0.0355    0.313
    58  23.9809 -16.9098   0.4056   1.1466   0.2292   0.2660   0.0400   0.7813   0.2323  -0.0068   0.0000  -0.0040   0.0295    0.267
    59  24.2843 -17.0696   0.4210   0.9138   0.1104   0.1649   0.0456   0.6083   0.1809  -0.0103   0.0000   0.0070   0.0183    0.211
    60  24.4368 -17.1499   0.4287   0.7967   0.0322   0.0560   0.0490   0.2372   0.0705  -0.0072   0.0000   0.0062   0.0055    0.162

  Surface # 3     horizontal_stabilizer                   
     # Chordwise = 10   # Spanwise = 30     First strip = 61
     Surface area Ssurf =   20.744605     Ave. chord Cave =    2.848571

 Forces referred to Sref, Cref, Bref about Xref, Yref, Zref
 Standard axis orientation,  X fwd, Z down         
     CLsurf  =   0.00254     Clsurf  =  -0.00040
     CYsurf  =  -0.00040     Cmsurf  =  -0.01023
     CDsurf  =   0.00007     Cnsurf  =   0.00021
     CDisurf =   0.00007     CDvsurf =   0.00000

 Forces referred to Ssurf, Cave 
     CLsurf  =   0.01547     CDsurf  =   0.00042

 Strip Forces referred to Strip Area, Chord
    j     Xle      Yle      Zle      Chord    Area     c_cl     ai     cl_norm    cl       cd       cdv    cm_c/4     cm_LE   C.P.x/c
    61  33.0230   0.0046   1.4667   4.2713   0.0803  -0.0041   0.0432  -0.0012  -0.0010  -0.0000   0.0000  -0.0010  -0.0006   -0.795
    62  33.0469   0.0418   1.4723   4.2566   0.2392  -0.0041   0.0431  -0.0013  -0.0010  -0.0000   0.0000  -0.0010  -0.0006   -0.791
    63  33.0943   0.1156   1.4835   4.2274   0.3930  -0.0041   0.0429  -0.0012  -0.0010  -0.0000   0.0000  -0.0010  -0.0007   -0.812
    64  33.1649   0.2254   1.5002   4.1839   0.5386  -0.0039   0.0426  -0.0012  -0.0009  -0.0000   0.0000  -0.0010  -0.0007   -0.865
    65  33.2578   0.3698   1.5221   4.1268   0.6730  -0.0036   0.0420  -0.0011  -0.0009  -0.0000   0.0000  -0.0011  -0.0007   -0.979
    66  33.3719   0.5474   1.5490   4.0565   0.7936  -0.0030   0.0412  -0.0009  -0.0007  -0.0000   0.0000  -0.0011  -0.0008  999.000
    67  33.5097   0.7617   1.5816   3.9717   0.9441  -0.0019   0.0402  -0.0006  -0.0005  -0.0000   0.0000  -0.0011  -0.0008  999.000
    68  33.6704   1.0116   1.6195   3.8728   1.0344  -0.0002   0.0389  -0.0001  -0.0001  -0.0000   0.0000  -0.0011  -0.0010  999.000
    69  33.8488   1.2891   1.6616   3.7630   1.1046   0.0023   0.0375   0.0008   0.0006   0.0000   0.0000  -0.0012  -0.0011  999.000
    70  34.0430   1.5912   1.7075   3.6435   1.1542   0.0059   0.0361   0.0021   0.0016   0.0001   0.0000  -0.0012  -0.0013    0.991
    71  34.2510   1.9146   1.7565   3.5155   1.1831   0.0107   0.0346   0.0040   0.0030   0.0001   0.0000  -0.0012  -0.0017    0.642
    72  34.4703   2.2558   1.8083   3.3805   1.1921   0.0170   0.0331   0.0065   0.0050   0.0002   0.0000  -0.0012  -0.0021    0.485
    73  34.6987   2.6109   1.8622   3.2400   1.1821   0.0246   0.0317   0.0098   0.0076   0.0003   0.0000  -0.0011  -0.0026    0.399
    74  34.9335   2.9762   1.9177   3.0955   1.1548   0.0333   0.0304   0.0140   0.0108   0.0004   0.0000  -0.0011  -0.0032    0.348
    75  35.1723   3.3476   1.9740   2.9485   1.1122   0.0429   0.0293   0.0189   0.0145   0.0005   0.0000  -0.0009  -0.0039    0.315
    76  35.4124   3.7210   2.0307   2.8008   1.0564   0.0528   0.0282   0.0244   0.0189   0.0006   0.0000  -0.0008  -0.0047    0.292
    77  35.6512   4.0924   2.0871   2.6538   0.9900   0.0626   0.0274   0.0306   0.0236   0.0007   0.0000  -0.0006  -0.0055    0.276
    78  35.8861   4.4577   2.1425   2.5093   0.9155   0.0716   0.0268   0.0370   0.0285   0.0009   0.0000  -0.0004  -0.0064    0.264
    79  36.1144   4.8128   2.1964   2.3687   0.8353   0.0793   0.0263   0.0434   0.0335   0.0010   0.0000  -0.0002  -0.0073    0.255
    80  36.3338   5.1540   2.2482   2.2338   0.7518   0.0853   0.0261   0.0495   0.0382   0.0011   0.0000   0.0001  -0.0080    0.246
    81  36.5417   5.4774   2.2973   2.1058   0.6671   0.0893   0.0261   0.0550   0.0424   0.0011   0.0000   0.0005  -0.0086    0.239
    82  36.7359   5.7795   2.3431   1.9862   0.5830   0.0909   0.0262   0.0593   0.0457   0.0011   0.0000   0.0009  -0.0090    0.230
    83  36.9144   6.0570   2.3852   1.8764   0.5012   0.0900   0.0265   0.0622   0.0480   0.0011   0.0000   0.0014  -0.0090    0.221
    84  37.0750   6.3069   2.4232   1.7776   0.4225   0.0866   0.0269   0.0631   0.0487   0.0011   0.0000   0.0020  -0.0087    0.209
    85  37.2162   6.5264   2.4565   1.6907   0.3478   0.0806   0.0274   0.0618   0.0477   0.0010   0.0000   0.0026  -0.0080    0.196
    86  37.3480   6.7314   2.4876   1.6096   0.3326   0.0718   0.0279   0.0579   0.0446   0.0009   0.0000   0.0031  -0.0069    0.179
    87  37.4657   6.9144   2.5154   1.5372   0.2507   0.0594   0.0284   0.0501   0.0387   0.0007   0.0000   0.0035  -0.0053    0.159
    88  37.5551   7.0535   2.5365   1.4822   0.1746   0.0444   0.0288   0.0389   0.0300   0.0005   0.0000   0.0034  -0.0036    0.138
    89  37.6153   7.1471   2.5508   1.4451   0.1029   0.0275   0.0291   0.0247   0.0190   0.0003   0.0000   0.0025  -0.0020    0.119
    90  37.6455   7.1941   2.5579   1.4265   0.0340   0.0093   0.0293   0.0085   0.0065   0.0000   0.0000   0.0009  -0.0006    0.108

  Surface # 4     horizontal_stabilizer (YDUP)            
     # Chordwise = 10   # Spanwise = 30     First strip = 91
     Surface area Ssurf =   20.744605     Ave. chord Cave =    2.848571

 Forces referred to Sref, Cref, Bref about Xref, Yref, Zref
 Standard axis orientation,  X fwd, Z down         
     CLsurf  =   0.00254     Clsurf  =   0.00040
     CYsurf  =   0.00040     Cmsurf  =  -0.01023
     CDsurf  =   0.00007     Cnsurf  =  -0.00021
     CDisurf =   0.00007     CDvsurf =   0.00000

 Forces referred to Ssurf, Cave 
     CLsurf  =   0.01547     CDsurf  =   0.00042

 Strip Forces referred to Strip Area, Chord
    j     Xle      Yle      Zle      Chord    Area     c_cl     ai     cl_norm    cl       cd       cdv    cm_c/4     cm_LE   C.P.x/c
    91  33.0230  -0.0046   1.4667   4.2713   0.0803  -0.0041   0.0432  -0.0012  -0.0010  -0.0000   0.0000  -0.0010   0.0006   -0.795
    92  33.0469  -0.0418   1.4723   4.2566   0.2392  -0.0041   0.0431  -0.0013  -0.0010  -0.0000   0.0000  -0.0010   0.0006   -0.791
    93  33.0943  -0.1156   1.4835   4.2274   0.3930  -0.0041   0.0429  -0.0012  -0.0010  -0.0000   0.0000  -0.0010   0.0007   -0.812
    94  33.1649  -0.2254   1.5002   4.1839   0.5386  -0.0039   0.0426  -0.0012  -0.0009  -0.0000   0.0000  -0.0010   0.0007   -0.865
    95  33.2578  -0.3698   1.5221   4.1268   0.6730  -0.0036   0.0420  -0.0011  -0.0009  -0.0000   0.0000  -0.0011   0.0007   -0.979
    96  33.3719  -0.5474   1.5490   4.0565   0.7936  -0.0030   0.0412  -0.0009  -0.0007  -0.0000   0.0000  -0.0011   0.0008  999.000
    97  33.5097  -0.7617   1.5816   3.9717   0.9441  -0.0019   0.0402  -0.0006  -0.0005  -0.0000   0.0000  -0.0011   0.0008  999.000
    98  33.6704  -1.0116   1.6195   3.8728   1.0344  -0.0002   0.0389  -0.0001  -0.0001  -0.0000   0.0000  -0.0011   0.0010  999.000
    99  33.8488  -1.2891   1.6616   3.7630   1.1046   0.0023   0.0375   0.0008   0.0006   0.0000   0.0000  -0.0012   0.0011  999.000
   100  34.0430  -1.5912   1.7075   3.6435   1.1542   0.0059   0.0361   0.0021   0.0016   0.0001   0.0000  -0.0012   0.0013    0.991
   101  34.2510  -1.9146   1.7565   3.5155   1.1831   0.0107   0.0346   0.0040   0.0030   0.0001   0.0000  -0.0012   0.0017    0.642
   102  34.4703  -2.2558   1.8083   3.3805   1.1921   0.0170   0.0331   0.0065   0.0050   0.0002   0.0000  -0.0012   0.0021    0.485
   103  34.6987  -2.6109   1.8622   3.2400   1.1821   0.0246   0.0317   0.0098   0.0076   0.0003   0.0000  -0.0011   0.0026    0.399
   104  34.9335  -2.9762   1.9177   3.0955   1.1548   0.0333   0.0304   0.0140   0.0108   0.0004   0.0000  -0.0011   0.0032    0.348
   105  35.1723  -3.3476   1.9740   2.9485   1.1122   0.0429   0.0293   0.0189   0.0145   0.0005   0.0000  -0.0009   0.0039    0.315
   106  35.4124  -3.7210   2.0307   2.8008   1.0564   0.0528   0.0282   0.0244   0.0189   0.0006   0.0000  -0.0008   0.0047    0.292
   107  35.6512  -4.0924   2.0871   2.6538   0.9900   0.0626   0.0274   0.0306   0.0236   0.0007   0.0000  -0.0006   0.0055    0.276
   108  35.8861  -4.4577   2.1425   2.5093   0.9155   0.0716   0.0268   0.0370   0.0285   0.0009   0.0000  -0.0004   0.0064    0.264
   109  36.1144  -4.8128   2.1964   2.3687   0.8353   0.0793   0.0263   0.0434   0.0335   0.0010   0.0000  -0.0002   0.0073    0.255
   110  36.3338  -5.1540   2.2482   2.2338   0.7518   0.0853   0.0261   0.0495   0.0382   0.0011   0.0000   0.0001   0.0080    0.246
   111  36.5417  -5.4774   2.2973   2.1058   0.6671   0.0893   0.0261   0.0550   0.0424   0.0011   0.0000   0.0005   0.0086    0.239
   112  36.7359  -5.7795   2.3431   1.9862   0.5830   0.0909   0.0262   0.0593   0.0457   0.0011   0.0000   0.0009   0.0090    0.230
   113  36.9144  -6.0570   2.3852   1.8764   0.5012   0.0900   0.0265   0.0622   0.0480   0.0011   0.0000   0.0014   0.0090    0.221
   114  37.0750  -6.3069   2.4232   1.7776   0.4225   0.0866   0.0269   0.0631   0.0487   0.0011   0.0000   0.0020   0.0087    0.209
   115  37.2162  -6.5264   2.4565   1.6907   0.3478   0.0806   0.0274   0.0618   0.0477   0.0010   0.0000   0.0026   0.0080    0.196
   116  37.3480  -6.7314   2.4876   1.6096   0.3326   0.0718   0.0279   0.0579   0.0446   0.0009   0.0000   0.0031   0.0069    0.179
   117  37.4657  -6.9144   2.5154   1.5372   0.2507   0.0594   0.0284   0.0501   0.0387   0.0007   0.0000   0.0035   0.0053    0.159
   118  37.5551  -7.0535   2.5365   1.4822   0.1746   0.0444   0.0288   0.0389   0.0300   0.0005   0.0000   0.0034   0.0036    0.138
   119  37.6153  -7.1471   2.5508   1.4451   0.1029   0.0275   0.0291   0.0247   0.0190   0.0003   0.0000   0.0025   0.0020    0.119
   120  37.6455  -7.1941   2.5579   1.4265   0.0340   0.0093   0.0293   0.0085   0.0065   0.0000   0.0000   0.0009   0.0006    0.108

  Surface # 5     vertical_stabilizer                     
     # Chordwise = 10   # Spanwise = 30     First strip =121
     Surface area Ssurf =   34.910363     Ave. chord Cave =    4.190920

 Forces referred to Sref, Cref, Bref about Xref, Yref, Zref
 Standard axis orientation,  X fwd, Z down         
     CLsurf  =   0.00000     Clsurf  =   0.00000
     CYsurf  =   0.00000     Cmsurf  =  -0.00000
     CDsurf  =  -0.00000     Cnsurf  =  -0.00000
     CDisurf =  -0.00000     CDvsurf =   0.00000

 Forces referred to Ssurf, Cave 
     CLsurf  =  -0.00000     CDsurf  =  -0.00000

 Strip Forces referred to Strip Area, Chord
    j     Xle      Yle      Zle      Chord    Area     c_cl     ai     cl_norm    cl       cd       cdv    cm_c/4     cm_LE   C.P.x/c
   121  27.0137   0.0000   1.5690  10.0347   0.6931  -0.0000  -0.0000  -0.0000  -0.0000   0.0000   0.0000   0.0000   0.0000    0.380
   122  27.2327   0.0000   1.6601   9.8296   1.1101  -0.0000  -0.0000  -0.0000  -0.0000  -0.0000   0.0000  -0.0000   0.0000   -0.036
   123  27.5561   0.0000   1.7947   9.5266   1.4857  -0.0000   0.0000  -0.0000  -0.0000  -0.0000   0.0000  -0.0000  -0.0000  999.000
   124  27.9815   0.0000   1.9717   9.1281   1.8040  -0.0000   0.0000  -0.0000  -0.0000  -0.0000   0.0000  -0.0000  -0.0000  999.000
   125  28.5051   0.0000   2.1895   8.6377   2.0517  -0.0000   0.0000  -0.0000  -0.0000   0.0000   0.0000  -0.0000  -0.0000   -0.856
   126  29.1220   0.0000   2.4462   8.0598   2.2181  -0.0000  -0.0000  -0.0000  -0.0000   0.0000   0.0000  -0.0000   0.0000    0.107
   127  29.8264   0.0000   2.7392   7.4000   2.2957  -0.0000  -0.0000  -0.0000  -0.0000  -0.0000   0.0000  -0.0000  -0.0000  999.000
   128  30.6115   0.0000   3.0659   6.6646   2.2808  -0.0000   0.0000  -0.0000  -0.0000   0.0000   0.0000  -0.0000  -0.0000  999.000
   129  31.4694   0.0000   3.4228   5.8609   2.1733  -0.0000   0.0000  -0.0000  -0.0000   0.0000   0.0000  -0.0000  -0.0000   -0.880
   130  32.3918   0.0000   3.8066   4.9969   1.9773  -0.0000   0.0000  -0.0000  -0.0000  -0.0000   0.0000  -0.0000  -0.0000  999.000
   131  33.0131   0.0000   4.1929   4.4389   1.6667  -0.0000  -0.0000  -0.0000  -0.0000  -0.0000   0.0000   0.0000   0.0000    0.281
   132  33.3001   0.0000   4.5764   4.2198   1.6478  -0.0000   0.0000  -0.0000  -0.0000  -0.0000   0.0000  -0.0000  -0.0000   -0.043
   133  33.5969   0.0000   4.9729   3.9932   1.6033  -0.0000  -0.0000  -0.0000  -0.0000   0.0000   0.0000  -0.0000   0.0000    0.248
   134  33.9004   0.0000   5.3784   3.7615   1.5362  -0.0000   0.0000  -0.0000  -0.0000  -0.0000   0.0000  -0.0000  -0.0000   -0.129
   135  34.2075   0.0000   5.7886   3.5271   1.4499  -0.0000   0.0000  -0.0000  -0.0000   0.0000   0.0000  -0.0000   0.0000    0.237
   136  34.5150   0.0000   6.1995   3.2923   1.3482  -0.0000  -0.0000  -0.0000  -0.0000   0.0000   0.0000   0.0000   0.0000    0.600
   137  34.8197   0.0000   6.6066   3.0597   1.2352  -0.0000  -0.0000  -0.0000  -0.0000  -0.0000   0.0000   0.0000   0.0000    0.694
   138  35.1185   0.0000   7.0058   2.8315   1.1147  -0.0000   0.0000  -0.0000  -0.0000  -0.0000   0.0000   0.0000   0.0000    0.299
   139  35.4083   0.0000   7.3929   2.6103   0.9908  -0.0000   0.0000  -0.0000  -0.0000  -0.0000   0.0000   0.0000   0.0000    0.355
   140  35.6860   0.0000   7.7640   2.3983   0.8670  -0.0000   0.0000  -0.0000  -0.0000  -0.0000   0.0000  -0.0000  -0.0000   -0.171
   141  35.9487   0.0000   8.1150   2.1977   0.7464  -0.0000   0.0000  -0.0000  -0.0000  -0.0000   0.0000  -0.0000  -0.0000   -0.337
   142  36.1937   0.0000   8.4424   2.0106   0.6318  -0.0000   0.0000  -0.0000  -0.0000  -0.0000   0.0000  -0.0000   0.0000    0.174
   143  36.4185   0.0000   8.7426   1.8390   0.5251  -0.0000  -0.0000  -0.0000  -0.0000  -0.0000   0.0000   0.0000   0.0000    0.461
   144  36.6206   0.0000   9.0127   1.6847   0.4276  -0.0000   0.0000  -0.0000  -0.0000   0.0000   0.0000  -0.0000   0.0000    0.132
   145  36.7980   0.0000   9.2496   1.5493   0.3400  -0.0000   0.0000  -0.0000  -0.0000  -0.0000   0.0000  -0.0000   0.0000    0.216
   146  36.9487   0.0000   9.4510   1.4342   0.2622  -0.0000   0.0000  -0.0000  -0.0000  -0.0000   0.0000  -0.0000   0.0000    0.167
   147  37.0713   0.0000   9.6148   1.3407   0.1933  -0.0000  -0.0000  -0.0000  -0.0000  -0.0000   0.0000   0.0000   0.0000    0.527
   148  37.1643   0.0000   9.7391   1.2696   0.1322  -0.0000  -0.0000  -0.0000  -0.0000   0.0000   0.0000   0.0000   0.0000    0.347
   149  37.2269   0.0000   9.8227   1.2218   0.0769  -0.0000   0.0000  -0.0000  -0.0000   0.0000   0.0000   0.0000   0.0000    0.377
   150  37.2584   0.0000   9.8647   1.1978   0.0252  -0.0000  -0.0000  -0.0000  -0.0000  -0.0000   0.0000   0.0000   0.0000    0.351

  Surface # 6     fuselage_horizontal                     
     # Chordwise = 10   # Spanwise = 10     First strip =151
     Surface area Ssurf =  123.841199     Ave. chord Cave =   33.112620

 Forces referred to Sref, Cref, Bref about Xref, Yref, Zref
 Standard axis orientation,  X fwd, Z down         
     CLsurf  =  -0.00050     Clsurf  =   0.00000
     CYsurf  =   0.00000     Cmsurf  =   0.01535
     CDsurf  =  -0.00011     Cnsurf  =  -0.00000
     CDisurf =  -0.00011     CDvsurf =   0.00000

 Forces referred to Ssurf, Cave 
     CLsurf  =  -0.00051     CDsurf  =  -0.00012

 Strip Forces referred to Strip Area, Chord
    j     Xle      Yle      Zle      Chord    Area     c_cl     ai     cl_norm    cl       cd       cdv    cm_c/4     cm_LE   C.P.x/c
   151   5.0231  -1.6830   0.0000  26.5957   9.9468  -0.0247   0.0465  -0.0113  -0.0009  -0.0006   0.0000   0.0020   0.0003  999.000
   152   2.9203  -1.3090   0.0000  31.2096  11.6724  -0.0230   0.0549  -0.0028  -0.0007  -0.0002   0.0000   0.0022   0.0006  999.000
   153   1.6676  -0.9350   0.0000  34.0626  12.7394  -0.0173   0.0609  -0.0012  -0.0005  -0.0001   0.0000   0.0023   0.0008  999.000
   154   0.7666  -0.5610   0.0000  36.1620  13.5246  -0.0116   0.0653  -0.0005  -0.0003   0.0000   0.0000   0.0022   0.0010  999.000
   155   0.1963  -0.1870   0.0000  37.5333  14.0374  -0.0081   0.0679  -0.0003  -0.0002   0.0001   0.0000   0.0022   0.0016  999.000
   156   0.1963   0.1870   0.0000  37.5333  14.0374  -0.0081   0.0679  -0.0003  -0.0002   0.0001   0.0000   0.0022   0.0016  999.000
   157   0.7666   0.5610   0.0000  36.1620  13.5246  -0.0116   0.0653  -0.0005  -0.0003   0.0000   0.0000   0.0022   0.0010  999.000
   158   1.6676   0.9350   0.0000  34.0626  12.7394  -0.0173   0.0609  -0.0012  -0.0005  -0.0001   0.0000   0.0023   0.0008  999.000
   159   2.9202   1.3090   0.0000  31.2096  11.6724  -0.0230   0.0549  -0.0028  -0.0007  -0.0002   0.0000   0.0022   0.0006  999.000
   160   5.0231   1.6830   0.0000  26.5957   9.9468  -0.0247   0.0465  -0.0113  -0.0009  -0.0006   0.0000   0.0020   0.0003  999.000

  Surface # 7     fuselage_vertical                       
     # Chordwise = 10   # Spanwise = 10     First strip =161
     Surface area Ssurf =  123.841199     Ave. chord Cave =   33.112620

 Forces referred to Sref, Cref, Bref about Xref, Yref, Zref
 Standard axis orientation,  X fwd, Z down         
     CLsurf  =  -0.00000     Clsurf  =   0.00000
     CYsurf  =   0.00000     Cmsurf  =   0.00000
     CDsurf  =  -0.00000     Cnsurf  =  -0.00000
     CDisurf =  -0.00000     CDvsurf =   0.00000

 Forces referred to Ssurf, Cave 
     CLsurf  =  -0.00000     CDsurf  =  -0.00000

 Strip Forces referred to Strip Area, Chord
    j     Xle      Yle      Zle      Chord    Area     c_cl     ai     cl_norm    cl       cd       cdv    cm_c/4     cm_LE   C.P.x/c
   161   5.0231   0.0000  -1.6830  26.5957   9.9468  -0.0000   0.0000  -0.0000  -0.0000   0.0000   0.0000   0.0000   0.0000    1.470
   162   2.9203   0.0000  -1.3090  31.2096  11.6724  -0.0000  -0.0000  -0.0000  -0.0000  -0.0000   0.0000   0.0000   0.0000    0.951
   163   1.6676   0.0000  -0.9350  34.0626  12.7394  -0.0000  -0.0000  -0.0000  -0.0000   0.0000   0.0000   0.0000   0.0000    0.763
   164   0.7666   0.0000  -0.5610  36.1620  13.5246  -0.0000   0.0000  -0.0000  -0.0000  -0.0000   0.0000   0.0000   0.0000    0.711
   165   0.1963   0.0000  -0.1870  37.5333  14.0374  -0.0000  -0.0000  -0.0000  -0.0000  -0.0000   0.0000  -0.0000  -0.0000   -0.196
   166   0.1963   0.0000   0.1870  37.5333  14.0374  -0.0000   0.0000  -0.0000  -0.0000  -0.0000   0.0000   0.0000   0.0000    0.522
   167   0.7666   0.0000   0.5610  36.1620  13.5246  -0.0000  -0.0000  -0.0000  -0.0000   0.0000   0.0000   0.0000   0.0000    0.404
   168   1.6676   0.0000   0.9350  34.0626  12.7394  -0.0000   0.0000  -0.0000  -0.0000  -0.0000   0.0000   0.0000   0.0000    0.542
   169   2.9202   0.0000   1.3090  31.2096  11.6724  -0.0000   0.0000  -0.0000  -0.0000  -0.0000   0.0000   0.0000   0.0000    0.857
   170   5.0231   0.0000   1.6830  26.5957   9.9468  -0.0000  -0.0000  -0.0000  -0.0000  -0.0000   0.0000   0.0000   0.0000    0.965
 ---------------------------------------------------------------
