 ---------------------------------------------------------------
 Surface and Strip Forces by surface

  Sref =  124.86       Cref =  4.4875       Bref =  34.320    
  Xref =  18.914       Yref =  0.0000       Zref =-0.17619    

  Surface # 1     main_wing                               
     # Chordwise = 10   # Spanwise = 30     First strip =  1
     Surface area Ssurf =   63.968838     Ave. chord Cave =    3.715026

 Forces referred to Sref, Cref, Bref about Xref, Yref, Zref
 Standard axis orientation,  X fwd, Z down         
     CLsurf  =   0.18802     Clsurf  =  -0.03434
     CYsurf  =  -0.01261     Cmsurf  =  -0.00340
     CDsurf  =   0.00356     Cnsurf  =  -0.00112
     CDisurf =   0.00356     CDvsurf =   0.00000

 Forces referred to Ssurf, Cave 
     CLsurf  =   0.36783     CDsurf  =   0.00695

 Strip Forces referred to Strip Area, Chord
    j     Xle      Yle      Zle      Chord    Area     c_cl     ai     cl_norm    cl       cd       cdv    cm_c/4     cm_LE   C.P.x/c
     1  13.6181   0.0114  -0.9295   7.7520   0.3539   2.6725   0.0860   0.4364   0.3380   0.1981   0.0000  -0.0223  -0.0886    0.316
     2  13.6830   0.1025  -0.9255   7.6885   1.0492   2.5377   0.0854   0.4245   0.3289   0.0401   0.0000  -0.0222  -0.0855    0.317
     3  13.8120   0.2837  -0.9176   7.5620   1.7073   2.5233   0.0839   0.4297   0.3328   0.0300   0.0000  -0.0210  -0.0853    0.313
     4  14.0037   0.5530  -0.9059   7.3741   2.3052   2.5083   0.0811   0.4382   0.3394   0.0266   0.0000  -0.0191  -0.0851    0.306
     5  14.2560   0.9075  -0.8904   7.1267   2.8223   2.4813   0.0771   0.4487   0.3476   0.0235   0.0000  -0.0171  -0.0851    0.299
     6  14.5662   1.3432  -0.8714   6.8226   3.2414   2.4361   0.0718   0.4603   0.3566   0.0204   0.0000  -0.0153  -0.0854    0.293
     7  14.9309   1.8554  -0.8490   6.4651   3.5491   2.3677   0.0661   0.4723   0.3659   0.0171   0.0000  -0.0140  -0.0863    0.288
     8  15.3460   2.4386  -0.8236   6.0582   3.7368   2.2726   0.0591   0.4840   0.3749   0.0134   0.0000  -0.0134  -0.0875    0.286
     9  15.8070   3.0862  -0.7953   5.6062   3.8005   2.1496   0.0492   0.4949   0.3833   0.0094   0.0000  -0.0134  -0.0893    0.285
    10  16.2877   3.7613  -0.7658   5.1351   3.4440   2.0084   0.0386   0.5050   0.3911   0.0056   0.0000  -0.0138  -0.0911    0.285
    11  16.7803   4.4532  -0.7356   4.6522   3.3149   1.8560   0.0279   0.5153   0.3991   0.0024   0.0000  -0.0142  -0.0931    0.286
    12  17.2999   5.1831  -0.7037   4.1429   3.0930   1.6922   0.0127   0.5278   0.4088  -0.0021   0.0000  -0.0148  -0.0955    0.286
    13  17.8026   6.0123  -0.6437   3.7903   3.4706   1.5372   0.0035   0.4958   0.4059  -0.0036   0.0000  -0.0140  -0.1030    0.285
    14  18.2809   6.9353  -0.5549   3.6075   3.3775   1.4191   0.0052   0.4809   0.3937  -0.0028   0.0000  -0.0146  -0.1008    0.287
    15  18.7672   7.8737  -0.4645   3.4215   3.2389   1.3160   0.0056   0.4702   0.3849  -0.0024   0.0000  -0.0153  -0.0995    0.290
    16  19.2562   8.8172  -0.3736   3.2345   3.0619   1.2217   0.0056   0.4617   0.3780  -0.0023   0.0000  -0.0162  -0.0988    0.293
    17  19.7425   9.7556  -0.2833   3.0486   2.8543   1.1332   0.0056   0.4544   0.3720  -0.0022   0.0000  -0.0174  -0.0985    0.297
    18  20.2208  10.6786  -0.1944   2.8657   2.6239   1.0488   0.0054   0.4474   0.3663  -0.0020   0.0000  -0.0191  -0.0987    0.302
    19  20.6858  11.5760  -0.1080   2.6879   2.3787   0.9685   0.0052   0.4404   0.3606  -0.0012   0.0000  -0.0224  -0.1004    0.312
    20  21.1299  12.4328  -0.0255   2.5181   2.1010   0.8944   0.0056   0.4343   0.3555  -0.0040   0.0000  -0.0363  -0.1115    0.352
    21  21.5482  13.2400   0.0523   2.3582   1.8520   0.8267   0.0072   0.4286   0.3509  -0.0028   0.0000  -0.0377  -0.1117    0.357
    22  21.9390  13.9941   0.1249   2.2087   1.6074   0.7627   0.0098   0.4221   0.3456  -0.0024   0.0000  -0.0376  -0.1105    0.359
    23  22.2979  14.6868   0.1916   2.0715   1.3716   0.6994   0.0134   0.4127   0.3379  -0.0020   0.0000  -0.0368  -0.1080    0.359
    24  22.6211  15.3105   0.2516   1.9479   1.1479   0.6333   0.0181   0.3974   0.3254  -0.0017   0.0000  -0.0351  -0.1038    0.358
    25  22.9051  15.8583   0.3044   1.8393   0.9381   0.5600   0.0237   0.3721   0.3047  -0.0014   0.0000  -0.0324  -0.0967    0.356
    26  23.1466  16.3244   0.3493   1.7470   0.7427   0.4747   0.0296   0.3321   0.2719  -0.0013   0.0000  -0.0290  -0.0864    0.357
    27  23.5299  16.6722   0.3828   1.4928   0.4131   0.3800   0.0348   0.8567   0.2548  -0.0020   0.0000  -0.0154  -0.0375    0.310
    28  23.9809  16.9098   0.4056   1.1466   0.2292   0.2819   0.0414   0.8283   0.2463  -0.0082   0.0000  -0.0032  -0.0308    0.263
    29  24.2843  17.0696   0.4210   0.9138   0.1104   0.1743   0.0466   0.6433   0.1913  -0.0122   0.0000   0.0084  -0.0188    0.206
    30  24.4368  17.1499   0.4287   0.7967   0.0322   0.0591   0.0498   0.2505   0.0745  -0.0085   0.0000   0.0070  -0.0056    0.156

  Surface # 2     main_wing (YDUP)                        
     # Chordwise = 10   # Spanwise = 30     First strip = 31
     Surface area Ssurf =   63.968838     Ave. chord Cave =    3.715026

 Forces referred to Sref, Cref, Bref about Xref, Yref, Zref
 Standard axis orientation,  X fwd, Z down         
     CLsurf  =   0.18802     Clsurf  =   0.03434
     CYsurf  =   0.01261     Cmsurf  =  -0.00340
     CDsurf  =   0.00356     Cnsurf  =   0.00112
     CDisurf =   0.00356     CDvsurf =   0.00000

 Forces referred to Ssurf, Cave 
     CLsurf  =   0.36783     CDsurf  =   0.00695

 Strip Forces referred to Strip Area, Chord
    j     Xle      Yle      Zle      Chord    Area     c_cl     ai     cl_norm    cl       cd       cdv    cm_c/4     cm_LE   C.P.x/c
    31  13.6181  -0.0114  -0.9295   7.7520   0.3539   2.6725   0.0860   0.4364   0.3380   0.1981   0.0000  -0.0223   0.0886    0.316
    32  13.6830  -0.1025  -0.9255   7.6885   1.0492   2.5377   0.0854   0.4245   0.3289   0.0401   0.0000  -0.0222   0.0855    0.317
    33  13.8120  -0.2837  -0.9176   7.5620   1.7073   2.5233   0.0839   0.4297   0.3328   0.0300   0.0000  -0.0210   0.0853    0.313
    34  14.0037  -0.5530  -0.9059   7.3741   2.3052   2.5083   0.0811   0.4382   0.3394   0.0266   0.0000  -0.0191   0.0851    0.306
    35  14.2560  -0.9075  -0.8904   7.1267   2.8223   2.4813   0.0771   0.4487   0.3476   0.0235   0.0000  -0.0171   0.0851    0.299
    36  14.5662  -1.3432  -0.8714   6.8226   3.2414   2.4361   0.0718   0.4603   0.3566   0.0204   0.0000  -0.0153   0.0854    0.293
    37  14.9309  -1.8554  -0.8490   6.4651   3.5491   2.3677   0.0661   0.4723   0.3659   0.0171   0.0000  -0.0140   0.0863    0.288
    38  15.3460  -2.4386  -0.8236   6.0582   3.7368   2.2726   0.0591   0.4840   0.3749   0.0134   0.0000  -0.0134   0.0875    0.286
    39  15.8070  -3.0862  -0.7953   5.6062   3.8005   2.1496   0.0492   0.4949   0.3833   0.0094   0.0000  -0.0134   0.0893    0.285
    40  16.2877  -3.7613  -0.7658   5.1351   3.4440   2.0084   0.0386   0.5050   0.3911   0.0056   0.0000  -0.0138   0.0911    0.285
    41  16.7803  -4.4532  -0.7356   4.6522   3.3149   1.8560   0.0279   0.5153   0.3991   0.0024   0.0000  -0.0142   0.0931    0.286
    42  17.2999  -5.1831  -0.7037   4.1429   3.0930   1.6922   0.0127   0.5278   0.4088  -0.0021   0.0000  -0.0148   0.0955    0.286
    43  17.8026  -6.0123  -0.6437   3.7903   3.4706   1.5372   0.0035   0.4958   0.4059  -0.0036   0.0000  -0.0140   0.1030    0.285
    44  18.2809  -6.9353  -0.5549   3.6075   3.3775   1.4191   0.0052   0.4809   0.3937  -0.0028   0.0000  -0.0146   0.1008    0.287
    45  18.7672  -7.8737  -0.4645   3.4215   3.2389   1.3160   0.0056   0.4702   0.3849  -0.0024   0.0000  -0.0153   0.0995    0.290
    46  19.2562  -8.8172  -0.3736   3.2345   3.0619   1.2217   0.0056   0.4617   0.3780  -0.0023   0.0000  -0.0162   0.0988    0.293
    47  19.7425  -9.7556  -0.2833   3.0486   2.8543   1.1332   0.0056   0.4544   0.3720  -0.0022   0.0000  -0.0174   0.0985    0.297
    48  20.2208 -10.6786  -0.1944   2.8657   2.6239   1.0488   0.0054   0.4474   0.3663  -0.0020   0.0000  -0.0191   0.0987    0.302
    49  20.6858 -11.5760  -0.1080   2.6879   2.3787   0.9685   0.0052   0.4404   0.3606  -0.0012   0.0000  -0.0224   0.1004    0.312
    50  21.1299 -12.4328  -0.0255   2.5181   2.1010   0.8944   0.0056   0.4343   0.3555  -0.0040   0.0000  -0.0363   0.1115    0.352
    51  21.5482 -13.2400   0.0523   2.3582   1.8520   0.8267   0.0072   0.4286   0.3509  -0.0028   0.0000  -0.0377   0.1117    0.357
    52  21.9390 -13.9941   0.1249   2.2087   1.6074   0.7627   0.0098   0.4221   0.3456  -0.0024   0.0000  -0.0376   0.1105    0.359
    53  22.2979 -14.6868   0.1916   2.0715   1.3716   0.6994   0.0134   0.4127   0.3379  -0.0020   0.0000  -0.0368   0.1080    0.359
    54  22.6211 -15.3105   0.2516   1.9479   1.1479   0.6333   0.0181   0.3974   0.3254  -0.0017   0.0000  -0.0351   0.1038    0.358
    55  22.9051 -15.8583   0.3044   1.8393   0.9381   0.5600   0.0237   0.3721   0.3047  -0.0014   0.0000  -0.0324   0.0967    0.356
    56  23.1466 -16.3244   0.3493   1.7470   0.7427   0.4747   0.0296   0.3321   0.2719  -0.0013   0.0000  -0.0290   0.0864    0.357
    57  23.5299 -16.6722   0.3828   1.4928   0.4131   0.3800   0.0348   0.8567   0.2548  -0.0020   0.0000  -0.0154   0.0375    0.310
    58  23.9809 -16.9098   0.4056   1.1466   0.2292   0.2819   0.0414   0.8283   0.2463  -0.0082   0.0000  -0.0032   0.0308    0.263
    59  24.2843 -17.0696   0.4210   0.9138   0.1104   0.1743   0.0466   0.6433   0.1913  -0.0122   0.0000   0.0084   0.0188    0.206
    60  24.4368 -17.1499   0.4287   0.7967   0.0322   0.0591   0.0498   0.2505   0.0745  -0.0085   0.0000   0.0070   0.0056    0.156

  Surface # 3     horizontal_stabilizer                   
     # Chordwise = 10   # Spanwise = 30     First strip = 61
     Surface area Ssurf =   20.744605     Ave. chord Cave =    2.848571

 Forces referred to Sref, Cref, Bref about Xref, Yref, Zref
 Standard axis orientation,  X fwd, Z down         
     CLsurf  =   0.00202     Clsurf  =  -0.00035
     CYsurf  =  -0.00032     Cmsurf  =  -0.00830
     CDsurf  =   0.00006     Cnsurf  =   0.00017
     CDisurf =   0.00006     CDvsurf =   0.00000

 Forces referred to Ssurf, Cave 
     CLsurf  =   0.01232     CDsurf  =   0.00033

 Strip Forces referred to Strip Area, Chord
    j     Xle      Yle      Zle      Chord    Area     c_cl     ai     cl_norm    cl       cd       cdv    cm_c/4     cm_LE   C.P.x/c
    61  33.0230   0.0046   1.4667   4.2713   0.0803  -0.0152   0.0442  -0.0046  -0.0036  -0.0001   0.0000  -0.0009  -0.0000   -0.005
    62  33.0469   0.0418   1.4723   4.2566   0.2392  -0.0153   0.0441  -0.0047  -0.0036  -0.0001   0.0000  -0.0009  -0.0000   -0.006
    63  33.0943   0.1156   1.4835   4.2274   0.3930  -0.0152   0.0439  -0.0047  -0.0036  -0.0001   0.0000  -0.0009  -0.0000   -0.011
    64  33.1649   0.2254   1.5002   4.1839   0.5386  -0.0151   0.0435  -0.0047  -0.0036  -0.0001   0.0000  -0.0010  -0.0001   -0.021
    65  33.2578   0.3698   1.5221   4.1268   0.6730  -0.0148   0.0430  -0.0046  -0.0036  -0.0001   0.0000  -0.0010  -0.0001   -0.035
    66  33.3719   0.5474   1.5490   4.0565   0.7936  -0.0142   0.0421  -0.0045  -0.0035  -0.0001   0.0000  -0.0011  -0.0002   -0.055
    67  33.5097   0.7617   1.5816   3.9717   0.9441  -0.0132   0.0411  -0.0043  -0.0033  -0.0001   0.0000  -0.0011  -0.0002   -0.086
    68  33.6704   1.0116   1.6195   3.8728   1.0344  -0.0116   0.0398  -0.0039  -0.0030  -0.0001   0.0000  -0.0012  -0.0003   -0.141
    69  33.8488   1.2891   1.6616   3.7630   1.1046  -0.0091   0.0384  -0.0031  -0.0024  -0.0001   0.0000  -0.0012  -0.0005   -0.254
    70  34.0430   1.5912   1.7075   3.6435   1.1542  -0.0056   0.0368  -0.0020  -0.0015  -0.0001   0.0000  -0.0013  -0.0007   -0.579
    71  34.2510   1.9146   1.7565   3.5155   1.1831  -0.0007   0.0353  -0.0002  -0.0002  -0.0000   0.0000  -0.0013  -0.0010  999.000
    72  34.4703   2.2558   1.8083   3.3805   1.1921   0.0057   0.0339   0.0022   0.0017   0.0001   0.0000  -0.0013  -0.0014    1.014
    73  34.6987   2.6109   1.8622   3.2400   1.1821   0.0134   0.0325   0.0054   0.0041   0.0001   0.0000  -0.0012  -0.0019    0.551
    74  34.9335   2.9762   1.9177   3.0955   1.1548   0.0225   0.0311   0.0094   0.0073   0.0002   0.0000  -0.0012  -0.0025    0.412
    75  35.1723   3.3476   1.9740   2.9485   1.1122   0.0324   0.0300   0.0142   0.0110   0.0004   0.0000  -0.0011  -0.0032    0.347
    76  35.4124   3.7210   2.0307   2.8008   1.0564   0.0428   0.0289   0.0198   0.0153   0.0005   0.0000  -0.0009  -0.0040    0.310
    77  35.6512   4.0924   2.0871   2.6538   0.9900   0.0531   0.0281   0.0259   0.0200   0.0006   0.0000  -0.0007  -0.0049    0.287
    78  35.8861   4.4577   2.1425   2.5093   0.9155   0.0627   0.0275   0.0324   0.0250   0.0008   0.0000  -0.0005  -0.0057    0.270
    79  36.1144   4.8128   2.1964   2.3687   0.8353   0.0711   0.0271   0.0389   0.0300   0.0009   0.0000  -0.0002  -0.0066    0.258
    80  36.3338   5.1540   2.2482   2.2338   0.7518   0.0778   0.0269   0.0451   0.0348   0.0010   0.0000   0.0001  -0.0073    0.248
    81  36.5417   5.4774   2.2973   2.1058   0.6671   0.0824   0.0268   0.0507   0.0391   0.0011   0.0000   0.0005  -0.0079    0.238
    82  36.7359   5.7795   2.3431   1.9862   0.5830   0.0846   0.0270   0.0552   0.0426   0.0011   0.0000   0.0009  -0.0083    0.228
    83  36.9144   6.0570   2.3852   1.8764   0.5012   0.0844   0.0273   0.0583   0.0449   0.0011   0.0000   0.0015  -0.0084    0.218
    84  37.0750   6.3069   2.4232   1.7776   0.4225   0.0815   0.0277   0.0595   0.0459   0.0011   0.0000   0.0020  -0.0081    0.205
    85  37.2162   6.5264   2.4565   1.6907   0.3478   0.0762   0.0281   0.0584   0.0450   0.0010   0.0000   0.0027  -0.0074    0.191
    86  37.3480   6.7314   2.4876   1.6096   0.3326   0.0680   0.0285   0.0548   0.0423   0.0009   0.0000   0.0032  -0.0063    0.174
    87  37.4657   6.9144   2.5154   1.5372   0.2507   0.0564   0.0289   0.0476   0.0367   0.0007   0.0000   0.0036  -0.0048    0.153
    88  37.5551   7.0535   2.5365   1.4822   0.1746   0.0422   0.0293   0.0369   0.0285   0.0005   0.0000   0.0034  -0.0032    0.132
    89  37.6153   7.1471   2.5508   1.4451   0.1029   0.0261   0.0295   0.0234   0.0180   0.0003   0.0000   0.0025  -0.0018    0.113
    90  37.6455   7.1941   2.5579   1.4265   0.0340   0.0088   0.0296   0.0080   0.0062   0.0000   0.0000   0.0009  -0.0006    0.103

  Surface # 4     horizontal_stabilizer (YDUP)            
     # Chordwise = 10   # Spanwise = 30     First strip = 91
     Surface area Ssurf =   20.744605     Ave. chord Cave =    2.848571

 Forces referred to Sref, Cref, Bref about Xref, Yref, Zref
 Standard axis orientation,  X fwd, Z down         
     CLsurf  =   0.00202     Clsurf  =   0.00035
     CYsurf  =   0.00032     Cmsurf  =  -0.00830
     CDsurf  =   0.00006     Cnsurf  =  -0.00017
     CDisurf =   0.00006     CDvsurf =   0.00000

 Forces referred to Ssurf, Cave 
     CLsurf  =   0.01232     CDsurf  =   0.00033

 Strip Forces referred to Strip Area, Chord
    j     Xle      Yle      Zle      Chord    Area     c_cl     ai     cl_norm    cl       cd       cdv    cm_c/4     cm_LE   C.P.x/c
    91  33.0230  -0.0046   1.4667   4.2713   0.0803  -0.0152   0.0442  -0.0046  -0.0036  -0.0001   0.0000  -0.0009   0.0000   -0.005
    92  33.0469  -0.0418   1.4723   4.2566   0.2392  -0.0153   0.0441  -0.0047  -0.0036  -0.0001   0.0000  -0.0009   0.0000   -0.006
    93  33.0943  -0.1156   1.4835   4.2274   0.3930  -0.0152   0.0439  -0.0047  -0.0036  -0.0001   0.0000  -0.0009   0.0000   -0.011
    94  33.1649  -0.2254   1.5002   4.1839   0.5386  -0.0151   0.0435  -0.0047  -0.0036  -0.0001   0.0000  -0.0010   0.0001   -0.021
    95  33.2578  -0.3698   1.5221   4.1268   0.6730  -0.0148   0.0430  -0.0046  -0.0036  -0.0001   0.0000  -0.0010   0.0001   -0.035
    96  33.3719  -0.5474   1.5490   4.0565   0.7936  -0.0142   0.0421  -0.0045  -0.0035  -0.0001   0.0000  -0.0011   0.0002   -0.055
    97  33.5097  -0.7617   1.5816   3.9717   0.9441  -0.0132   0.0411  -0.0043  -0.0033  -0.0001   0.0000  -0.0011   0.0002   -0.086
    98  33.6704  -1.0116   1.6195   3.8728   1.0344  -0.0116   0.0398  -0.0039  -0.0030  -0.0001   0.0000  -0.0012   0.0003   -0.141
    99  33.8488  -1.2891   1.6616   3.7630   1.1046  -0.0091   0.0384  -0.0031  -0.0024  -0.0001   0.0000  -0.0012   0.0005   -0.254
   100  34.0430  -1.5912   1.7075   3.6435   1.1542  -0.0056   0.0368  -0.0020  -0.0015  -0.0001   0.0000  -0.0013   0.0007   -0.579
   101  34.2510  -1.9146   1.7565   3.5155   1.1831  -0.0007   0.0353  -0.0002  -0.0002  -0.0000   0.0000  -0.0013   0.0010  999.000
   102  34.4703  -2.2558   1.8083   3.3805   1.1921   0.0057   0.0339   0.0022   0.0017   0.0001   0.0000  -0.0013   0.0014    1.014
   103  34.6987  -2.6109   1.8622   3.2400   1.1821   0.0134   0.0325   0.0054   0.0041   0.0001   0.0000  -0.0012   0.0019    0.551
   104  34.9335  -2.9762   1.9177   3.0955   1.1548   0.0225   0.0311   0.0094   0.0073   0.0002   0.0000  -0.0012   0.0025    0.412
   105  35.1723  -3.3476   1.9740   2.9485   1.1122   0.0324   0.0300   0.0142   0.0110   0.0004   0.0000  -0.0011   0.0032    0.347
   106  35.4124  -3.7210   2.0307   2.8008   1.0564   0.0428   0.0289   0.0198   0.0153   0.0005   0.0000  -0.0009   0.0040    0.310
   107  35.6512  -4.0924   2.0871   2.6538   0.9900   0.0531   0.0281   0.0259   0.0200   0.0006   0.0000  -0.0007   0.0049    0.287
   108  35.8861  -4.4577   2.1425   2.5093   0.9155   0.0627   0.0275   0.0324   0.0250   0.0008   0.0000  -0.0005   0.0057    0.270
   109  36.1144  -4.8128   2.1964   2.3687   0.8353   0.0711   0.0271   0.0389   0.0300   0.0009   0.0000  -0.0002   0.0066    0.258
   110  36.3338  -5.1540   2.2482   2.2338   0.7518   0.0778   0.0269   0.0451   0.0348   0.0010   0.0000   0.0001   0.0073    0.248
   111  36.5417  -5.4774   2.2973   2.1058   0.6671   0.0824   0.0268   0.0507   0.0391   0.0011   0.0000   0.0005   0.0079    0.238
   112  36.7359  -5.7795   2.3431   1.9862   0.5830   0.0846   0.0270   0.0552   0.0426   0.0011   0.0000   0.0009   0.0083    0.228
   113  36.9144  -6.0570   2.3852   1.8764   0.5012   0.0844   0.0273   0.0583   0.0449   0.0011   0.0000   0.0015   0.0084    0.218
   114  37.0750  -6.3069   2.4232   1.7776   0.4225   0.0815   0.0277   0.0595   0.0459   0.0011   0.0000   0.0020   0.0081    0.205
   115  37.2162  -6.5264   2.4565   1.6907   0.3478   0.0762   0.0281   0.0584   0.0450   0.0010   0.0000   0.0027   0.0074    0.191
   116  37.3480  -6.7314   2.4876   1.6096   0.3326   0.0680   0.0285   0.0548   0.0423   0.0009   0.0000   0.0032   0.0063    0.174
   117  37.4657  -6.9144   2.5154   1.5372   0.2507   0.0564   0.0289   0.0476   0.0367   0.0007   0.0000   0.0036   0.0048    0.153
   118  37.5551  -7.0535   2.5365   1.4822   0.1746   0.0422   0.0293   0.0369   0.0285   0.0005   0.0000   0.0034   0.0032    0.132
   119  37.6153  -7.1471   2.5508   1.4451   0.1029   0.0261   0.0295   0.0234   0.0180   0.0003   0.0000   0.0025   0.0018    0.113
   120  37.6455  -7.1941   2.5579   1.4265   0.0340   0.0088   0.0296   0.0080   0.0062   0.0000   0.0000   0.0009   0.0006    0.103

  Surface # 5     vertical_stabilizer                     
     # Chordwise = 10   # Spanwise = 30     First strip =121
     Surface area Ssurf =   34.910363     Ave. chord Cave =    4.190920

 Forces referred to Sref, Cref, Bref about Xref, Yref, Zref
 Standard axis orientation,  X fwd, Z down         
     CLsurf  =  -0.00000     Clsurf  =  -0.00000
     CYsurf  =  -0.00000     Cmsurf  =   0.00000
     CDsurf  =   0.00000     Cnsurf  =   0.00000
     CDisurf =   0.00000     CDvsurf =   0.00000

 Forces referred to Ssurf, Cave 
     CLsurf  =   0.00000     CDsurf  =   0.00000

 Strip Forces referred to Strip Area, Chord
    j     Xle      Yle      Zle      Chord    Area     c_cl     ai     cl_norm    cl       cd       cdv    cm_c/4     cm_LE   C.P.x/c
   121  27.0137   0.0000   1.5690  10.0347   0.6931  -0.0000  -0.0000  -0.0000  -0.0000   0.0000   0.0000   0.0000   0.0000    1.763
   122  27.2327   0.0000   1.6601   9.8296   1.1101   0.0000  -0.0000   0.0000   0.0000   0.0000   0.0000  -0.0000  -0.0000    0.752
   123  27.5561   0.0000   1.7947   9.5266   1.4857  -0.0000  -0.0000  -0.0000  -0.0000  -0.0000   0.0000   0.0000   0.0000    1.844
   124  27.9815   0.0000   1.9717   9.1281   1.8040  -0.0000  -0.0000  -0.0000  -0.0000   0.0000   0.0000   0.0000   0.0000    1.286
   125  28.5051   0.0000   2.1895   8.6377   2.0517   0.0000  -0.0000   0.0000   0.0000  -0.0000   0.0000   0.0000   0.0000  999.000
   126  29.1220   0.0000   2.4462   8.0598   2.2181   0.0000  -0.0000   0.0000   0.0000   0.0000   0.0000  -0.0000  -0.0000    0.304
   127  29.8264   0.0000   2.7392   7.4000   2.2957   0.0000   0.0000   0.0000   0.0000  -0.0000   0.0000  -0.0000  -0.0000    0.827
   128  30.6115   0.0000   3.0659   6.6646   2.2808   0.0000  -0.0000   0.0000   0.0000   0.0000   0.0000  -0.0000  -0.0000  999.000
   129  31.4694   0.0000   3.4228   5.8609   2.1733  -0.0000  -0.0000  -0.0000  -0.0000   0.0000   0.0000   0.0000   0.0000    0.867
   130  32.3918   0.0000   3.8066   4.9969   1.9773  -0.0000  -0.0000  -0.0000  -0.0000   0.0000   0.0000  -0.0000  -0.0000   -0.282
   131  33.0131   0.0000   4.1929   4.4389   1.6667   0.0000  -0.0000   0.0000   0.0000   0.0000   0.0000  -0.0000  -0.0000    0.617
   132  33.3001   0.0000   4.5764   4.2198   1.6478   0.0000   0.0000   0.0000   0.0000  -0.0000   0.0000  -0.0000  -0.0000    0.660
   133  33.5969   0.0000   4.9729   3.9932   1.6033   0.0000   0.0000   0.0000   0.0000   0.0000   0.0000   0.0000  -0.0000    0.203
   134  33.9004   0.0000   5.3784   3.7615   1.5362   0.0000  -0.0000   0.0000   0.0000   0.0000   0.0000   0.0000  -0.0000    0.159
   135  34.2075   0.0000   5.7886   3.5271   1.4499   0.0000   0.0000   0.0000   0.0000   0.0000   0.0000  -0.0000  -0.0000    0.288
   136  34.5150   0.0000   6.1995   3.2923   1.3482   0.0000   0.0000   0.0000   0.0000  -0.0000   0.0000  -0.0000  -0.0000    0.375
   137  34.8197   0.0000   6.6066   3.0597   1.2352   0.0000  -0.0000   0.0000   0.0000   0.0000   0.0000   0.0000  -0.0000    0.245
   138  35.1185   0.0000   7.0058   2.8315   1.1147   0.0000  -0.0000   0.0000   0.0000  -0.0000   0.0000   0.0000  -0.0000    0.105
   139  35.4083   0.0000   7.3929   2.6103   0.9908   0.0000   0.0000   0.0000   0.0000  -0.0000   0.0000   0.0000  -0.0000    0.211
   140  35.6860   0.0000   7.7640   2.3983   0.8670   0.0000  -0.0000   0.0000   0.0000  -0.0000   0.0000   0.0000  -0.0000    0.191
   141  35.9487   0.0000   8.1150   2.1977   0.7464   0.0000  -0.0000   0.0000   0.0000  -0.0000   0.0000   0.0000  -0.0000    0.027
   142  36.1937   0.0000   8.4424   2.0106   0.6318   0.0000  -0.0000   0.0000   0.0000   0.0000   0.0000  -0.0000  -0.0000    0.269
   143  36.4185   0.0000   8.7426   1.8390   0.5251   0.0000  -0.0000   0.0000   0.0000   0.0000   0.0000   0.0000  -0.0000    0.221
   144  36.6206   0.0000   9.0127   1.6847   0.4276   0.0000  -0.0000   0.0000   0.0000  -0.0000   0.0000  -0.0000  -0.0000    0.267
   145  36.7980   0.0000   9.2496   1.5493   0.3400   0.0000  -0.0000   0.0000   0.0000  -0.0000   0.0000   0.0000  -0.0000    0.082
   146  36.9487   0.0000   9.4510   1.4342   0.2622   0.0000  -0.0000   0.0000   0.0000  -0.0000   0.0000   0.0000  -0.0000    0.084
   147  37.0713   0.0000   9.6148   1.3407   0.1933   0.0000   0.0000   0.0000   0.0000  -0.0000   0.0000   0.0000  -0.0000    0.219
   148  37.1643   0.0000   9.7391   1.2696   0.1322   0.0000  -0.0000   0.0000   0.0000  -0.0000   0.0000   0.0000   0.0000   -0.108
   149  37.2269   0.0000   9.8227   1.2218   0.0769   0.0000  -0.0000   0.0000   0.0000  -0.0000   0.0000   0.0000  -0.0000    0.003
   150  37.2584   0.0000   9.8647   1.1978   0.0252   0.0000   0.0000   0.0000   0.0000  -0.0000   0.0000   0.0000  -0.0000    0.075

  Surface # 6     fuselage_horizontal                     
     # Chordwise = 10   # Spanwise = 10     First strip =151
     Surface area Ssurf =  123.841199     Ave. chord Cave =   33.112620

 Forces referred to Sref, Cref, Bref about Xref, Yref, Zref
 Standard axis orientation,  X fwd, Z down         
     CLsurf  =  -0.00056     Clsurf  =   0.00000
     CYsurf  =  -0.00000     Cmsurf  =   0.01479
     CDsurf  =  -0.00011     Cnsurf  =   0.00000
     CDisurf =  -0.00011     CDvsurf =   0.00000

 Forces referred to Ssurf, Cave 
     CLsurf  =  -0.00056     CDsurf  =  -0.00011

 Strip Forces referred to Strip Area, Chord
    j     Xle      Yle      Zle      Chord    Area     c_cl     ai     cl_norm    cl       cd       cdv    cm_c/4     cm_LE   C.P.x/c
   151   5.0231  -1.6830   0.0000  26.5957   9.9468  -0.0267   0.0470  -0.0122  -0.0010  -0.0006   0.0000   0.0019   0.0003  999.000
   152   2.9203  -1.3090   0.0000  31.2096  11.6724  -0.0253   0.0555  -0.0031  -0.0008  -0.0002   0.0000   0.0022   0.0006  999.000
   153   1.6676  -0.9350   0.0000  34.0626  12.7394  -0.0191   0.0620  -0.0014  -0.0006  -0.0001   0.0000   0.0022   0.0008  999.000
   154   0.7666  -0.5610   0.0000  36.1620  13.5246  -0.0130   0.0666  -0.0006  -0.0004   0.0001   0.0000   0.0022   0.0010  999.000
   155   0.1963  -0.1870   0.0000  37.5333  14.0374  -0.0093   0.0693  -0.0003  -0.0003   0.0002   0.0000   0.0021   0.0015  999.000
   156   0.1963   0.1870   0.0000  37.5333  14.0374  -0.0093   0.0693  -0.0003  -0.0003   0.0002   0.0000   0.0021   0.0015  999.000
   157   0.7666   0.5610   0.0000  36.1620  13.5246  -0.0130   0.0666  -0.0006  -0.0004   0.0001   0.0000   0.0022   0.0010  999.000
   158   1.6676   0.9350   0.0000  34.0626  12.7394  -0.0191   0.0620  -0.0014  -0.0006  -0.0001   0.0000   0.0022   0.0008  999.000
   159   2.9202   1.3090   0.0000  31.2096  11.6724  -0.0253   0.0555  -0.0031  -0.0008  -0.0002   0.0000   0.0022   0.0006  999.000
   160   5.0231   1.6830   0.0000  26.5957   9.9468  -0.0267   0.0470  -0.0122  -0.0010  -0.0006   0.0000   0.0019   0.0003  999.000

  Surface # 7     fuselage_vertical                       
     # Chordwise = 10   # Spanwise = 10     First strip =161
     Surface area Ssurf =  123.841199     Ave. chord Cave =   33.112620

 Forces referred to Sref, Cref, Bref about Xref, Yref, Zref
 Standard axis orientation,  X fwd, Z down         
     CLsurf  =  -0.00000     Clsurf  =  -0.00000
     CYsurf  =  -0.00000     Cmsurf  =   0.00000
     CDsurf  =  -0.00000     Cnsurf  =   0.00000
     CDisurf =  -0.00000     CDvsurf =   0.00000

 Forces referred to Ssurf, Cave 
     CLsurf  =   0.00000     CDsurf  =  -0.00000

 Strip Forces referred to Strip Area, Chord
    j     Xle      Yle      Zle      Chord    Area     c_cl     ai     cl_norm    cl       cd       cdv    cm_c/4     cm_LE   C.P.x/c
   161   5.0231   0.0000  -1.6830  26.5957   9.9468   0.0000  -0.0000   0.0000   0.0000   0.0000   0.0000  -0.0000  -0.0000    0.458
   162   2.9203   0.0000  -1.3090  31.2096  11.6724   0.0000   0.0000   0.0000   0.0000   0.0000   0.0000  -0.0000  -0.0000    0.722
   163   1.6676   0.0000  -0.9350  34.0626  12.7394   0.0000   0.0000   0.0000   0.0000   0.0000   0.0000  -0.0000  -0.0000  999.000
   164   0.7666   0.0000  -0.5610  36.1620  13.5246  -0.0000  -0.0000  -0.0000  -0.0000  -0.0000   0.0000  -0.0000  -0.0000  999.000
   165   0.1963   0.0000  -0.1870  37.5333  14.0374   0.0000   0.0000   0.0000   0.0000  -0.0000   0.0000  -0.0000  -0.0000  999.000
   166   0.1963   0.0000   0.1870  37.5333  14.0374   0.0000   0.0000   0.0000   0.0000   0.0000   0.0000  -0.0000  -0.0000    1.070
   167   0.7666   0.0000   0.5610  36.1620  13.5246   0.0000  -0.0000   0.0000   0.0000  -0.0000   0.0000  -0.0000  -0.0000  999.000
   168   1.6676   0.0000   0.9350  34.0626  12.7394  -0.0000   0.0000  -0.0000  -0.0000   0.0000   0.0000  -0.0000  -0.0000   -0.425
   169   2.9202   0.0000   1.3090  31.2096  11.6724  -0.0000  -0.0000  -0.0000  -0.0000  -0.0000   0.0000  -0.0000  -0.0000  999.000
   170   5.0231   0.0000   1.6830  26.5957   9.9468   0.0000  -0.0000   0.0000   0.0000  -0.0000   0.0000  -0.0000  -0.0000  999.000
 ---------------------------------------------------------------
