 ---------------------------------------------------------------
 Surface and Strip Forces by surface

  Sref =  124.86       Cref =  4.4875       Bref =  34.320    
  Xref =  18.914       Yref =  0.0000       Zref =-0.17619    

  Surface # 1     main_wing                               
     # Chordwise = 10   # Spanwise = 30     First strip =  1
     Surface area Ssurf =   63.968838     Ave. chord Cave =    3.715026

 Forces referred to Sref, Cref, Bref about Xref, Yref, Zref
 Standard axis orientation,  X fwd, Z down         
     CLsurf  =   0.44782     Clsurf  =  -0.08820
     CYsurf  =  -0.02553     Cmsurf  =  -0.02674
     CDsurf  =   0.01722     Cnsurf  =  -0.01111
     CDisurf =   0.01722     CDvsurf =   0.00000

 Forces referred to Ssurf, Cave 
     CLsurf  =   0.87546     CDsurf  =   0.03362

 Strip Forces referred to Strip Area, Chord
    j     Xle      Yle      Zle      Chord    Area     c_cl     ai     cl_norm    cl       cd       cdv    cm_c/4     cm_LE   C.P.x/c
     1  13.6181   0.0114  -0.9295   7.7520   0.3539   5.7393   0.1818   0.8255   0.6394   0.8657   0.0000  -0.0509  -0.1937    0.330
     2  13.6830   0.1025  -0.9255   7.6885   1.0492   5.1276   0.1814   0.8428   0.6528   0.1556   0.0000  -0.0495  -0.1776    0.326
     3  13.8120   0.2837  -0.9176   7.5620   1.7073   5.0762   0.1801   0.8557   0.6628   0.1102   0.0000  -0.0471  -0.1766    0.321
     4  14.0037   0.5530  -0.9059   7.3741   2.3052   5.0501   0.1772   0.8752   0.6779   0.0985   0.0000  -0.0432  -0.1762    0.314
     5  14.2560   0.9075  -0.8904   7.1267   2.8223   5.0142   0.1713   0.9010   0.6978   0.0897   0.0000  -0.0387  -0.1764    0.305
     6  14.5662   1.3432  -0.8714   6.8226   3.2414   4.9565   0.1589   0.9322   0.7220   0.0805   0.0000  -0.0343  -0.1775    0.297
     7  14.9309   1.8554  -0.8490   6.4651   3.5491   4.8692   0.1339   0.9685   0.7501   0.0708   0.0000  -0.0305  -0.1800    0.291
     8  15.3460   2.4386  -0.8236   6.0582   3.7368   4.7466   0.1091   1.0096   0.7820   0.0603   0.0000  -0.0277  -0.1840    0.285
     9  15.8070   3.0862  -0.7953   5.6062   3.8005   4.5857   0.0958   1.0563   0.8181   0.0485   0.0000  -0.0261  -0.1897    0.282
    10  16.2877   3.7613  -0.7658   5.1351   3.4440   4.3960   0.0843   1.1078   0.8580   0.0369   0.0000  -0.0252  -0.1968    0.279
    11  16.7803   4.4532  -0.7356   4.6522   3.3149   4.1855   0.0706   1.1663   0.9033   0.0255   0.0000  -0.0244  -0.2052    0.277
    12  17.2999   5.1831  -0.7037   4.1429   3.0930   3.9543   0.0489   1.2403   0.9606   0.0086   0.0000  -0.0228  -0.2152    0.274
    13  17.8026   6.0123  -0.6437   3.7903   3.4706   3.7107   0.0339   1.2103   0.9861   0.0021   0.0000  -0.0159  -0.2355    0.266
    14  18.2809   6.9353  -0.5549   3.6075   3.3775   3.5189   0.0325   1.2059   0.9825   0.0024   0.0000  -0.0155  -0.2343    0.266
    15  18.7672   7.8737  -0.4645   3.4215   3.2389   3.3396   0.0287   1.2068   0.9833   0.0010   0.0000  -0.0157  -0.2347    0.266
    16  19.2562   8.8172  -0.3736   3.2345   3.0619   3.1649   0.0261   1.2100   0.9859  -0.0005   0.0000  -0.0163  -0.2357    0.267
    17  19.7425   9.7556  -0.2833   3.0486   2.8543   2.9914   0.0252   1.2137   0.9889  -0.0021   0.0000  -0.0173  -0.2372    0.267
    18  20.2208  10.6786  -0.1944   2.8657   2.6239   2.8181   0.0255   1.2166   0.9912  -0.0034   0.0000  -0.0189  -0.2391    0.269
    19  20.6858  11.5760  -0.1080   2.6879   2.3787   2.6454   0.0265   1.2174   0.9919  -0.0027   0.0000  -0.0223  -0.2423    0.272
    20  21.1299  12.4328  -0.0255   2.5181   2.1010   2.4757   0.0291   1.2177   0.9921  -0.0133   0.0000  -0.0364  -0.2545    0.287
    21  21.5482  13.2400   0.0523   2.3582   1.8520   2.3083   0.0335   1.2120   0.9874  -0.0102   0.0000  -0.0368  -0.2540    0.287
    22  21.9390  13.9941   0.1249   2.2087   1.6074   2.1385   0.0399   1.1988   0.9767  -0.0098   0.0000  -0.0349  -0.2499    0.286
    23  22.2979  14.6868   0.1916   2.0715   1.3716   1.9608   0.0483   1.1720   0.9549  -0.0099   0.0000  -0.0313  -0.2418    0.283
    24  22.6211  15.3105   0.2516   1.9479   1.1479   1.7673   0.0585   1.1234   0.9153  -0.0098   0.0000  -0.0258  -0.2280    0.278
    25  22.9051  15.8583   0.3044   1.8393   0.9381   1.5494   0.0696   1.0430   0.8498  -0.0085   0.0000  -0.0199  -0.2081    0.273
    26  23.1466  16.3244   0.3493   1.7470   0.7427   1.3004   0.0808   0.9209   0.7503  -0.0029   0.0000  -0.0190  -0.1852    0.275
    27  23.5299  16.6722   0.3828   1.4928   0.4131   1.0313   0.0916   2.3394   0.7003  -0.0334   0.0000  -0.0089  -0.0903    0.263
    28  23.9809  16.9098   0.4056   1.1466   0.2292   0.7585   0.1042   2.2585   0.6760  -0.0766   0.0000   0.0220  -0.0726    0.217
    29  24.2843  17.0696   0.4210   0.9138   0.1104   0.4653   0.1131   1.7590   0.5265  -0.1082   0.0000   0.0480  -0.0417    0.159
    30  24.4368  17.1499   0.4287   0.7967   0.0322   0.1569   0.1179   0.6969   0.2086  -0.0811   0.0000   0.0296  -0.0111    0.108

  Surface # 2     main_wing (YDUP)                        
     # Chordwise = 10   # Spanwise = 30     First strip = 31
     Surface area Ssurf =   63.968838     Ave. chord Cave =    3.715026

 Forces referred to Sref, Cref, Bref about Xref, Yref, Zref
 Standard axis orientation,  X fwd, Z down         
     CLsurf  =   0.44782     Clsurf  =   0.08820
     CYsurf  =   0.02553     Cmsurf  =  -0.02674
     CDsurf  =   0.01722     Cnsurf  =   0.01111
     CDisurf =   0.01722     CDvsurf =   0.00000

 Forces referred to Ssurf, Cave 
     CLsurf  =   0.87546     CDsurf  =   0.03362

 Strip Forces referred to Strip Area, Chord
    j     Xle      Yle      Zle      Chord    Area     c_cl     ai     cl_norm    cl       cd       cdv    cm_c/4     cm_LE   C.P.x/c
    31  13.6181  -0.0114  -0.9295   7.7520   0.3539   5.7393   0.1818   0.8255   0.6394   0.8657   0.0000  -0.0509   0.1937    0.330
    32  13.6830  -0.1025  -0.9255   7.6885   1.0492   5.1276   0.1814   0.8428   0.6528   0.1556   0.0000  -0.0495   0.1776    0.326
    33  13.8120  -0.2837  -0.9176   7.5620   1.7073   5.0762   0.1801   0.8557   0.6628   0.1102   0.0000  -0.0471   0.1766    0.321
    34  14.0037  -0.5530  -0.9059   7.3741   2.3052   5.0501   0.1772   0.8752   0.6779   0.0985   0.0000  -0.0432   0.1762    0.314
    35  14.2560  -0.9075  -0.8904   7.1267   2.8223   5.0142   0.1713   0.9010   0.6978   0.0897   0.0000  -0.0387   0.1764    0.305
    36  14.5662  -1.3432  -0.8714   6.8226   3.2414   4.9565   0.1589   0.9322   0.7220   0.0805   0.0000  -0.0343   0.1775    0.297
    37  14.9309  -1.8554  -0.8490   6.4651   3.5491   4.8692   0.1339   0.9685   0.7501   0.0708   0.0000  -0.0305   0.1800    0.291
    38  15.3460  -2.4386  -0.8236   6.0582   3.7368   4.7466   0.1091   1.0096   0.7820   0.0603   0.0000  -0.0277   0.1840    0.285
    39  15.8070  -3.0862  -0.7953   5.6062   3.8005   4.5857   0.0958   1.0563   0.8181   0.0485   0.0000  -0.0261   0.1897    0.282
    40  16.2877  -3.7613  -0.7658   5.1351   3.4440   4.3960   0.0843   1.1078   0.8580   0.0369   0.0000  -0.0252   0.1968    0.279
    41  16.7803  -4.4532  -0.7356   4.6522   3.3149   4.1855   0.0706   1.1663   0.9033   0.0255   0.0000  -0.0244   0.2052    0.277
    42  17.2999  -5.1831  -0.7037   4.1429   3.0930   3.9543   0.0489   1.2403   0.9606   0.0086   0.0000  -0.0228   0.2152    0.274
    43  17.8026  -6.0123  -0.6437   3.7903   3.4706   3.7107   0.0339   1.2103   0.9861   0.0021   0.0000  -0.0159   0.2355    0.266
    44  18.2809  -6.9353  -0.5549   3.6075   3.3775   3.5189   0.0325   1.2059   0.9825   0.0024   0.0000  -0.0155   0.2343    0.266
    45  18.7672  -7.8737  -0.4645   3.4215   3.2389   3.3396   0.0287   1.2068   0.9833   0.0010   0.0000  -0.0157   0.2347    0.266
    46  19.2562  -8.8172  -0.3736   3.2345   3.0619   3.1649   0.0261   1.2100   0.9859  -0.0005   0.0000  -0.0163   0.2357    0.267
    47  19.7425  -9.7556  -0.2833   3.0486   2.8543   2.9914   0.0252   1.2137   0.9889  -0.0021   0.0000  -0.0173   0.2372    0.267
    48  20.2208 -10.6786  -0.1944   2.8657   2.6239   2.8181   0.0255   1.2166   0.9912  -0.0034   0.0000  -0.0189   0.2391    0.269
    49  20.6858 -11.5760  -0.1080   2.6879   2.3787   2.6454   0.0265   1.2174   0.9919  -0.0027   0.0000  -0.0223   0.2423    0.272
    50  21.1299 -12.4328  -0.0255   2.5181   2.1010   2.4757   0.0291   1.2177   0.9921  -0.0133   0.0000  -0.0364   0.2545    0.287
    51  21.5482 -13.2400   0.0523   2.3582   1.8520   2.3083   0.0335   1.2120   0.9874  -0.0102   0.0000  -0.0368   0.2540    0.287
    52  21.9390 -13.9941   0.1249   2.2087   1.6074   2.1385   0.0399   1.1988   0.9767  -0.0098   0.0000  -0.0349   0.2499    0.286
    53  22.2979 -14.6868   0.1916   2.0715   1.3716   1.9608   0.0483   1.1720   0.9549  -0.0099   0.0000  -0.0313   0.2418    0.283
    54  22.6211 -15.3105   0.2516   1.9479   1.1479   1.7673   0.0585   1.1234   0.9153  -0.0098   0.0000  -0.0258   0.2280    0.278
    55  22.9051 -15.8583   0.3044   1.8393   0.9381   1.5494   0.0696   1.0430   0.8498  -0.0085   0.0000  -0.0199   0.2081    0.273
    56  23.1466 -16.3244   0.3493   1.7470   0.7427   1.3004   0.0808   0.9209   0.7503  -0.0029   0.0000  -0.0190   0.1852    0.275
    57  23.5299 -16.6722   0.3828   1.4928   0.4131   1.0313   0.0916   2.3394   0.7003  -0.0334   0.0000  -0.0089   0.0903    0.263
    58  23.9809 -16.9098   0.4056   1.1466   0.2292   0.7585   0.1042   2.2585   0.6760  -0.0766   0.0000   0.0220   0.0726    0.217
    59  24.2843 -17.0696   0.4210   0.9138   0.1104   0.4653   0.1131   1.7590   0.5265  -0.1082   0.0000   0.0480   0.0417    0.159
    60  24.4368 -17.1499   0.4287   0.7967   0.0322   0.1569   0.1179   0.6969   0.2086  -0.0811   0.0000   0.0296   0.0111    0.108

  Surface # 3     horizontal_stabilizer                   
     # Chordwise = 10   # Spanwise = 30     First strip = 61
     Surface area Ssurf =   20.744605     Ave. chord Cave =    2.848571

 Forces referred to Sref, Cref, Bref about Xref, Yref, Zref
 Standard axis orientation,  X fwd, Z down         
     CLsurf  =   0.04319     Clsurf  =  -0.00447
     CYsurf  =  -0.00701     Cmsurf  =  -0.16469
     CDsurf  =   0.00354     Cnsurf  =   0.00317
     CDisurf =   0.00354     CDvsurf =   0.00000

 Forces referred to Ssurf, Cave 
     CLsurf  =   0.26334     CDsurf  =   0.02130

 Strip Forces referred to Strip Area, Chord
    j     Xle      Yle      Zle      Chord    Area     c_cl     ai     cl_norm    cl       cd       cdv    cm_c/4     cm_LE   C.P.x/c
    61  33.0230   0.0046   1.4667   4.2713   0.0803   1.0432   0.1303   0.3016   0.2302   0.1291   0.0000  -0.0152  -0.0657    0.316
    62  33.0469   0.0418   1.4723   4.2566   0.2392   0.8896   0.1307   0.2710   0.2068   0.0302   0.0000  -0.0144  -0.0576    0.319
    63  33.0943   0.1156   1.4835   4.2274   0.3930   0.8779   0.1308   0.2703   0.2063   0.0235   0.0000  -0.0138  -0.0568    0.317
    64  33.1649   0.2254   1.5002   4.1839   0.5386   0.8750   0.1303   0.2725   0.2080   0.0222   0.0000  -0.0127  -0.0563    0.311
    65  33.2578   0.3698   1.5221   4.1268   0.6730   0.8737   0.1291   0.2760   0.2106   0.0217   0.0000  -0.0114  -0.0557    0.304
    66  33.3719   0.5474   1.5490   4.0565   0.7936   0.8724   0.1269   0.2804   0.2140   0.0215   0.0000  -0.0099  -0.0552    0.296
    67  33.5097   0.7617   1.5816   3.9717   0.9441   0.8705   0.1237   0.2859   0.2182   0.0213   0.0000  -0.0084  -0.0548    0.288
    68  33.6704   1.0116   1.6195   3.8728   1.0344   0.8677   0.1191   0.2923   0.2231   0.0212   0.0000  -0.0070  -0.0547    0.281
    69  33.8488   1.2891   1.6616   3.7630   1.1046   0.8640   0.1134   0.2997   0.2287   0.0212   0.0000  -0.0057  -0.0549    0.275
    70  34.0430   1.5912   1.7075   3.6435   1.1542   0.8593   0.1071   0.3079   0.2350   0.0212   0.0000  -0.0047  -0.0554    0.270
    71  34.2510   1.9146   1.7565   3.5155   1.1831   0.8539   0.1007   0.3172   0.2421   0.0213   0.0000  -0.0037  -0.0561    0.265
    72  34.4703   2.2558   1.8083   3.3805   1.1921   0.8478   0.0950   0.3276   0.2500   0.0215   0.0000  -0.0029  -0.0572    0.262
    73  34.6987   2.6109   1.8622   3.2400   1.1821   0.8410   0.0906   0.3391   0.2588   0.0217   0.0000  -0.0022  -0.0585    0.258
    74  34.9335   2.9762   1.9177   3.0955   1.1548   0.8332   0.0873   0.3518   0.2685   0.0220   0.0000  -0.0014  -0.0600    0.255
    75  35.1723   3.3476   1.9740   2.9485   1.1122   0.8242   0.0850   0.3654   0.2789   0.0222   0.0000  -0.0007  -0.0616    0.253
    76  35.4124   3.7210   2.0307   2.8008   1.0564   0.8132   0.0835   0.3797   0.2898   0.0223   0.0000   0.0001  -0.0633    0.250
    77  35.6512   4.0924   2.0871   2.6538   0.9900   0.7997   0.0826   0.3942   0.3008   0.0224   0.0000   0.0010  -0.0649    0.247
    78  35.8861   4.4577   2.1425   2.5093   0.9155   0.7829   0.0824   0.4082   0.3116   0.0224   0.0000   0.0022  -0.0663    0.243
    79  36.1144   4.8128   2.1964   2.3687   0.8353   0.7619   0.0828   0.4210   0.3213   0.0222   0.0000   0.0035  -0.0673    0.239
    80  36.3338   5.1540   2.2482   2.2338   0.7518   0.7358   0.0838   0.4313   0.3292   0.0217   0.0000   0.0052  -0.0676    0.234
    81  36.5417   5.4774   2.2973   2.1058   0.6671   0.7040   0.0853   0.4379   0.3342   0.0210   0.0000   0.0073  -0.0669    0.228
    82  36.7359   5.7795   2.3431   1.9862   0.5830   0.6656   0.0873   0.4392   0.3352   0.0200   0.0000   0.0098  -0.0649    0.221
    83  36.9144   6.0570   2.3852   1.8764   0.5012   0.6202   0.0896   0.4333   0.3307   0.0186   0.0000   0.0129  -0.0614    0.211
    84  37.0750   6.3069   2.4232   1.7776   0.4225   0.5674   0.0921   0.4186   0.3195   0.0167   0.0000   0.0162  -0.0562    0.199
    85  37.2162   6.5264   2.4565   1.6907   0.3478   0.5070   0.0945   0.3935   0.3003   0.0144   0.0000   0.0194  -0.0493    0.185
    86  37.3480   6.7314   2.4876   1.6096   0.3326   0.4359   0.0968   0.3557   0.2714   0.0118   0.0000   0.0221  -0.0407    0.169
    87  37.4657   6.9144   2.5154   1.5372   0.2507   0.3505   0.0989   0.2997   0.2287   0.0083   0.0000   0.0232  -0.0304    0.148
    88  37.5551   7.0535   2.5365   1.4822   0.1746   0.2566   0.1005   0.2278   0.1738   0.0047   0.0000   0.0211  -0.0202    0.128
    89  37.6153   7.1471   2.5508   1.4451   0.1029   0.1565   0.1017   0.1428   0.1089   0.0014   0.0000   0.0151  -0.0111    0.112
    90  37.6455   7.1941   2.5579   1.4265   0.0340   0.0526   0.1023   0.0490   0.0374  -0.0018   0.0000   0.0055  -0.0035    0.103

  Surface # 4     horizontal_stabilizer (YDUP)            
     # Chordwise = 10   # Spanwise = 30     First strip = 91
     Surface area Ssurf =   20.744605     Ave. chord Cave =    2.848571

 Forces referred to Sref, Cref, Bref about Xref, Yref, Zref
 Standard axis orientation,  X fwd, Z down         
     CLsurf  =   0.04319     Clsurf  =   0.00447
     CYsurf  =   0.00701     Cmsurf  =  -0.16469
     CDsurf  =   0.00354     Cnsurf  =  -0.00317
     CDisurf =   0.00354     CDvsurf =   0.00000

 Forces referred to Ssurf, Cave 
     CLsurf  =   0.26334     CDsurf  =   0.02130

 Strip Forces referred to Strip Area, Chord
    j     Xle      Yle      Zle      Chord    Area     c_cl     ai     cl_norm    cl       cd       cdv    cm_c/4     cm_LE   C.P.x/c
    91  33.0230  -0.0046   1.4667   4.2713   0.0803   1.0432   0.1303   0.3016   0.2302   0.1291   0.0000  -0.0152   0.0657    0.316
    92  33.0469  -0.0418   1.4723   4.2566   0.2392   0.8896   0.1307   0.2710   0.2068   0.0302   0.0000  -0.0144   0.0576    0.319
    93  33.0943  -0.1156   1.4835   4.2274   0.3930   0.8779   0.1308   0.2703   0.2063   0.0235   0.0000  -0.0138   0.0568    0.317
    94  33.1649  -0.2254   1.5002   4.1839   0.5386   0.8750   0.1303   0.2725   0.2080   0.0222   0.0000  -0.0127   0.0563    0.311
    95  33.2578  -0.3698   1.5221   4.1268   0.6730   0.8737   0.1291   0.2760   0.2106   0.0217   0.0000  -0.0114   0.0557    0.304
    96  33.3719  -0.5474   1.5490   4.0565   0.7936   0.8724   0.1269   0.2804   0.2140   0.0215   0.0000  -0.0099   0.0552    0.296
    97  33.5097  -0.7617   1.5816   3.9717   0.9441   0.8705   0.1237   0.2859   0.2182   0.0213   0.0000  -0.0084   0.0548    0.288
    98  33.6704  -1.0116   1.6195   3.8728   1.0344   0.8677   0.1191   0.2923   0.2231   0.0212   0.0000  -0.0070   0.0547    0.281
    99  33.8488  -1.2891   1.6616   3.7630   1.1046   0.8640   0.1134   0.2997   0.2287   0.0212   0.0000  -0.0057   0.0549    0.275
   100  34.0430  -1.5912   1.7075   3.6435   1.1542   0.8593   0.1071   0.3079   0.2350   0.0212   0.0000  -0.0047   0.0554    0.270
   101  34.2510  -1.9146   1.7565   3.5155   1.1831   0.8539   0.1007   0.3172   0.2421   0.0213   0.0000  -0.0037   0.0561    0.265
   102  34.4703  -2.2558   1.8083   3.3805   1.1921   0.8478   0.0950   0.3276   0.2500   0.0215   0.0000  -0.0029   0.0572    0.262
   103  34.6987  -2.6109   1.8622   3.2400   1.1821   0.8410   0.0906   0.3391   0.2588   0.0217   0.0000  -0.0022   0.0585    0.258
   104  34.9335  -2.9762   1.9177   3.0955   1.1548   0.8332   0.0873   0.3518   0.2685   0.0220   0.0000  -0.0014   0.0600    0.255
   105  35.1723  -3.3476   1.9740   2.9485   1.1122   0.8242   0.0850   0.3654   0.2789   0.0222   0.0000  -0.0007   0.0616    0.253
   106  35.4124  -3.7210   2.0307   2.8008   1.0564   0.8132   0.0835   0.3797   0.2898   0.0223   0.0000   0.0001   0.0633    0.250
   107  35.6512  -4.0924   2.0871   2.6538   0.9900   0.7997   0.0826   0.3942   0.3008   0.0224   0.0000   0.0010   0.0649    0.247
   108  35.8861  -4.4577   2.1425   2.5093   0.9155   0.7829   0.0824   0.4082   0.3116   0.0224   0.0000   0.0022   0.0663    0.243
   109  36.1144  -4.8128   2.1964   2.3687   0.8353   0.7619   0.0828   0.4210   0.3213   0.0222   0.0000   0.0035   0.0673    0.239
   110  36.3338  -5.1540   2.2482   2.2338   0.7518   0.7358   0.0838   0.4313   0.3292   0.0217   0.0000   0.0052   0.0676    0.234
   111  36.5417  -5.4774   2.2973   2.1058   0.6671   0.7040   0.0853   0.4379   0.3342   0.0210   0.0000   0.0073   0.0669    0.228
   112  36.7359  -5.7795   2.3431   1.9862   0.5830   0.6656   0.0873   0.4392   0.3352   0.0200   0.0000   0.0098   0.0649    0.221
   113  36.9144  -6.0570   2.3852   1.8764   0.5012   0.6202   0.0896   0.4333   0.3307   0.0186   0.0000   0.0129   0.0614    0.211
   114  37.0750  -6.3069   2.4232   1.7776   0.4225   0.5674   0.0921   0.4186   0.3195   0.0167   0.0000   0.0162   0.0562    0.199
   115  37.2162  -6.5264   2.4565   1.6907   0.3478   0.5070   0.0945   0.3935   0.3003   0.0144   0.0000   0.0194   0.0493    0.185
   116  37.3480  -6.7314   2.4876   1.6096   0.3326   0.4359   0.0968   0.3557   0.2714   0.0118   0.0000   0.0221   0.0407    0.169
   117  37.4657  -6.9144   2.5154   1.5372   0.2507   0.3505   0.0989   0.2997   0.2287   0.0083   0.0000   0.0232   0.0304    0.148
   118  37.5551  -7.0535   2.5365   1.4822   0.1746   0.2566   0.1005   0.2278   0.1738   0.0047   0.0000   0.0211   0.0202    0.128
   119  37.6153  -7.1471   2.5508   1.4451   0.1029   0.1565   0.1017   0.1428   0.1089   0.0014   0.0000   0.0151   0.0111    0.112
   120  37.6455  -7.1941   2.5579   1.4265   0.0340   0.0526   0.1023   0.0490   0.0374  -0.0018   0.0000   0.0055   0.0035    0.103

  Surface # 5     vertical_stabilizer                     
     # Chordwise = 10   # Spanwise = 30     First strip =121
     Surface area Ssurf =   34.910363     Ave. chord Cave =    4.190920

 Forces referred to Sref, Cref, Bref about Xref, Yref, Zref
 Standard axis orientation,  X fwd, Z down         
     CLsurf  =  -0.00000     Clsurf  =  -0.00000
     CYsurf  =  -0.00000     Cmsurf  =   0.00000
     CDsurf  =   0.00000     Cnsurf  =   0.00000
     CDisurf =   0.00000     CDvsurf =   0.00000

 Forces referred to Ssurf, Cave 
     CLsurf  =   0.00000     CDsurf  =   0.00000

 Strip Forces referred to Strip Area, Chord
    j     Xle      Yle      Zle      Chord    Area     c_cl     ai     cl_norm    cl       cd       cdv    cm_c/4     cm_LE   C.P.x/c
   121  27.0137   0.0000   1.5690  10.0347   0.6931  -0.0000  -0.0000  -0.0000  -0.0000  -0.0000   0.0000   0.0000   0.0000    0.462
   122  27.2327   0.0000   1.6601   9.8296   1.1101  -0.0000  -0.0000  -0.0000  -0.0000   0.0000   0.0000   0.0000   0.0000    0.691
   123  27.5561   0.0000   1.7947   9.5266   1.4857  -0.0000  -0.0000  -0.0000  -0.0000   0.0000   0.0000   0.0000   0.0000    0.470
   124  27.9815   0.0000   1.9717   9.1281   1.8040  -0.0000   0.0000  -0.0000  -0.0000   0.0000   0.0000   0.0000   0.0000    0.343
   125  28.5051   0.0000   2.1895   8.6377   2.0517  -0.0000  -0.0000  -0.0000  -0.0000   0.0000   0.0000  -0.0000   0.0000    0.213
   126  29.1220   0.0000   2.4462   8.0598   2.2181  -0.0000  -0.0000  -0.0000  -0.0000  -0.0000   0.0000  -0.0000  -0.0000  999.000
   127  29.8264   0.0000   2.7392   7.4000   2.2957   0.0000  -0.0000   0.0000   0.0000   0.0000   0.0000  -0.0000  -0.0000    1.332
   128  30.6115   0.0000   3.0659   6.6646   2.2808   0.0000  -0.0000   0.0000   0.0000   0.0000   0.0000  -0.0000  -0.0000    0.801
   129  31.4694   0.0000   3.4228   5.8609   2.1733   0.0000   0.0000   0.0000   0.0000  -0.0000   0.0000  -0.0000  -0.0000    0.502
   130  32.3918   0.0000   3.8066   4.9969   1.9773   0.0000   0.0000   0.0000   0.0000  -0.0000   0.0000  -0.0000  -0.0000    0.594
   131  33.0131   0.0000   4.1929   4.4389   1.6667   0.0000  -0.0000   0.0000   0.0000   0.0000   0.0000  -0.0000  -0.0000    0.473
   132  33.3001   0.0000   4.5764   4.2198   1.6478   0.0000  -0.0000   0.0000   0.0000  -0.0000   0.0000  -0.0000  -0.0000    0.454
   133  33.5969   0.0000   4.9729   3.9932   1.6033   0.0000   0.0000   0.0000   0.0000   0.0000   0.0000  -0.0000  -0.0000    0.607
   134  33.9004   0.0000   5.3784   3.7615   1.5362   0.0000   0.0000   0.0000   0.0000   0.0000   0.0000  -0.0000  -0.0000    0.471
   135  34.2075   0.0000   5.7886   3.5271   1.4499   0.0000   0.0000   0.0000   0.0000   0.0000   0.0000  -0.0000  -0.0000    0.504
   136  34.5150   0.0000   6.1995   3.2923   1.3482   0.0000  -0.0000   0.0000   0.0000   0.0000   0.0000  -0.0000  -0.0000    0.297
   137  34.8197   0.0000   6.6066   3.0597   1.2352   0.0000   0.0000   0.0000   0.0000   0.0000   0.0000  -0.0000  -0.0000    0.410
   138  35.1185   0.0000   7.0058   2.8315   1.1147   0.0000  -0.0000   0.0000   0.0000  -0.0000   0.0000  -0.0000  -0.0000    0.496
   139  35.4083   0.0000   7.3929   2.6103   0.9908   0.0000  -0.0000   0.0000   0.0000   0.0000   0.0000  -0.0000  -0.0000    0.602
   140  35.6860   0.0000   7.7640   2.3983   0.8670   0.0000  -0.0000   0.0000   0.0000  -0.0000   0.0000  -0.0000  -0.0000    0.490
   141  35.9487   0.0000   8.1150   2.1977   0.7464   0.0000  -0.0000   0.0000   0.0000  -0.0000   0.0000   0.0000  -0.0000    0.224
   142  36.1937   0.0000   8.4424   2.0106   0.6318   0.0000  -0.0000   0.0000   0.0000   0.0000   0.0000   0.0000  -0.0000    0.084
   143  36.4185   0.0000   8.7426   1.8390   0.5251   0.0000   0.0000   0.0000   0.0000   0.0000   0.0000   0.0000  -0.0000    0.137
   144  36.6206   0.0000   9.0127   1.6847   0.4276   0.0000   0.0000   0.0000   0.0000  -0.0000   0.0000   0.0000  -0.0000    0.056
   145  36.7980   0.0000   9.2496   1.5493   0.3400   0.0000  -0.0000   0.0000   0.0000   0.0000   0.0000   0.0000   0.0000   -0.380
   146  36.9487   0.0000   9.4510   1.4342   0.2622   0.0000  -0.0000   0.0000   0.0000  -0.0000   0.0000   0.0000   0.0000   -0.099
   147  37.0713   0.0000   9.6148   1.3407   0.1933   0.0000   0.0000   0.0000   0.0000  -0.0000   0.0000   0.0000  -0.0000    0.065
   148  37.1643   0.0000   9.7391   1.2696   0.1322   0.0000  -0.0000   0.0000   0.0000  -0.0000   0.0000   0.0000   0.0000   -0.509
   149  37.2269   0.0000   9.8227   1.2218   0.0769   0.0000   0.0000   0.0000   0.0000   0.0000   0.0000   0.0000  -0.0000   -0.056
   150  37.2584   0.0000   9.8647   1.1978   0.0252   0.0000  -0.0000   0.0000   0.0000  -0.0000   0.0000   0.0000   0.0000   -0.232

  Surface # 6     fuselage_horizontal                     
     # Chordwise = 10   # Spanwise = 10     First strip =151
     Surface area Ssurf =  123.841199     Ave. chord Cave =   33.112620

 Forces referred to Sref, Cref, Bref about Xref, Yref, Zref
 Standard axis orientation,  X fwd, Z down         
     CLsurf  =   0.01037     Clsurf  =   0.00000
     CYsurf  =   0.00000     Cmsurf  =   0.06885
     CDsurf  =  -0.00018     Cnsurf  =  -0.00000
     CDisurf =  -0.00018     CDvsurf =   0.00000

 Forces referred to Ssurf, Cave 
     CLsurf  =   0.01046     CDsurf  =  -0.00018

 Strip Forces referred to Strip Area, Chord
    j     Xle      Yle      Zle      Chord    Area     c_cl     ai     cl_norm    cl       cd       cdv    cm_c/4     cm_LE   C.P.x/c
   151   5.0231  -1.6830   0.0000  26.5957   9.9468   0.2355   0.1861   0.1004   0.0093  -0.0034   0.0000   0.0045   0.0003   -0.227
   152   2.9203  -1.3090   0.0000  31.2096  11.6724   0.3360   0.2012   0.0411   0.0110  -0.0010   0.0000   0.0056   0.0007   -0.260
   153   1.6676  -0.9350   0.0000  34.0626  12.7394   0.3654   0.1845   0.0259   0.0108  -0.0001   0.0000   0.0068   0.0014   -0.381
   154   0.7666  -0.5610   0.0000  36.1620  13.5246   0.3833   0.1800   0.0176   0.0106   0.0007   0.0000   0.0074   0.0021   -0.447
   155   0.1963  -0.1870   0.0000  37.5333  14.0374   0.3944   0.1809   0.0120   0.0104   0.0019   0.0000   0.0075   0.0034   -0.477
   156   0.1963   0.1870   0.0000  37.5333  14.0374   0.3944   0.1809   0.0120   0.0104   0.0019   0.0000   0.0075   0.0034   -0.477
   157   0.7666   0.5610   0.0000  36.1620  13.5246   0.3833   0.1800   0.0176   0.0106   0.0007   0.0000   0.0074   0.0021   -0.447
   158   1.6676   0.9350   0.0000  34.0626  12.7394   0.3654   0.1845   0.0259   0.0108  -0.0001   0.0000   0.0068   0.0014   -0.381
   159   2.9202   1.3090   0.0000  31.2096  11.6724   0.3360   0.2012   0.0411   0.0110  -0.0010   0.0000   0.0056   0.0007   -0.260
   160   5.0231   1.6830   0.0000  26.5957   9.9468   0.2355   0.1861   0.1004   0.0093  -0.0034   0.0000   0.0045   0.0003   -0.227

  Surface # 7     fuselage_vertical                       
     # Chordwise = 10   # Spanwise = 10     First strip =161
     Surface area Ssurf =  123.841199     Ave. chord Cave =   33.112620

 Forces referred to Sref, Cref, Bref about Xref, Yref, Zref
 Standard axis orientation,  X fwd, Z down         
     CLsurf  =  -0.00000     Clsurf  =  -0.00000
     CYsurf  =   0.00000     Cmsurf  =   0.00000
     CDsurf  =   0.00000     Cnsurf  =  -0.00000
     CDisurf =   0.00000     CDvsurf =   0.00000

 Forces referred to Ssurf, Cave 
     CLsurf  =  -0.00000     CDsurf  =   0.00000

 Strip Forces referred to Strip Area, Chord
    j     Xle      Yle      Zle      Chord    Area     c_cl     ai     cl_norm    cl       cd       cdv    cm_c/4     cm_LE   C.P.x/c
   161   5.0231   0.0000  -1.6830  26.5957   9.9468   0.0000  -0.0000   0.0000   0.0000   0.0000   0.0000  -0.0000  -0.0000    1.363
   162   2.9203   0.0000  -1.3090  31.2096  11.6724  -0.0000  -0.0000  -0.0000  -0.0000   0.0000   0.0000  -0.0000  -0.0000   -0.456
   163   1.6676   0.0000  -0.9350  34.0626  12.7394  -0.0000   0.0000  -0.0000  -0.0000   0.0000   0.0000  -0.0000  -0.0000    0.189
   164   0.7666   0.0000  -0.5610  36.1620  13.5246  -0.0000   0.0000  -0.0000  -0.0000   0.0000   0.0000   0.0000   0.0000    0.505
   165   0.1963   0.0000  -0.1870  37.5333  14.0374  -0.0000   0.0000  -0.0000  -0.0000   0.0000   0.0000   0.0000   0.0000    0.574
   166   0.1963   0.0000   0.1870  37.5333  14.0374  -0.0000  -0.0000  -0.0000  -0.0000   0.0000   0.0000   0.0000   0.0000    0.649
   167   0.7666   0.0000   0.5610  36.1620  13.5246  -0.0000   0.0000  -0.0000  -0.0000   0.0000   0.0000   0.0000   0.0000    0.628
   168   1.6676   0.0000   0.9350  34.0626  12.7394  -0.0000  -0.0000  -0.0000  -0.0000   0.0000   0.0000   0.0000   0.0000    0.627
   169   2.9202   0.0000   1.3090  31.2096  11.6724  -0.0000  -0.0000  -0.0000  -0.0000  -0.0000   0.0000   0.0000   0.0000    0.780
   170   5.0231   0.0000   1.6830  26.5957   9.9468  -0.0000  -0.0000  -0.0000  -0.0000   0.0000   0.0000   0.0000   0.0000    0.911
 ---------------------------------------------------------------
