 ---------------------------------------------------------------
 Surface and Strip Forces by surface

  Sref =  124.86       Cref =  4.4875       Bref =  34.320    
  Xref =  18.914       Yref =  0.0000       Zref =-0.17619    

  Surface # 1     main_wing                               
     # Chordwise = 10   # Spanwise = 30     First strip =  1
     Surface area Ssurf =   63.968838     Ave. chord Cave =    3.715026

 Forces referred to Sref, Cref, Bref about Xref, Yref, Zref
 Standard axis orientation,  X fwd, Z down         
     CLsurf  =   0.01442     Clsurf  =   0.00193
     CYsurf  =  -0.00023     Cmsurf  =   0.01024
     CDsurf  =   0.00044     Cnsurf  =  -0.00016
     CDisurf =   0.00044     CDvsurf =   0.00000

 Forces referred to Ssurf, Cave 
     CLsurf  =   0.02811     CDsurf  =   0.00086

 Strip Forces referred to Strip Area, Chord
    j     Xle      Yle      Zle      Chord    Area     c_cl     ai     cl_norm    cl       cd       cdv    cm_c/4     cm_LE   C.P.x/c
     1  13.6181   0.0114  -0.9295   7.7520   0.3539   0.8165   0.0132   0.1366   0.1062   0.0227   0.0000  -0.0089  -0.0287    0.334
     2  13.6830   0.1025  -0.9255   7.6885   1.0492   0.8011   0.0124   0.1344   0.1044   0.0053   0.0000  -0.0089  -0.0284    0.335
     3  13.8120   0.2837  -0.9176   7.5620   1.7073   0.7962   0.0107   0.1357   0.1055   0.0041   0.0000  -0.0086  -0.0284    0.332
     4  14.0037   0.5530  -0.9059   7.3741   2.3052   0.7853   0.0081   0.1373   0.1067   0.0036   0.0000  -0.0083  -0.0284    0.327
     5  14.2560   0.9075  -0.8904   7.1267   2.8223   0.7637   0.0054   0.1381   0.1073   0.0030   0.0000  -0.0079  -0.0282    0.324
     6  14.5662   1.3432  -0.8714   6.8226   3.2414   0.7272   0.0058   0.1373   0.1067   0.0024   0.0000  -0.0078  -0.0280    0.323
     7  14.9309   1.8554  -0.8490   6.4651   3.5491   0.6728   0.0156   0.1341   0.1042   0.0017   0.0000  -0.0080  -0.0277    0.327
     8  15.3460   2.4386  -0.8236   6.0582   3.7368   0.5982   0.0233   0.1272   0.0988   0.0010   0.0000  -0.0086  -0.0270    0.337
     9  15.8070   3.0862  -0.7953   5.6062   3.8005   0.5039   0.0161   0.1157   0.0899   0.0003   0.0000  -0.0095  -0.0260    0.356
    10  16.2877   3.7613  -0.7658   5.1351   3.4440   0.3992   0.0064   0.1001   0.0778  -0.0002   0.0000  -0.0106  -0.0244    0.387
    11  16.7803   4.4532  -0.7356   4.6522   3.3149   0.2905  -0.0018   0.0804   0.0625  -0.0005   0.0000  -0.0117  -0.0223    0.438
    12  17.2999   5.1831  -0.7037   4.1429   3.0930   0.1774  -0.0120   0.0551   0.0428  -0.0006   0.0000  -0.0134  -0.0196    0.563
    13  17.8026   6.0123  -0.6437   3.7903   3.4706   0.0778  -0.0168   0.0249   0.0205  -0.0003   0.0000  -0.0151  -0.0180    0.984
    14  18.2809   6.9353  -0.5549   3.6075   3.3775   0.0092  -0.0122   0.0031   0.0025  -0.0001   0.0000  -0.0161  -0.0149  999.000
    15  18.7672   7.8737  -0.4645   3.4215   3.2389  -0.0431  -0.0085  -0.0153  -0.0126   0.0001   0.0000  -0.0172  -0.0125  999.000
    16  19.2562   8.8172  -0.3736   3.2345   3.0619  -0.0839  -0.0064  -0.0315  -0.0260   0.0003   0.0000  -0.0185  -0.0107   -0.461
    17  19.7425   9.7556  -0.2833   3.0486   2.8543  -0.1161  -0.0059  -0.0462  -0.0381   0.0003   0.0000  -0.0200  -0.0094   -0.275
    18  20.2208  10.6786  -0.1944   2.8657   2.6239  -0.1411  -0.0065  -0.0598  -0.0492   0.0004   0.0000  -0.0223  -0.0089   -0.202
    19  20.6858  11.5760  -0.1080   2.6879   2.3787  -0.1589  -0.0076  -0.0718  -0.0591   0.0002   0.0000  -0.0266  -0.0106   -0.199
    20  21.1299  12.4328  -0.0255   2.5181   2.1010  -0.1680  -0.0085  -0.0810  -0.0667   0.0015   0.0000  -0.0420  -0.0226   -0.380
    21  21.5482  13.2400   0.0523   2.3582   1.8520  -0.1685  -0.0087  -0.0868  -0.0715   0.0004   0.0000  -0.0443  -0.0237   -0.370
    22  21.9390  13.9941   0.1249   2.2087   1.6074  -0.1620  -0.0087  -0.0891  -0.0734   0.0001   0.0000  -0.0454  -0.0242   -0.368
    23  22.2979  14.6868   0.1916   2.0715   1.3716  -0.1496  -0.0085  -0.0877  -0.0723  -0.0001   0.0000  -0.0461  -0.0251   -0.387
    24  22.6211  15.3105   0.2516   1.9479   1.1479  -0.1321  -0.0079  -0.0824  -0.0679  -0.0002   0.0000  -0.0463  -0.0262   -0.432
    25  22.9051  15.8583   0.3044   1.8393   0.9381  -0.1109  -0.0066  -0.0733  -0.0604  -0.0005   0.0000  -0.0447  -0.0265   -0.491
    26  23.1466  16.3244   0.3493   1.7470   0.7427  -0.0883  -0.0054  -0.0615  -0.0506  -0.0012   0.0000  -0.0384  -0.0230   -0.509
    27  23.5299  16.6722   0.3828   1.4928   0.4131  -0.0671  -0.0049  -0.1483  -0.0450  -0.0021   0.0000  -0.0194  -0.0040   -0.181
    28  23.9809  16.9098   0.4056   1.1466   0.2292  -0.0472  -0.0041  -0.1358  -0.0412  -0.0013   0.0000  -0.0186  -0.0041   -0.202
    29  24.2843  17.0696   0.4210   0.9138   0.1104  -0.0278  -0.0032  -0.1006  -0.0305  -0.0016   0.0000  -0.0165  -0.0043   -0.291
    30  24.4368  17.1499   0.4287   0.7967   0.0322  -0.0091  -0.0022  -0.0381  -0.0116  -0.0026   0.0000  -0.0077  -0.0023   -0.419

  Surface # 2     main_wing (YDUP)                        
     # Chordwise = 10   # Spanwise = 30     First strip = 31
     Surface area Ssurf =   63.968838     Ave. chord Cave =    3.715026

 Forces referred to Sref, Cref, Bref about Xref, Yref, Zref
 Standard axis orientation,  X fwd, Z down         
     CLsurf  =   0.01442     Clsurf  =  -0.00193
     CYsurf  =   0.00023     Cmsurf  =   0.01024
     CDsurf  =   0.00044     Cnsurf  =   0.00016
     CDisurf =   0.00044     CDvsurf =   0.00000

 Forces referred to Ssurf, Cave 
     CLsurf  =   0.02811     CDsurf  =   0.00086

 Strip Forces referred to Strip Area, Chord
    j     Xle      Yle      Zle      Chord    Area     c_cl     ai     cl_norm    cl       cd       cdv    cm_c/4     cm_LE   C.P.x/c
    31  13.6181  -0.0114  -0.9295   7.7520   0.3539   0.8165   0.0132   0.1366   0.1062   0.0227   0.0000  -0.0089   0.0287    0.334
    32  13.6830  -0.1025  -0.9255   7.6885   1.0492   0.8011   0.0124   0.1344   0.1044   0.0053   0.0000  -0.0089   0.0284    0.335
    33  13.8120  -0.2837  -0.9176   7.5620   1.7073   0.7962   0.0107   0.1357   0.1055   0.0041   0.0000  -0.0086   0.0284    0.332
    34  14.0037  -0.5530  -0.9059   7.3741   2.3052   0.7853   0.0081   0.1373   0.1067   0.0036   0.0000  -0.0083   0.0284    0.327
    35  14.2560  -0.9075  -0.8904   7.1267   2.8223   0.7637   0.0054   0.1381   0.1073   0.0030   0.0000  -0.0079   0.0282    0.324
    36  14.5662  -1.3432  -0.8714   6.8226   3.2414   0.7272   0.0058   0.1373   0.1067   0.0024   0.0000  -0.0078   0.0280    0.323
    37  14.9309  -1.8554  -0.8490   6.4651   3.5491   0.6728   0.0156   0.1341   0.1042   0.0017   0.0000  -0.0080   0.0277    0.327
    38  15.3460  -2.4386  -0.8236   6.0582   3.7368   0.5982   0.0233   0.1272   0.0988   0.0010   0.0000  -0.0086   0.0270    0.337
    39  15.8070  -3.0862  -0.7953   5.6062   3.8005   0.5039   0.0161   0.1157   0.0899   0.0003   0.0000  -0.0095   0.0260    0.356
    40  16.2877  -3.7613  -0.7658   5.1351   3.4440   0.3992   0.0064   0.1001   0.0778  -0.0002   0.0000  -0.0106   0.0244    0.387
    41  16.7803  -4.4532  -0.7356   4.6522   3.3149   0.2905  -0.0018   0.0804   0.0625  -0.0005   0.0000  -0.0117   0.0223    0.438
    42  17.2999  -5.1831  -0.7037   4.1429   3.0930   0.1774  -0.0120   0.0551   0.0428  -0.0006   0.0000  -0.0134   0.0196    0.563
    43  17.8026  -6.0123  -0.6437   3.7903   3.4706   0.0778  -0.0168   0.0249   0.0205  -0.0003   0.0000  -0.0151   0.0180    0.984
    44  18.2809  -6.9353  -0.5549   3.6075   3.3775   0.0092  -0.0122   0.0031   0.0025  -0.0001   0.0000  -0.0161   0.0149  999.000
    45  18.7672  -7.8737  -0.4645   3.4215   3.2389  -0.0431  -0.0085  -0.0153  -0.0126   0.0001   0.0000  -0.0172   0.0125  999.000
    46  19.2562  -8.8172  -0.3736   3.2345   3.0619  -0.0839  -0.0064  -0.0315  -0.0260   0.0003   0.0000  -0.0185   0.0107   -0.461
    47  19.7425  -9.7556  -0.2833   3.0486   2.8543  -0.1161  -0.0059  -0.0462  -0.0381   0.0003   0.0000  -0.0200   0.0094   -0.275
    48  20.2208 -10.6786  -0.1944   2.8657   2.6239  -0.1411  -0.0065  -0.0598  -0.0492   0.0004   0.0000  -0.0223   0.0089   -0.202
    49  20.6858 -11.5760  -0.1080   2.6879   2.3787  -0.1589  -0.0076  -0.0718  -0.0591   0.0002   0.0000  -0.0266   0.0106   -0.199
    50  21.1299 -12.4328  -0.0255   2.5181   2.1010  -0.1680  -0.0085  -0.0810  -0.0667   0.0015   0.0000  -0.0420   0.0226   -0.380
    51  21.5482 -13.2400   0.0523   2.3582   1.8520  -0.1685  -0.0087  -0.0868  -0.0715   0.0004   0.0000  -0.0443   0.0237   -0.370
    52  21.9390 -13.9941   0.1249   2.2087   1.6074  -0.1620  -0.0087  -0.0891  -0.0734   0.0001   0.0000  -0.0454   0.0242   -0.368
    53  22.2979 -14.6868   0.1916   2.0715   1.3716  -0.1496  -0.0085  -0.0877  -0.0723  -0.0001   0.0000  -0.0461   0.0251   -0.387
    54  22.6211 -15.3105   0.2516   1.9479   1.1479  -0.1321  -0.0079  -0.0824  -0.0679  -0.0002   0.0000  -0.0463   0.0262   -0.432
    55  22.9051 -15.8583   0.3044   1.8393   0.9381  -0.1109  -0.0066  -0.0733  -0.0604  -0.0005   0.0000  -0.0447   0.0265   -0.491
    56  23.1466 -16.3244   0.3493   1.7470   0.7427  -0.0883  -0.0054  -0.0615  -0.0506  -0.0012   0.0000  -0.0384   0.0230   -0.509
    57  23.5299 -16.6722   0.3828   1.4928   0.4131  -0.0671  -0.0049  -0.1483  -0.0450  -0.0021   0.0000  -0.0194   0.0040   -0.181
    58  23.9809 -16.9098   0.4056   1.1466   0.2292  -0.0472  -0.0041  -0.1358  -0.0412  -0.0013   0.0000  -0.0186   0.0041   -0.202
    59  24.2843 -17.0696   0.4210   0.9138   0.1104  -0.0278  -0.0032  -0.1006  -0.0305  -0.0016   0.0000  -0.0165   0.0043   -0.291
    60  24.4368 -17.1499   0.4287   0.7967   0.0322  -0.0091  -0.0022  -0.0381  -0.0116  -0.0026   0.0000  -0.0077   0.0023   -0.419

  Surface # 3     horizontal_stabilizer                   
     # Chordwise = 10   # Spanwise = 30     First strip = 61
     Surface area Ssurf =   20.744605     Ave. chord Cave =    2.848571

 Forces referred to Sref, Cref, Bref about Xref, Yref, Zref
 Standard axis orientation,  X fwd, Z down         
     CLsurf  =  -0.03314     Clsurf  =   0.00321
     CYsurf  =   0.00532     Cmsurf  =   0.12363
     CDsurf  =   0.00016     Cnsurf  =  -0.00272
     CDisurf =   0.00016     CDvsurf =   0.00000

 Forces referred to Ssurf, Cave 
     CLsurf  =  -0.20201     CDsurf  =   0.00097

 Strip Forces referred to Strip Area, Chord
    j     Xle      Yle      Zle      Chord    Area     c_cl     ai     cl_norm    cl       cd       cdv    cm_c/4     cm_LE   C.P.x/c
    61  33.0230   0.0046   1.4667   4.2713   0.0803  -0.6327  -0.0213  -0.1862  -0.1453   0.0864   0.0000   0.0110   0.0402    0.326
    62  33.0469   0.0418   1.4723   4.2566   0.2392  -0.7549  -0.0218  -0.2271  -0.1771   0.0101   0.0000   0.0110   0.0463    0.312
    63  33.0943   0.1156   1.4835   4.2274   0.3930  -0.7645  -0.0224  -0.2318  -0.1808   0.0049   0.0000   0.0105   0.0467    0.308
    64  33.1649   0.2254   1.5002   4.1839   0.5386  -0.7670  -0.0227  -0.2350  -0.1833   0.0037   0.0000   0.0096   0.0464    0.302
    65  33.2578   0.3698   1.5221   4.1268   0.6730  -0.7678  -0.0229  -0.2386  -0.1860   0.0032   0.0000   0.0084   0.0460    0.295
    66  33.3719   0.5474   1.5490   4.0565   0.7936  -0.7673  -0.0228  -0.2426  -0.1892   0.0027   0.0000   0.0070   0.0455    0.287
    67  33.5097   0.7617   1.5816   3.9717   0.9441  -0.7654  -0.0222  -0.2472  -0.1928   0.0022   0.0000   0.0057   0.0450    0.279
    68  33.6704   1.0116   1.6195   3.8728   1.0344  -0.7616  -0.0210  -0.2522  -0.1967   0.0018   0.0000   0.0044   0.0448    0.272
    69  33.8488   1.2891   1.6616   3.7630   1.1046  -0.7552  -0.0192  -0.2574  -0.2007   0.0014   0.0000   0.0032   0.0446    0.266
    70  34.0430   1.5912   1.7075   3.6435   1.1542  -0.7457  -0.0169  -0.2626  -0.2048   0.0010   0.0000   0.0022   0.0446    0.261
    71  34.2510   1.9146   1.7565   3.5155   1.1831  -0.7330  -0.0147  -0.2675  -0.2086   0.0007   0.0000   0.0013   0.0447    0.256
    72  34.4703   2.2558   1.8083   3.3805   1.1921  -0.7166  -0.0129  -0.2719  -0.2121   0.0004   0.0000   0.0006   0.0448    0.253
    73  34.6987   2.6109   1.8622   3.2400   1.1821  -0.6966  -0.0119  -0.2758  -0.2151   0.0001   0.0000   0.0001   0.0450    0.250
    74  34.9335   2.9762   1.9177   3.0955   1.1548  -0.6731  -0.0117  -0.2790  -0.2176  -0.0000   0.0000  -0.0004   0.0451    0.248
    75  35.1723   3.3476   1.9740   2.9485   1.1122  -0.6464  -0.0120  -0.2813  -0.2194  -0.0002   0.0000  -0.0008   0.0451    0.246
    76  35.4124   3.7210   2.0307   2.8008   1.0564  -0.6170  -0.0126  -0.2827  -0.2205  -0.0003   0.0000  -0.0011   0.0451    0.245
    77  35.6512   4.0924   2.0871   2.6538   0.9900  -0.5854  -0.0134  -0.2830  -0.2207  -0.0004   0.0000  -0.0015   0.0448    0.243
    78  35.8861   4.4577   2.1425   2.5093   0.9155  -0.5521  -0.0143  -0.2823  -0.2202  -0.0005   0.0000  -0.0019   0.0443    0.241
    79  36.1144   4.8128   2.1964   2.3687   0.8353  -0.5173  -0.0154  -0.2802  -0.2186  -0.0005   0.0000  -0.0024   0.0436    0.239
    80  36.3338   5.1540   2.2482   2.2338   0.7518  -0.4816  -0.0165  -0.2766  -0.2158  -0.0006   0.0000  -0.0031   0.0424    0.236
    81  36.5417   5.4774   2.2973   2.1058   0.6671  -0.4449  -0.0177  -0.2711  -0.2114  -0.0006   0.0000  -0.0040   0.0408    0.231
    82  36.7359   5.7795   2.3431   1.9862   0.5830  -0.4074  -0.0191  -0.2632  -0.2052  -0.0007   0.0000  -0.0051   0.0385    0.225
    83  36.9144   6.0570   2.3852   1.8764   0.5012  -0.3687  -0.0205  -0.2521  -0.1966  -0.0008   0.0000  -0.0065   0.0355    0.217
    84  37.0750   6.3069   2.4232   1.7776   0.4225  -0.3288  -0.0220  -0.2374  -0.1851  -0.0009   0.0000  -0.0080   0.0318    0.207
    85  37.2162   6.5264   2.4565   1.6907   0.3478  -0.2875  -0.0233  -0.2182  -0.1702  -0.0011   0.0000  -0.0096   0.0274    0.194
    86  37.3480   6.7314   2.4876   1.6096   0.3326  -0.2423  -0.0246  -0.1932  -0.1507  -0.0012   0.0000  -0.0109   0.0222    0.178
    87  37.4657   6.9144   2.5154   1.5372   0.2507  -0.1916  -0.0258  -0.1600  -0.1248  -0.0013   0.0000  -0.0114   0.0164    0.159
    88  37.5551   7.0535   2.5365   1.4822   0.1746  -0.1386  -0.0267  -0.1200  -0.0936  -0.0014   0.0000  -0.0104   0.0107    0.139
    89  37.6153   7.1471   2.5508   1.4451   0.1029  -0.0839  -0.0273  -0.0745  -0.0581  -0.0013   0.0000  -0.0074   0.0059    0.123
    90  37.6455   7.1941   2.5579   1.4265   0.0340  -0.0281  -0.0276  -0.0253  -0.0197  -0.0011   0.0000  -0.0027   0.0018    0.114

  Surface # 4     horizontal_stabilizer (YDUP)            
     # Chordwise = 10   # Spanwise = 30     First strip = 91
     Surface area Ssurf =   20.744605     Ave. chord Cave =    2.848571

 Forces referred to Sref, Cref, Bref about Xref, Yref, Zref
 Standard axis orientation,  X fwd, Z down         
     CLsurf  =  -0.03314     Clsurf  =  -0.00321
     CYsurf  =  -0.00532     Cmsurf  =   0.12363
     CDsurf  =   0.00016     Cnsurf  =   0.00272
     CDisurf =   0.00016     CDvsurf =   0.00000

 Forces referred to Ssurf, Cave 
     CLsurf  =  -0.20201     CDsurf  =   0.00097

 Strip Forces referred to Strip Area, Chord
    j     Xle      Yle      Zle      Chord    Area     c_cl     ai     cl_norm    cl       cd       cdv    cm_c/4     cm_LE   C.P.x/c
    91  33.0230  -0.0046   1.4667   4.2713   0.0803  -0.6327  -0.0213  -0.1862  -0.1453   0.0864   0.0000   0.0110  -0.0402    0.326
    92  33.0469  -0.0418   1.4723   4.2566   0.2392  -0.7549  -0.0218  -0.2271  -0.1771   0.0101   0.0000   0.0110  -0.0463    0.312
    93  33.0943  -0.1156   1.4835   4.2274   0.3930  -0.7645  -0.0224  -0.2318  -0.1808   0.0049   0.0000   0.0105  -0.0467    0.308
    94  33.1649  -0.2254   1.5002   4.1839   0.5386  -0.7670  -0.0227  -0.2350  -0.1833   0.0037   0.0000   0.0096  -0.0464    0.302
    95  33.2578  -0.3698   1.5221   4.1268   0.6730  -0.7678  -0.0229  -0.2386  -0.1860   0.0032   0.0000   0.0084  -0.0460    0.295
    96  33.3719  -0.5474   1.5490   4.0565   0.7936  -0.7673  -0.0228  -0.2426  -0.1892   0.0027   0.0000   0.0070  -0.0455    0.287
    97  33.5097  -0.7617   1.5816   3.9717   0.9441  -0.7654  -0.0222  -0.2472  -0.1928   0.0022   0.0000   0.0057  -0.0450    0.279
    98  33.6704  -1.0116   1.6195   3.8728   1.0344  -0.7616  -0.0210  -0.2522  -0.1967   0.0018   0.0000   0.0044  -0.0448    0.272
    99  33.8488  -1.2891   1.6616   3.7630   1.1046  -0.7552  -0.0192  -0.2574  -0.2007   0.0014   0.0000   0.0032  -0.0446    0.266
   100  34.0430  -1.5912   1.7075   3.6435   1.1542  -0.7457  -0.0169  -0.2626  -0.2048   0.0010   0.0000   0.0022  -0.0446    0.261
   101  34.2510  -1.9146   1.7565   3.5155   1.1831  -0.7330  -0.0147  -0.2675  -0.2086   0.0007   0.0000   0.0013  -0.0447    0.256
   102  34.4703  -2.2558   1.8083   3.3805   1.1921  -0.7166  -0.0129  -0.2719  -0.2121   0.0004   0.0000   0.0006  -0.0448    0.253
   103  34.6987  -2.6109   1.8622   3.2400   1.1821  -0.6966  -0.0119  -0.2758  -0.2151   0.0001   0.0000   0.0001  -0.0450    0.250
   104  34.9335  -2.9762   1.9177   3.0955   1.1548  -0.6731  -0.0117  -0.2790  -0.2176  -0.0000   0.0000  -0.0004  -0.0451    0.248
   105  35.1723  -3.3476   1.9740   2.9485   1.1122  -0.6464  -0.0120  -0.2813  -0.2194  -0.0002   0.0000  -0.0008  -0.0451    0.246
   106  35.4124  -3.7210   2.0307   2.8008   1.0564  -0.6170  -0.0126  -0.2827  -0.2205  -0.0003   0.0000  -0.0011  -0.0451    0.245
   107  35.6512  -4.0924   2.0871   2.6538   0.9900  -0.5854  -0.0134  -0.2830  -0.2207  -0.0004   0.0000  -0.0015  -0.0448    0.243
   108  35.8861  -4.4577   2.1425   2.5093   0.9155  -0.5521  -0.0143  -0.2823  -0.2202  -0.0005   0.0000  -0.0019  -0.0443    0.241
   109  36.1144  -4.8128   2.1964   2.3687   0.8353  -0.5173  -0.0154  -0.2802  -0.2186  -0.0005   0.0000  -0.0024  -0.0436    0.239
   110  36.3338  -5.1540   2.2482   2.2338   0.7518  -0.4816  -0.0165  -0.2766  -0.2158  -0.0006   0.0000  -0.0031  -0.0424    0.236
   111  36.5417  -5.4774   2.2973   2.1058   0.6671  -0.4449  -0.0177  -0.2711  -0.2114  -0.0006   0.0000  -0.0040  -0.0408    0.231
   112  36.7359  -5.7795   2.3431   1.9862   0.5830  -0.4074  -0.0191  -0.2632  -0.2052  -0.0007   0.0000  -0.0051  -0.0385    0.225
   113  36.9144  -6.0570   2.3852   1.8764   0.5012  -0.3687  -0.0205  -0.2521  -0.1966  -0.0008   0.0000  -0.0065  -0.0355    0.217
   114  37.0750  -6.3069   2.4232   1.7776   0.4225  -0.3288  -0.0220  -0.2374  -0.1851  -0.0009   0.0000  -0.0080  -0.0318    0.207
   115  37.2162  -6.5264   2.4565   1.6907   0.3478  -0.2875  -0.0233  -0.2182  -0.1702  -0.0011   0.0000  -0.0096  -0.0274    0.194
   116  37.3480  -6.7314   2.4876   1.6096   0.3326  -0.2423  -0.0246  -0.1932  -0.1507  -0.0012   0.0000  -0.0109  -0.0222    0.178
   117  37.4657  -6.9144   2.5154   1.5372   0.2507  -0.1916  -0.0258  -0.1600  -0.1248  -0.0013   0.0000  -0.0114  -0.0164    0.159
   118  37.5551  -7.0535   2.5365   1.4822   0.1746  -0.1386  -0.0267  -0.1200  -0.0936  -0.0014   0.0000  -0.0104  -0.0107    0.139
   119  37.6153  -7.1471   2.5508   1.4451   0.1029  -0.0839  -0.0273  -0.0745  -0.0581  -0.0013   0.0000  -0.0074  -0.0059    0.123
   120  37.6455  -7.1941   2.5579   1.4265   0.0340  -0.0281  -0.0276  -0.0253  -0.0197  -0.0011   0.0000  -0.0027  -0.0018    0.114

  Surface # 5     vertical_stabilizer                     
     # Chordwise = 10   # Spanwise = 30     First strip =121
     Surface area Ssurf =   34.910363     Ave. chord Cave =    4.190920

 Forces referred to Sref, Cref, Bref about Xref, Yref, Zref
 Standard axis orientation,  X fwd, Z down         
     CLsurf  =  -0.00000     Clsurf  =   0.00000
     CYsurf  =   0.00000     Cmsurf  =   0.00000
     CDsurf  =   0.00000     Cnsurf  =  -0.00000
     CDisurf =   0.00000     CDvsurf =   0.00000

 Forces referred to Ssurf, Cave 
     CLsurf  =  -0.00000     CDsurf  =   0.00000

 Strip Forces referred to Strip Area, Chord
    j     Xle      Yle      Zle      Chord    Area     c_cl     ai     cl_norm    cl       cd       cdv    cm_c/4     cm_LE   C.P.x/c
   121  27.0137   0.0000   1.5690  10.0347   0.6931  -0.0000  -0.0000  -0.0000  -0.0000   0.0000   0.0000   0.0000   0.0000    0.534
   122  27.2327   0.0000   1.6601   9.8296   1.1101  -0.0000  -0.0000  -0.0000  -0.0000   0.0000   0.0000   0.0000   0.0000    0.477
   123  27.5561   0.0000   1.7947   9.5266   1.4857  -0.0000  -0.0000  -0.0000  -0.0000   0.0000   0.0000   0.0000   0.0000    0.677
   124  27.9815   0.0000   1.9717   9.1281   1.8040  -0.0000  -0.0000  -0.0000  -0.0000   0.0000   0.0000   0.0000   0.0000    0.646
   125  28.5051   0.0000   2.1895   8.6377   2.0517  -0.0000   0.0000  -0.0000  -0.0000   0.0000   0.0000   0.0000   0.0000    0.505
   126  29.1220   0.0000   2.4462   8.0598   2.2181  -0.0000   0.0000  -0.0000  -0.0000  -0.0000   0.0000   0.0000   0.0000    0.398
   127  29.8264   0.0000   2.7392   7.4000   2.2957  -0.0000  -0.0000  -0.0000  -0.0000   0.0000   0.0000   0.0000   0.0000    0.527
   128  30.6115   0.0000   3.0659   6.6646   2.2808  -0.0000  -0.0000  -0.0000  -0.0000   0.0000   0.0000   0.0000   0.0000    0.480
   129  31.4694   0.0000   3.4228   5.8609   2.1733  -0.0000   0.0000  -0.0000  -0.0000  -0.0000   0.0000   0.0000   0.0000    0.489
   130  32.3918   0.0000   3.8066   4.9969   1.9773  -0.0000   0.0000  -0.0000  -0.0000   0.0000   0.0000   0.0000   0.0000    0.437
   131  33.0131   0.0000   4.1929   4.4389   1.6667  -0.0000   0.0000  -0.0000  -0.0000  -0.0000   0.0000   0.0000   0.0000    0.441
   132  33.3001   0.0000   4.5764   4.2198   1.6478  -0.0000   0.0000  -0.0000  -0.0000   0.0000   0.0000   0.0000   0.0000    0.379
   133  33.5969   0.0000   4.9729   3.9932   1.6033  -0.0000  -0.0000  -0.0000  -0.0000   0.0000   0.0000   0.0000   0.0000    0.475
   134  33.9004   0.0000   5.3784   3.7615   1.5362  -0.0000   0.0000  -0.0000  -0.0000   0.0000   0.0000   0.0000   0.0000    0.383
   135  34.2075   0.0000   5.7886   3.5271   1.4499  -0.0000   0.0000  -0.0000  -0.0000  -0.0000   0.0000   0.0000   0.0000    0.378
   136  34.5150   0.0000   6.1995   3.2923   1.3482  -0.0000  -0.0000  -0.0000  -0.0000  -0.0000   0.0000   0.0000   0.0000    0.372
   137  34.8197   0.0000   6.6066   3.0597   1.2352  -0.0000  -0.0000  -0.0000  -0.0000  -0.0000   0.0000   0.0000   0.0000    0.402
   138  35.1185   0.0000   7.0058   2.8315   1.1147  -0.0000   0.0000  -0.0000  -0.0000  -0.0000   0.0000   0.0000   0.0000    0.266
   139  35.4083   0.0000   7.3929   2.6103   0.9908  -0.0000  -0.0000  -0.0000  -0.0000  -0.0000   0.0000   0.0000   0.0000    0.346
   140  35.6860   0.0000   7.7640   2.3983   0.8670  -0.0000  -0.0000  -0.0000  -0.0000  -0.0000   0.0000   0.0000   0.0000    0.317
   141  35.9487   0.0000   8.1150   2.1977   0.7464  -0.0000   0.0000  -0.0000  -0.0000  -0.0000   0.0000   0.0000   0.0000    0.288
   142  36.1937   0.0000   8.4424   2.0106   0.6318  -0.0000   0.0000  -0.0000  -0.0000  -0.0000   0.0000   0.0000   0.0000    0.270
   143  36.4185   0.0000   8.7426   1.8390   0.5251  -0.0000   0.0000  -0.0000  -0.0000  -0.0000   0.0000   0.0000   0.0000    0.267
   144  36.6206   0.0000   9.0127   1.6847   0.4276  -0.0000   0.0000  -0.0000  -0.0000  -0.0000   0.0000  -0.0000   0.0000    0.191
   145  36.7980   0.0000   9.2496   1.5493   0.3400  -0.0000   0.0000  -0.0000  -0.0000  -0.0000   0.0000  -0.0000   0.0000    0.104
   146  36.9487   0.0000   9.4510   1.4342   0.2622  -0.0000   0.0000  -0.0000  -0.0000  -0.0000   0.0000  -0.0000   0.0000    0.128
   147  37.0713   0.0000   9.6148   1.3407   0.1933  -0.0000   0.0000  -0.0000  -0.0000  -0.0000   0.0000  -0.0000   0.0000    0.122
   148  37.1643   0.0000   9.7391   1.2696   0.1322  -0.0000   0.0000  -0.0000  -0.0000  -0.0000   0.0000  -0.0000  -0.0000   -0.026
   149  37.2269   0.0000   9.8227   1.2218   0.0769  -0.0000  -0.0000  -0.0000  -0.0000  -0.0000   0.0000  -0.0000   0.0000    0.097
   150  37.2584   0.0000   9.8647   1.1978   0.0252  -0.0000   0.0000  -0.0000  -0.0000  -0.0000   0.0000  -0.0000   0.0000    0.065

  Surface # 6     fuselage_horizontal                     
     # Chordwise = 10   # Spanwise = 10     First strip =151
     Surface area Ssurf =  123.841199     Ave. chord Cave =   33.112620

 Forces referred to Sref, Cref, Bref about Xref, Yref, Zref
 Standard axis orientation,  X fwd, Z down         
     CLsurf  =  -0.00973     Clsurf  =  -0.00000
     CYsurf  =   0.00000     Cmsurf  =  -0.03151
     CDsurf  =   0.00022     Cnsurf  =   0.00000
     CDisurf =   0.00022     CDvsurf =   0.00000

 Forces referred to Ssurf, Cave 
     CLsurf  =  -0.00981     CDsurf  =   0.00022

 Strip Forces referred to Strip Area, Chord
    j     Xle      Yle      Zle      Chord    Area     c_cl     ai     cl_norm    cl       cd       cdv    cm_c/4     cm_LE   C.P.x/c
   151   5.0231  -1.6830   0.0000  26.5957   9.9468  -0.2481  -0.0627  -0.1160  -0.0093   0.0001   0.0000  -0.0003   0.0003    0.214
   152   2.9203  -1.3090   0.0000  31.2096  11.6724  -0.3331  -0.0596  -0.0415  -0.0107   0.0002   0.0000  -0.0008   0.0005    0.174
   153   1.6676  -0.9350   0.0000  34.0626  12.7394  -0.3471  -0.0327  -0.0249  -0.0102   0.0002   0.0000  -0.0017   0.0003    0.078
   154   0.7666  -0.5610   0.0000  36.1620  13.5246  -0.3482  -0.0200  -0.0162  -0.0096   0.0003   0.0000  -0.0023   0.0000    0.011
   155   0.1963  -0.1870   0.0000  37.5333  14.0374  -0.3480  -0.0156  -0.0108  -0.0093   0.0003   0.0000  -0.0025  -0.0001   -0.022
   156   0.1963   0.1870   0.0000  37.5333  14.0374  -0.3480  -0.0156  -0.0108  -0.0093   0.0003   0.0000  -0.0025  -0.0001   -0.022
   157   0.7666   0.5610   0.0000  36.1620  13.5246  -0.3482  -0.0200  -0.0162  -0.0096   0.0003   0.0000  -0.0023   0.0000    0.011
   158   1.6676   0.9350   0.0000  34.0626  12.7394  -0.3471  -0.0327  -0.0249  -0.0102   0.0002   0.0000  -0.0017   0.0003    0.078
   159   2.9202   1.3090   0.0000  31.2096  11.6724  -0.3331  -0.0596  -0.0415  -0.0107   0.0002   0.0000  -0.0008   0.0005    0.174
   160   5.0231   1.6830   0.0000  26.5957   9.9468  -0.2481  -0.0627  -0.1160  -0.0093   0.0001   0.0000  -0.0003   0.0003    0.214

  Surface # 7     fuselage_vertical                       
     # Chordwise = 10   # Spanwise = 10     First strip =161
     Surface area Ssurf =  123.841199     Ave. chord Cave =   33.112620

 Forces referred to Sref, Cref, Bref about Xref, Yref, Zref
 Standard axis orientation,  X fwd, Z down         
     CLsurf  =   0.00000     Clsurf  =  -0.00000
     CYsurf  =  -0.00000     Cmsurf  =   0.00000
     CDsurf  =   0.00000     Cnsurf  =  -0.00000
     CDisurf =   0.00000     CDvsurf =   0.00000

 Forces referred to Ssurf, Cave 
     CLsurf  =   0.00000     CDsurf  =   0.00000

 Strip Forces referred to Strip Area, Chord
    j     Xle      Yle      Zle      Chord    Area     c_cl     ai     cl_norm    cl       cd       cdv    cm_c/4     cm_LE   C.P.x/c
   161   5.0231   0.0000  -1.6830  26.5957   9.9468   0.0000  -0.0000   0.0000   0.0000   0.0000   0.0000  -0.0000  -0.0000    0.981
   162   2.9203   0.0000  -1.3090  31.2096  11.6724   0.0000  -0.0000   0.0000   0.0000  -0.0000   0.0000  -0.0000  -0.0000    0.939
   163   1.6676   0.0000  -0.9350  34.0626  12.7394   0.0000   0.0000   0.0000   0.0000   0.0000   0.0000  -0.0000  -0.0000    0.755
   164   0.7666   0.0000  -0.5610  36.1620  13.5246   0.0000   0.0000   0.0000   0.0000   0.0000   0.0000  -0.0000  -0.0000    0.408
   165   0.1963   0.0000  -0.1870  37.5333  14.0374   0.0000  -0.0000   0.0000   0.0000   0.0000   0.0000   0.0000  -0.0000    0.092
   166   0.1963   0.0000   0.1870  37.5333  14.0374   0.0000   0.0000   0.0000   0.0000  -0.0000   0.0000  -0.0000  -0.0000    0.383
   167   0.7666   0.0000   0.5610  36.1620  13.5246  -0.0000  -0.0000  -0.0000  -0.0000   0.0000   0.0000   0.0000   0.0000  999.000
   168   1.6676   0.0000   0.9350  34.0626  12.7394   0.0000   0.0000   0.0000   0.0000   0.0000   0.0000   0.0000   0.0000   -0.812
   169   2.9202   0.0000   1.3090  31.2096  11.6724   0.0000   0.0000   0.0000   0.0000   0.0000   0.0000  -0.0000  -0.0000    0.847
   170   5.0231   0.0000   1.6830  26.5957   9.9468  -0.0000  -0.0000  -0.0000  -0.0000   0.0000   0.0000   0.0000   0.0000    1.872
 ---------------------------------------------------------------
