 ---------------------------------------------------------------
 Surface and Strip Forces by surface

  Sref =  124.86       Cref =  4.4875       Bref =  34.320    
  Xref =  18.914       Yref =  0.0000       Zref =-0.17619    

  Surface # 1     main_wing                               
     # Chordwise = 10   # Spanwise = 30     First strip =  1
     Surface area Ssurf =   63.968838     Ave. chord Cave =    3.715026

 Forces referred to Sref, Cref, Bref about Xref, Yref, Zref
 Standard axis orientation,  X fwd, Z down         
     CLsurf  =   0.37853     Clsurf  =  -0.07326
     CYsurf  =  -0.02043     Cmsurf  =  -0.01483
     CDsurf  =   0.01254     Cnsurf  =  -0.00910
     CDisurf =   0.01254     CDvsurf =   0.00000

 Forces referred to Ssurf, Cave 
     CLsurf  =   0.73986     CDsurf  =   0.02448

 Strip Forces referred to Strip Area, Chord
    j     Xle      Yle      Zle      Chord    Area     c_cl     ai     cl_norm    cl       cd       cdv    cm_c/4     cm_LE   C.P.x/c
     1  13.6181   0.0114  -0.9295   7.7520   0.3539   4.8850   0.1737   0.7270   0.5631   0.5835   0.0000  -0.0344  -0.1576    0.311
     2  13.6830   0.1025  -0.9255   7.6885   1.0492   4.4883   0.1734   0.7408   0.5738   0.1166   0.0000  -0.0345  -0.1483    0.310
     3  13.8120   0.2837  -0.9176   7.5620   1.7073   4.4537   0.1720   0.7522   0.5826   0.0874   0.0000  -0.0322  -0.1475    0.305
     4  14.0037   0.5530  -0.9059   7.3741   2.3052   4.4314   0.1690   0.7694   0.5959   0.0775   0.0000  -0.0286  -0.1471    0.298
     5  14.2560   0.9075  -0.8904   7.1267   2.8223   4.3968   0.1630   0.7915   0.6131   0.0693   0.0000  -0.0248  -0.1472    0.290
     6  14.5662   1.3432  -0.8714   6.8226   3.2414   4.3398   0.1503   0.8177   0.6334   0.0611   0.0000  -0.0213  -0.1483    0.284
     7  14.9309   1.8554  -0.8490   6.4651   3.5491   4.2535   0.1249   0.8474   0.6564   0.0527   0.0000  -0.0185  -0.1506    0.278
     8  15.3460   2.4386  -0.8236   6.0582   3.7368   4.1321   0.0997   0.8802   0.6818   0.0440   0.0000  -0.0167  -0.1541    0.274
     9  15.8070   3.0862  -0.7953   5.6062   3.8005   3.9731   0.0862   0.9164   0.7098   0.0343   0.0000  -0.0159  -0.1589    0.272
    10  16.2877   3.7613  -0.7658   5.1351   3.4440   3.7864   0.0746   0.9553   0.7398   0.0250   0.0000  -0.0157  -0.1647    0.271
    11  16.7803   4.4532  -0.7356   4.6522   3.3149   3.5804   0.0607   0.9986   0.7734   0.0159   0.0000  -0.0158  -0.1714    0.270
    12  17.2999   5.1831  -0.7037   4.1429   3.0930   3.3557   0.0394   1.0533   0.8157   0.0027   0.0000  -0.0154  -0.1794    0.269
    13  17.8026   6.0123  -0.6437   3.7903   3.4706   3.1243   0.0251   1.0196   0.8307  -0.0023   0.0000  -0.0111  -0.1963    0.263
    14  18.2809   6.9353  -0.5549   3.6075   3.3775   2.9441   0.0235   1.0094   0.8224  -0.0010   0.0000  -0.0115  -0.1948    0.264
    15  18.7672   7.8737  -0.4645   3.4215   3.2389   2.7790   0.0199   1.0045   0.8184  -0.0012   0.0000  -0.0121  -0.1944    0.265
    16  19.2562   8.8172  -0.3736   3.2345   3.0619   2.6210   0.0174   1.0023   0.8166  -0.0017   0.0000  -0.0128  -0.1946    0.266
    17  19.7425   9.7556  -0.2833   3.0486   2.8543   2.4666   0.0166   1.0009   0.8155  -0.0023   0.0000  -0.0138  -0.1952    0.267
    18  20.2208  10.6786  -0.1944   2.8657   2.6239   2.3143   0.0167   0.9991   0.8140  -0.0028   0.0000  -0.0151  -0.1960    0.269
    19  20.6858  11.5760  -0.1080   2.6879   2.3787   2.1641   0.0173   0.9959   0.8114  -0.0019   0.0000  -0.0178  -0.1978    0.272
    20  21.1299  12.4328  -0.0255   2.5181   2.1010   2.0187   0.0191   0.9927   0.8088  -0.0088   0.0000  -0.0305  -0.2083    0.288
    21  21.5482  13.2400   0.0523   2.3582   1.8520   1.8785   0.0227   0.9860   0.8033  -0.0062   0.0000  -0.0313  -0.2078    0.289
    22  21.9390  13.9941   0.1249   2.2087   1.6074   1.7398   0.0281   0.9748   0.7942  -0.0054   0.0000  -0.0304  -0.2050    0.288
    23  22.2979  14.6868   0.1916   2.0715   1.3716   1.5979   0.0356   0.9546   0.7777  -0.0047   0.0000  -0.0285  -0.1996    0.287
    24  22.6211  15.3105   0.2516   1.9479   1.1479   1.4462   0.0454   0.9187   0.7485  -0.0037   0.0000  -0.0253  -0.1903    0.284
    25  22.9051  15.8583   0.3044   1.8393   0.9381   1.2758   0.0568   0.8580   0.6990  -0.0019   0.0000  -0.0212  -0.1757    0.280
    26  23.1466  16.3244   0.3493   1.7470   0.7427   1.0783   0.0685   0.7628   0.6215   0.0028   0.0000  -0.0200  -0.1573    0.282
    27  23.5299  16.6722   0.3828   1.4928   0.4131   0.8608   0.0798   1.9471   0.5828  -0.0148   0.0000  -0.0106  -0.0768    0.268
    28  23.9809  16.9098   0.4056   1.1466   0.2292   0.6379   0.0943   1.8913   0.5661  -0.0448   0.0000   0.0131  -0.0635    0.227
    29  24.2843  17.0696   0.4210   0.9138   0.1104   0.3940   0.1059   1.4791   0.4427  -0.0663   0.0000   0.0349  -0.0379    0.171
    30  24.4368  17.1499   0.4287   0.7967   0.0322   0.1334   0.1124   0.5846   0.1750  -0.0500   0.0000   0.0229  -0.0105    0.119

  Surface # 2     main_wing (YDUP)                        
     # Chordwise = 10   # Spanwise = 30     First strip = 31
     Surface area Ssurf =   63.968838     Ave. chord Cave =    3.715026

 Forces referred to Sref, Cref, Bref about Xref, Yref, Zref
 Standard axis orientation,  X fwd, Z down         
     CLsurf  =   0.37853     Clsurf  =   0.07326
     CYsurf  =   0.02043     Cmsurf  =  -0.01483
     CDsurf  =   0.01254     Cnsurf  =   0.00910
     CDisurf =   0.01254     CDvsurf =   0.00000

 Forces referred to Ssurf, Cave 
     CLsurf  =   0.73986     CDsurf  =   0.02448

 Strip Forces referred to Strip Area, Chord
    j     Xle      Yle      Zle      Chord    Area     c_cl     ai     cl_norm    cl       cd       cdv    cm_c/4     cm_LE   C.P.x/c
    31  13.6181  -0.0114  -0.9295   7.7520   0.3539   4.8850   0.1737   0.7270   0.5631   0.5835   0.0000  -0.0344   0.1576    0.311
    32  13.6830  -0.1025  -0.9255   7.6885   1.0492   4.4883   0.1734   0.7408   0.5738   0.1166   0.0000  -0.0345   0.1483    0.310
    33  13.8120  -0.2837  -0.9176   7.5620   1.7073   4.4537   0.1720   0.7522   0.5826   0.0874   0.0000  -0.0322   0.1475    0.305
    34  14.0037  -0.5530  -0.9059   7.3741   2.3052   4.4314   0.1690   0.7694   0.5959   0.0775   0.0000  -0.0286   0.1471    0.298
    35  14.2560  -0.9075  -0.8904   7.1267   2.8223   4.3968   0.1630   0.7915   0.6131   0.0693   0.0000  -0.0248   0.1472    0.290
    36  14.5662  -1.3432  -0.8714   6.8226   3.2414   4.3398   0.1503   0.8177   0.6334   0.0611   0.0000  -0.0213   0.1483    0.284
    37  14.9309  -1.8554  -0.8490   6.4651   3.5491   4.2535   0.1249   0.8474   0.6564   0.0527   0.0000  -0.0185   0.1506    0.278
    38  15.3460  -2.4386  -0.8236   6.0582   3.7368   4.1321   0.0997   0.8802   0.6818   0.0440   0.0000  -0.0167   0.1541    0.274
    39  15.8070  -3.0862  -0.7953   5.6062   3.8005   3.9731   0.0862   0.9164   0.7098   0.0343   0.0000  -0.0159   0.1589    0.272
    40  16.2877  -3.7613  -0.7658   5.1351   3.4440   3.7864   0.0746   0.9553   0.7398   0.0250   0.0000  -0.0157   0.1647    0.271
    41  16.7803  -4.4532  -0.7356   4.6522   3.3149   3.5804   0.0607   0.9986   0.7734   0.0159   0.0000  -0.0158   0.1714    0.270
    42  17.2999  -5.1831  -0.7037   4.1429   3.0930   3.3557   0.0394   1.0533   0.8157   0.0027   0.0000  -0.0154   0.1794    0.269
    43  17.8026  -6.0123  -0.6437   3.7903   3.4706   3.1243   0.0251   1.0196   0.8307  -0.0023   0.0000  -0.0111   0.1963    0.263
    44  18.2809  -6.9353  -0.5549   3.6075   3.3775   2.9441   0.0235   1.0094   0.8224  -0.0010   0.0000  -0.0115   0.1948    0.264
    45  18.7672  -7.8737  -0.4645   3.4215   3.2389   2.7790   0.0199   1.0045   0.8184  -0.0012   0.0000  -0.0121   0.1944    0.265
    46  19.2562  -8.8172  -0.3736   3.2345   3.0619   2.6210   0.0174   1.0023   0.8166  -0.0017   0.0000  -0.0128   0.1946    0.266
    47  19.7425  -9.7556  -0.2833   3.0486   2.8543   2.4666   0.0166   1.0009   0.8155  -0.0023   0.0000  -0.0138   0.1952    0.267
    48  20.2208 -10.6786  -0.1944   2.8657   2.6239   2.3143   0.0167   0.9991   0.8140  -0.0028   0.0000  -0.0151   0.1960    0.269
    49  20.6858 -11.5760  -0.1080   2.6879   2.3787   2.1641   0.0173   0.9959   0.8114  -0.0019   0.0000  -0.0178   0.1978    0.272
    50  21.1299 -12.4328  -0.0255   2.5181   2.1010   2.0187   0.0191   0.9927   0.8088  -0.0088   0.0000  -0.0305   0.2083    0.288
    51  21.5482 -13.2400   0.0523   2.3582   1.8520   1.8785   0.0227   0.9860   0.8033  -0.0062   0.0000  -0.0313   0.2078    0.289
    52  21.9390 -13.9941   0.1249   2.2087   1.6074   1.7398   0.0281   0.9748   0.7942  -0.0054   0.0000  -0.0304   0.2050    0.288
    53  22.2979 -14.6868   0.1916   2.0715   1.3716   1.5979   0.0356   0.9546   0.7777  -0.0047   0.0000  -0.0285   0.1996    0.287
    54  22.6211 -15.3105   0.2516   1.9479   1.1479   1.4462   0.0454   0.9187   0.7485  -0.0037   0.0000  -0.0253   0.1903    0.284
    55  22.9051 -15.8583   0.3044   1.8393   0.9381   1.2758   0.0568   0.8580   0.6990  -0.0019   0.0000  -0.0212   0.1757    0.280
    56  23.1466 -16.3244   0.3493   1.7470   0.7427   1.0783   0.0685   0.7628   0.6215   0.0028   0.0000  -0.0200   0.1573    0.282
    57  23.5299 -16.6722   0.3828   1.4928   0.4131   0.8608   0.0798   1.9471   0.5828  -0.0148   0.0000  -0.0106   0.0768    0.268
    58  23.9809 -16.9098   0.4056   1.1466   0.2292   0.6379   0.0943   1.8913   0.5661  -0.0448   0.0000   0.0131   0.0635    0.227
    59  24.2843 -17.0696   0.4210   0.9138   0.1104   0.3940   0.1059   1.4791   0.4427  -0.0663   0.0000   0.0349   0.0379    0.171
    60  24.4368 -17.1499   0.4287   0.7967   0.0322   0.1334   0.1124   0.5846   0.1750  -0.0500   0.0000   0.0229   0.0105    0.119

  Surface # 3     horizontal_stabilizer                   
     # Chordwise = 10   # Spanwise = 30     First strip = 61
     Surface area Ssurf =   20.744605     Ave. chord Cave =    2.848571

 Forces referred to Sref, Cref, Bref about Xref, Yref, Zref
 Standard axis orientation,  X fwd, Z down         
     CLsurf  =   0.04124     Clsurf  =  -0.00426
     CYsurf  =  -0.00653     Cmsurf  =  -0.15715
     CDsurf  =   0.00311     Cnsurf  =   0.00292
     CDisurf =   0.00311     CDvsurf =   0.00000

 Forces referred to Ssurf, Cave 
     CLsurf  =   0.25131     CDsurf  =   0.01872

 Strip Forces referred to Strip Area, Chord
    j     Xle      Yle      Zle      Chord    Area     c_cl     ai     cl_norm    cl       cd       cdv    cm_c/4     cm_LE   C.P.x/c
    61  33.0230   0.0046   1.4667   4.2713   0.0803   0.9577   0.1216   0.2798   0.2135   0.1008   0.0000  -0.0111  -0.0580    0.302
    62  33.0469   0.0418   1.4723   4.2566   0.2392   0.8421   0.1220   0.2570   0.1961   0.0258   0.0000  -0.0110  -0.0524    0.306
    63  33.0943   0.1156   1.4835   4.2274   0.3930   0.8335   0.1221   0.2569   0.1961   0.0210   0.0000  -0.0104  -0.0517    0.303
    64  33.1649   0.2254   1.5002   4.1839   0.5386   0.8315   0.1216   0.2591   0.1978   0.0200   0.0000  -0.0094  -0.0512    0.298
    65  33.2578   0.3698   1.5221   4.1268   0.6730   0.8306   0.1204   0.2625   0.2004   0.0195   0.0000  -0.0081  -0.0507    0.291
    66  33.3719   0.5474   1.5490   4.0565   0.7936   0.8298   0.1184   0.2669   0.2037   0.0192   0.0000  -0.0068  -0.0503    0.283
    67  33.5097   0.7617   1.5816   3.9717   0.9441   0.8284   0.1152   0.2723   0.2078   0.0189   0.0000  -0.0055  -0.0502    0.277
    68  33.6704   1.0116   1.6195   3.8728   1.0344   0.8262   0.1107   0.2786   0.2126   0.0188   0.0000  -0.0044  -0.0502    0.271
    69  33.8488   1.2891   1.6616   3.7630   1.1046   0.8231   0.1051   0.2857   0.2181   0.0187   0.0000  -0.0034  -0.0506    0.266
    70  34.0430   1.5912   1.7075   3.6435   1.1542   0.8191   0.0988   0.2938   0.2242   0.0187   0.0000  -0.0026  -0.0513    0.262
    71  34.2510   1.9146   1.7565   3.5155   1.1831   0.8144   0.0924   0.3028   0.2311   0.0188   0.0000  -0.0020  -0.0522    0.259
    72  34.4703   2.2558   1.8083   3.3805   1.1921   0.8088   0.0868   0.3128   0.2387   0.0190   0.0000  -0.0014  -0.0534    0.256
    73  34.6987   2.6109   1.8622   3.2400   1.1821   0.8024   0.0823   0.3238   0.2471   0.0191   0.0000  -0.0009  -0.0548    0.254
    74  34.9335   2.9762   1.9177   3.0955   1.1548   0.7949   0.0789   0.3359   0.2563   0.0193   0.0000  -0.0004  -0.0564    0.252
    75  35.1723   3.3476   1.9740   2.9485   1.1122   0.7860   0.0765   0.3488   0.2662   0.0194   0.0000   0.0001  -0.0581    0.250
    76  35.4124   3.7210   2.0307   2.8008   1.0564   0.7752   0.0748   0.3622   0.2764   0.0195   0.0000   0.0006  -0.0599    0.248
    77  35.6512   4.0924   2.0871   2.6538   0.9900   0.7618   0.0737   0.3758   0.2868   0.0195   0.0000   0.0012  -0.0617    0.246
    78  35.8861   4.4577   2.1425   2.5093   0.9155   0.7453   0.0732   0.3890   0.2968   0.0194   0.0000   0.0019  -0.0632    0.244
    79  36.1144   4.8128   2.1964   2.3687   0.8353   0.7250   0.0734   0.4009   0.3060   0.0191   0.0000   0.0028  -0.0645    0.241
    80  36.3338   5.1540   2.2482   2.2338   0.7518   0.7002   0.0741   0.4108   0.3135   0.0188   0.0000   0.0039  -0.0652    0.238
    81  36.5417   5.4774   2.2973   2.1058   0.6671   0.6704   0.0756   0.4173   0.3185   0.0182   0.0000   0.0053  -0.0651    0.233
    82  36.7359   5.7795   2.3431   1.9862   0.5830   0.6348   0.0776   0.4191   0.3198   0.0174   0.0000   0.0070  -0.0639    0.228
    83  36.9144   6.0570   2.3852   1.8764   0.5012   0.5929   0.0803   0.4144   0.3163   0.0163   0.0000   0.0092  -0.0613    0.221
    84  37.0750   6.3069   2.4232   1.7776   0.4225   0.5441   0.0833   0.4017   0.3066   0.0149   0.0000   0.0118  -0.0570    0.211
    85  37.2162   6.5264   2.4565   1.6907   0.3478   0.4882   0.0865   0.3790   0.2893   0.0132   0.0000   0.0146  -0.0509    0.200
    86  37.3480   6.7314   2.4876   1.6096   0.3326   0.4216   0.0898   0.3440   0.2625   0.0111   0.0000   0.0172  -0.0428    0.184
    87  37.4657   6.9144   2.5154   1.5372   0.2507   0.3404   0.0930   0.2910   0.2221   0.0083   0.0000   0.0188  -0.0326    0.165
    88  37.5551   7.0535   2.5365   1.4822   0.1746   0.2501   0.0955   0.2219   0.1694   0.0053   0.0000   0.0178  -0.0220    0.145
    89  37.6153   7.1471   2.5508   1.4451   0.1029   0.1530   0.0973   0.1394   0.1064   0.0023   0.0000   0.0131  -0.0122    0.127
    90  37.6455   7.1941   2.5579   1.4265   0.0340   0.0515   0.0983   0.0478   0.0364  -0.0007   0.0000   0.0049  -0.0038    0.117

  Surface # 4     horizontal_stabilizer (YDUP)            
     # Chordwise = 10   # Spanwise = 30     First strip = 91
     Surface area Ssurf =   20.744605     Ave. chord Cave =    2.848571

 Forces referred to Sref, Cref, Bref about Xref, Yref, Zref
 Standard axis orientation,  X fwd, Z down         
     CLsurf  =   0.04124     Clsurf  =   0.00426
     CYsurf  =   0.00653     Cmsurf  =  -0.15715
     CDsurf  =   0.00311     Cnsurf  =  -0.00292
     CDisurf =   0.00311     CDvsurf =   0.00000

 Forces referred to Ssurf, Cave 
     CLsurf  =   0.25131     CDsurf  =   0.01872

 Strip Forces referred to Strip Area, Chord
    j     Xle      Yle      Zle      Chord    Area     c_cl     ai     cl_norm    cl       cd       cdv    cm_c/4     cm_LE   C.P.x/c
    91  33.0230  -0.0046   1.4667   4.2713   0.0803   0.9577   0.1216   0.2798   0.2135   0.1008   0.0000  -0.0111   0.0580    0.302
    92  33.0469  -0.0418   1.4723   4.2566   0.2392   0.8421   0.1220   0.2570   0.1961   0.0258   0.0000  -0.0110   0.0524    0.306
    93  33.0943  -0.1156   1.4835   4.2274   0.3930   0.8335   0.1221   0.2569   0.1961   0.0210   0.0000  -0.0104   0.0517    0.303
    94  33.1649  -0.2254   1.5002   4.1839   0.5386   0.8315   0.1216   0.2591   0.1978   0.0200   0.0000  -0.0094   0.0512    0.298
    95  33.2578  -0.3698   1.5221   4.1268   0.6730   0.8306   0.1204   0.2625   0.2004   0.0195   0.0000  -0.0081   0.0507    0.291
    96  33.3719  -0.5474   1.5490   4.0565   0.7936   0.8298   0.1184   0.2669   0.2037   0.0192   0.0000  -0.0068   0.0503    0.283
    97  33.5097  -0.7617   1.5816   3.9717   0.9441   0.8284   0.1152   0.2723   0.2078   0.0189   0.0000  -0.0055   0.0502    0.277
    98  33.6704  -1.0116   1.6195   3.8728   1.0344   0.8262   0.1107   0.2786   0.2126   0.0188   0.0000  -0.0044   0.0502    0.271
    99  33.8488  -1.2891   1.6616   3.7630   1.1046   0.8231   0.1051   0.2857   0.2181   0.0187   0.0000  -0.0034   0.0506    0.266
   100  34.0430  -1.5912   1.7075   3.6435   1.1542   0.8191   0.0988   0.2938   0.2242   0.0187   0.0000  -0.0026   0.0513    0.262
   101  34.2510  -1.9146   1.7565   3.5155   1.1831   0.8144   0.0924   0.3028   0.2311   0.0188   0.0000  -0.0020   0.0522    0.259
   102  34.4703  -2.2558   1.8083   3.3805   1.1921   0.8088   0.0868   0.3128   0.2387   0.0190   0.0000  -0.0014   0.0534    0.256
   103  34.6987  -2.6109   1.8622   3.2400   1.1821   0.8024   0.0823   0.3238   0.2471   0.0191   0.0000  -0.0009   0.0548    0.254
   104  34.9335  -2.9762   1.9177   3.0955   1.1548   0.7949   0.0789   0.3359   0.2563   0.0193   0.0000  -0.0004   0.0564    0.252
   105  35.1723  -3.3476   1.9740   2.9485   1.1122   0.7860   0.0765   0.3488   0.2662   0.0194   0.0000   0.0001   0.0581    0.250
   106  35.4124  -3.7210   2.0307   2.8008   1.0564   0.7752   0.0748   0.3622   0.2764   0.0195   0.0000   0.0006   0.0599    0.248
   107  35.6512  -4.0924   2.0871   2.6538   0.9900   0.7618   0.0737   0.3758   0.2868   0.0195   0.0000   0.0012   0.0617    0.246
   108  35.8861  -4.4577   2.1425   2.5093   0.9155   0.7453   0.0732   0.3890   0.2968   0.0194   0.0000   0.0019   0.0632    0.244
   109  36.1144  -4.8128   2.1964   2.3687   0.8353   0.7250   0.0734   0.4009   0.3060   0.0191   0.0000   0.0028   0.0645    0.241
   110  36.3338  -5.1540   2.2482   2.2338   0.7518   0.7002   0.0741   0.4108   0.3135   0.0188   0.0000   0.0039   0.0652    0.238
   111  36.5417  -5.4774   2.2973   2.1058   0.6671   0.6704   0.0756   0.4173   0.3185   0.0182   0.0000   0.0053   0.0651    0.233
   112  36.7359  -5.7795   2.3431   1.9862   0.5830   0.6348   0.0776   0.4191   0.3198   0.0174   0.0000   0.0070   0.0639    0.228
   113  36.9144  -6.0570   2.3852   1.8764   0.5012   0.5929   0.0803   0.4144   0.3163   0.0163   0.0000   0.0092   0.0613    0.221
   114  37.0750  -6.3069   2.4232   1.7776   0.4225   0.5441   0.0833   0.4017   0.3066   0.0149   0.0000   0.0118   0.0570    0.211
   115  37.2162  -6.5264   2.4565   1.6907   0.3478   0.4882   0.0865   0.3790   0.2893   0.0132   0.0000   0.0146   0.0509    0.200
   116  37.3480  -6.7314   2.4876   1.6096   0.3326   0.4216   0.0898   0.3440   0.2625   0.0111   0.0000   0.0172   0.0428    0.184
   117  37.4657  -6.9144   2.5154   1.5372   0.2507   0.3404   0.0930   0.2910   0.2221   0.0083   0.0000   0.0188   0.0326    0.165
   118  37.5551  -7.0535   2.5365   1.4822   0.1746   0.2501   0.0955   0.2219   0.1694   0.0053   0.0000   0.0178   0.0220    0.145
   119  37.6153  -7.1471   2.5508   1.4451   0.1029   0.1530   0.0973   0.1394   0.1064   0.0023   0.0000   0.0131   0.0122    0.127
   120  37.6455  -7.1941   2.5579   1.4265   0.0340   0.0515   0.0983   0.0478   0.0364  -0.0007   0.0000   0.0049   0.0038    0.117

  Surface # 5     vertical_stabilizer                     
     # Chordwise = 10   # Spanwise = 30     First strip =121
     Surface area Ssurf =   34.910363     Ave. chord Cave =    4.190920

 Forces referred to Sref, Cref, Bref about Xref, Yref, Zref
 Standard axis orientation,  X fwd, Z down         
     CLsurf  =  -0.00000     Clsurf  =   0.00000
     CYsurf  =   0.00000     Cmsurf  =   0.00000
     CDsurf  =   0.00000     Cnsurf  =  -0.00000
     CDisurf =   0.00000     CDvsurf =   0.00000

 Forces referred to Ssurf, Cave 
     CLsurf  =  -0.00000     CDsurf  =   0.00000

 Strip Forces referred to Strip Area, Chord
    j     Xle      Yle      Zle      Chord    Area     c_cl     ai     cl_norm    cl       cd       cdv    cm_c/4     cm_LE   C.P.x/c
   121  27.0137   0.0000   1.5690  10.0347   0.6931  -0.0000   0.0000  -0.0000  -0.0000   0.0000   0.0000  -0.0000   0.0000   -0.163
   122  27.2327   0.0000   1.6601   9.8296   1.1101  -0.0000   0.0000  -0.0000  -0.0000  -0.0000   0.0000  -0.0000   0.0000    0.238
   123  27.5561   0.0000   1.7947   9.5266   1.4857  -0.0000  -0.0000  -0.0000  -0.0000  -0.0000   0.0000   0.0000   0.0000    0.582
   124  27.9815   0.0000   1.9717   9.1281   1.8040  -0.0000  -0.0000  -0.0000  -0.0000   0.0000   0.0000   0.0000   0.0000    0.550
   125  28.5051   0.0000   2.1895   8.6377   2.0517  -0.0000   0.0000  -0.0000  -0.0000   0.0000   0.0000  -0.0000   0.0000    0.173
   126  29.1220   0.0000   2.4462   8.0598   2.2181  -0.0000  -0.0000  -0.0000  -0.0000   0.0000   0.0000   0.0000   0.0000    0.370
   127  29.8264   0.0000   2.7392   7.4000   2.2957   0.0000   0.0000   0.0000   0.0000  -0.0000   0.0000  -0.0000  -0.0000  999.000
   128  30.6115   0.0000   3.0659   6.6646   2.2808  -0.0000  -0.0000  -0.0000  -0.0000   0.0000   0.0000  -0.0000  -0.0000  999.000
   129  31.4694   0.0000   3.4228   5.8609   2.1733   0.0000   0.0000   0.0000   0.0000   0.0000   0.0000  -0.0000  -0.0000    1.605
   130  32.3918   0.0000   3.8066   4.9969   1.9773   0.0000   0.0000   0.0000   0.0000   0.0000   0.0000  -0.0000  -0.0000  999.000
   131  33.0131   0.0000   4.1929   4.4389   1.6667   0.0000   0.0000   0.0000   0.0000   0.0000   0.0000  -0.0000  -0.0000  999.000
   132  33.3001   0.0000   4.5764   4.2198   1.6478  -0.0000  -0.0000  -0.0000  -0.0000   0.0000   0.0000  -0.0000  -0.0000   -0.368
   133  33.5969   0.0000   4.9729   3.9932   1.6033  -0.0000   0.0000  -0.0000  -0.0000  -0.0000   0.0000  -0.0000   0.0000   -0.044
   134  33.9004   0.0000   5.3784   3.7615   1.5362  -0.0000  -0.0000  -0.0000  -0.0000  -0.0000   0.0000  -0.0000  -0.0000   -0.154
   135  34.2075   0.0000   5.7886   3.5271   1.4499   0.0000   0.0000   0.0000   0.0000  -0.0000   0.0000  -0.0000  -0.0000  999.000
   136  34.5150   0.0000   6.1995   3.2923   1.3482  -0.0000   0.0000  -0.0000  -0.0000  -0.0000   0.0000  -0.0000  -0.0000  999.000
   137  34.8197   0.0000   6.6066   3.0597   1.2352  -0.0000  -0.0000  -0.0000  -0.0000   0.0000   0.0000  -0.0000   0.0000    0.205
   138  35.1185   0.0000   7.0058   2.8315   1.1147  -0.0000  -0.0000  -0.0000  -0.0000   0.0000   0.0000  -0.0000   0.0000    0.180
   139  35.4083   0.0000   7.3929   2.6103   0.9908  -0.0000  -0.0000  -0.0000  -0.0000  -0.0000   0.0000   0.0000   0.0000    0.305
   140  35.6860   0.0000   7.7640   2.3983   0.8670  -0.0000   0.0000  -0.0000  -0.0000   0.0000   0.0000  -0.0000  -0.0000  999.000
   141  35.9487   0.0000   8.1150   2.1977   0.7464  -0.0000   0.0000  -0.0000  -0.0000  -0.0000   0.0000  -0.0000  -0.0000   -0.647
   142  36.1937   0.0000   8.4424   2.0106   0.6318  -0.0000   0.0000  -0.0000  -0.0000  -0.0000   0.0000  -0.0000  -0.0000   -0.374
   143  36.4185   0.0000   8.7426   1.8390   0.5251  -0.0000   0.0000  -0.0000  -0.0000  -0.0000   0.0000   0.0000   0.0000    0.441
   144  36.6206   0.0000   9.0127   1.6847   0.4276  -0.0000  -0.0000  -0.0000  -0.0000   0.0000   0.0000   0.0000   0.0000    0.440
   145  36.7980   0.0000   9.2496   1.5493   0.3400  -0.0000   0.0000  -0.0000  -0.0000   0.0000   0.0000  -0.0000   0.0000    0.211
   146  36.9487   0.0000   9.4510   1.4342   0.2622  -0.0000  -0.0000  -0.0000  -0.0000   0.0000   0.0000   0.0000   0.0000    0.334
   147  37.0713   0.0000   9.6148   1.3407   0.1933  -0.0000   0.0000  -0.0000  -0.0000  -0.0000   0.0000   0.0000   0.0000    0.708
   148  37.1643   0.0000   9.7391   1.2696   0.1322  -0.0000   0.0000  -0.0000  -0.0000   0.0000   0.0000   0.0000   0.0000    0.711
   149  37.2269   0.0000   9.8227   1.2218   0.0769  -0.0000   0.0000  -0.0000  -0.0000  -0.0000   0.0000   0.0000   0.0000    0.610
   150  37.2584   0.0000   9.8647   1.1978   0.0252  -0.0000   0.0000  -0.0000  -0.0000  -0.0000   0.0000  -0.0000   0.0000    0.089

  Surface # 6     fuselage_horizontal                     
     # Chordwise = 10   # Spanwise = 10     First strip =151
     Surface area Ssurf =  123.841199     Ave. chord Cave =   33.112620

 Forces referred to Sref, Cref, Bref about Xref, Yref, Zref
 Standard axis orientation,  X fwd, Z down         
     CLsurf  =   0.01085     Clsurf  =   0.00000
     CYsurf  =   0.00000     Cmsurf  =   0.07174
     CDsurf  =  -0.00024     Cnsurf  =   0.00000
     CDisurf =  -0.00024     CDvsurf =   0.00000

 Forces referred to Ssurf, Cave 
     CLsurf  =   0.01094     CDsurf  =  -0.00025

 Strip Forces referred to Strip Area, Chord
    j     Xle      Yle      Zle      Chord    Area     c_cl     ai     cl_norm    cl       cd       cdv    cm_c/4     cm_LE   C.P.x/c
   151   5.0231  -1.6830   0.0000  26.5957   9.9468   0.2463   0.1786   0.1044   0.0097  -0.0031   0.0000   0.0048   0.0003   -0.243
   152   2.9203  -1.3090   0.0000  31.2096  11.6724   0.3487   0.1916   0.0426   0.0114  -0.0010   0.0000   0.0059   0.0008   -0.272
   153   1.6676  -0.9350   0.0000  34.0626  12.7394   0.3830   0.1774   0.0272   0.0113  -0.0002   0.0000   0.0071   0.0014   -0.374
   154   0.7666  -0.5610   0.0000  36.1620  13.5246   0.4019   0.1726   0.0185   0.0111   0.0005   0.0000   0.0076   0.0022   -0.435
   155   0.1963  -0.1870   0.0000  37.5333  14.0374   0.4126   0.1727   0.0126   0.0109   0.0016   0.0000   0.0078   0.0035   -0.463
   156   0.1963   0.1870   0.0000  37.5333  14.0374   0.4126   0.1727   0.0126   0.0109   0.0016   0.0000   0.0078   0.0035   -0.463
   157   0.7666   0.5610   0.0000  36.1620  13.5246   0.4019   0.1726   0.0185   0.0111   0.0005   0.0000   0.0076   0.0022   -0.435
   158   1.6676   0.9350   0.0000  34.0626  12.7394   0.3830   0.1774   0.0272   0.0113  -0.0002   0.0000   0.0071   0.0014   -0.374
   159   2.9202   1.3090   0.0000  31.2096  11.6724   0.3487   0.1916   0.0426   0.0114  -0.0010   0.0000   0.0059   0.0008   -0.272
   160   5.0231   1.6830   0.0000  26.5957   9.9468   0.2463   0.1786   0.1044   0.0097  -0.0031   0.0000   0.0048   0.0003   -0.243

  Surface # 7     fuselage_vertical                       
     # Chordwise = 10   # Spanwise = 10     First strip =161
     Surface area Ssurf =  123.841199     Ave. chord Cave =   33.112620

 Forces referred to Sref, Cref, Bref about Xref, Yref, Zref
 Standard axis orientation,  X fwd, Z down         
     CLsurf  =  -0.00000     Clsurf  =   0.00000
     CYsurf  =   0.00000     Cmsurf  =   0.00000
     CDsurf  =  -0.00000     Cnsurf  =  -0.00000
     CDisurf =  -0.00000     CDvsurf =   0.00000

 Forces referred to Ssurf, Cave 
     CLsurf  =  -0.00000     CDsurf  =  -0.00000

 Strip Forces referred to Strip Area, Chord
    j     Xle      Yle      Zle      Chord    Area     c_cl     ai     cl_norm    cl       cd       cdv    cm_c/4     cm_LE   C.P.x/c
   161   5.0231   0.0000  -1.6830  26.5957   9.9468   0.0000  -0.0000   0.0000   0.0000   0.0000   0.0000   0.0000   0.0000  999.000
   162   2.9203   0.0000  -1.3090  31.2096  11.6724   0.0000   0.0000   0.0000   0.0000   0.0000   0.0000   0.0000   0.0000   -0.423
   163   1.6676   0.0000  -0.9350  34.0626  12.7394  -0.0000   0.0000  -0.0000  -0.0000   0.0000   0.0000   0.0000   0.0000  999.000
   164   0.7666   0.0000  -0.5610  36.1620  13.5246  -0.0000   0.0000  -0.0000  -0.0000   0.0000   0.0000   0.0000   0.0000    1.246
   165   0.1963   0.0000  -0.1870  37.5333  14.0374  -0.0000   0.0000  -0.0000  -0.0000  -0.0000   0.0000   0.0000   0.0000    0.312
   166   0.1963   0.0000   0.1870  37.5333  14.0374  -0.0000  -0.0000  -0.0000  -0.0000  -0.0000   0.0000   0.0000   0.0000    1.167
   167   0.7666   0.0000   0.5610  36.1620  13.5246  -0.0000  -0.0000  -0.0000  -0.0000   0.0000   0.0000   0.0000   0.0000    0.998
   168   1.6676   0.0000   0.9350  34.0626  12.7394  -0.0000  -0.0000  -0.0000  -0.0000  -0.0000   0.0000   0.0000   0.0000    1.065
   169   2.9202   0.0000   1.3090  31.2096  11.6724  -0.0000  -0.0000  -0.0000  -0.0000  -0.0000   0.0000   0.0000   0.0000    0.981
   170   5.0231   0.0000   1.6830  26.5957   9.9468  -0.0000   0.0000  -0.0000  -0.0000  -0.0000   0.0000   0.0000   0.0000    1.179
 ---------------------------------------------------------------
