 ---------------------------------------------------------------
 Surface and Strip Forces by surface

  Sref =  124.86       Cref =  4.4875       Bref =  34.320    
  Xref =  18.914       Yref =  0.0000       Zref =-0.17619    

  Surface # 1     main_wing                               
     # Chordwise = 10   # Spanwise = 30     First strip =  1
     Surface area Ssurf =   63.968838     Ave. chord Cave =    3.715026

 Forces referred to Sref, Cref, Bref about Xref, Yref, Zref
 Standard axis orientation,  X fwd, Z down         
     CLsurf  =   0.31867     Clsurf  =  -0.06129
     CYsurf  =  -0.01925     Cmsurf  =  -0.01303
     CDsurf  =   0.00909     Cnsurf  =  -0.00537
     CDisurf =   0.00909     CDvsurf =   0.00000

 Forces referred to Ssurf, Cave 
     CLsurf  =   0.62313     CDsurf  =   0.01775

 Strip Forces referred to Strip Area, Chord
    j     Xle      Yle      Zle      Chord    Area     c_cl     ai     cl_norm    cl       cd       cdv    cm_c/4     cm_LE   C.P.x/c
     1  13.6181   0.0114  -0.9295   7.7520   0.3539   4.1750   0.1407   0.6468   0.5007   0.4557   0.0000  -0.0330  -0.1374    0.316
     2  13.6830   0.1025  -0.9255   7.6885   1.0492   3.8620   0.1402   0.6413   0.4965   0.0885   0.0000  -0.0328  -0.1298    0.316
     3  13.8120   0.2837  -0.9176   7.5620   1.7073   3.8338   0.1388   0.6500   0.5032   0.0654   0.0000  -0.0309  -0.1293    0.311
     4  14.0037   0.5530  -0.9059   7.3741   2.3052   3.8141   0.1359   0.6641   0.5141   0.0581   0.0000  -0.0279  -0.1289    0.304
     5  14.2560   0.9075  -0.8904   7.1267   2.8223   3.7824   0.1307   0.6823   0.5282   0.0521   0.0000  -0.0247  -0.1290    0.297
     6  14.5662   1.3432  -0.8714   6.8226   3.2414   3.7300   0.1210   0.7037   0.5448   0.0459   0.0000  -0.0216  -0.1298    0.290
     7  14.9309   1.8554  -0.8490   6.4651   3.5491   3.6505   0.1036   0.7277   0.5633   0.0395   0.0000  -0.0192  -0.1316    0.284
     8  15.3460   2.4386  -0.8236   6.0582   3.7368   3.5391   0.0858   0.7538   0.5836   0.0326   0.0000  -0.0176  -0.1343    0.280
     9  15.8070   3.0862  -0.7953   5.6062   3.8005   3.3938   0.0738   0.7821   0.6055   0.0250   0.0000  -0.0170  -0.1381    0.278
    10  16.2877   3.7613  -0.7658   5.1351   3.4440   3.2241   0.0626   0.8122   0.6287   0.0177   0.0000  -0.0169  -0.1426    0.277
    11  16.7803   4.4532  -0.7356   4.6522   3.3149   3.0379   0.0500   0.8456   0.6546   0.0107   0.0000  -0.0169  -0.1479    0.276
    12  17.2999   5.1831  -0.7037   4.1429   3.0930   2.8353   0.0310   0.8874   0.6869   0.0008   0.0000  -0.0167  -0.1541    0.274
    13  17.8026   6.0123  -0.6437   3.7903   3.4706   2.6321   0.0186   0.8546   0.6973  -0.0029   0.0000  -0.0135  -0.1682    0.269
    14  18.2809   6.9353  -0.5549   3.6075   3.3775   2.4737   0.0183   0.8437   0.6885  -0.0019   0.0000  -0.0138  -0.1665    0.270
    15  18.7672   7.8737  -0.4645   3.4215   3.2389   2.3296   0.0162   0.8378   0.6836  -0.0020   0.0000  -0.0144  -0.1660    0.271
    16  19.2562   8.8172  -0.3736   3.2345   3.0619   2.1926   0.0147   0.8341   0.6807  -0.0023   0.0000  -0.0152  -0.1660    0.272
    17  19.7425   9.7556  -0.2833   3.0486   2.8543   2.0596   0.0141   0.8314   0.6784  -0.0027   0.0000  -0.0163  -0.1664    0.274
    18  20.2208  10.6786  -0.1944   2.8657   2.6239   1.9290   0.0141   0.8284   0.6759  -0.0029   0.0000  -0.0178  -0.1672    0.276
    19  20.6858  11.5760  -0.1080   2.6879   2.3787   1.8010   0.0145   0.8244   0.6728  -0.0019   0.0000  -0.0209  -0.1693    0.281
    20  21.1299  12.4328  -0.0255   2.5181   2.1010   1.6780   0.0159   0.8206   0.6696  -0.0079   0.0000  -0.0345  -0.1805    0.301
    21  21.5482  13.2400   0.0523   2.3582   1.8520   1.5602   0.0189   0.8145   0.6646  -0.0056   0.0000  -0.0354  -0.1803    0.303
    22  21.9390  13.9941   0.1249   2.2087   1.6074   1.4438   0.0234   0.8047   0.6566  -0.0049   0.0000  -0.0347  -0.1778    0.303
    23  22.2979  14.6868   0.1916   2.0715   1.3716   1.3249   0.0295   0.7873   0.6424  -0.0044   0.0000  -0.0329  -0.1730    0.301
    24  22.6211  15.3105   0.2516   1.9479   1.1479   1.1977   0.0374   0.7568   0.6175  -0.0038   0.0000  -0.0298  -0.1647    0.298
    25  22.9051  15.8583   0.3044   1.8393   0.9381   1.0549   0.0465   0.7058   0.5760  -0.0028   0.0000  -0.0258  -0.1520    0.295
    26  23.1466  16.3244   0.3493   1.7470   0.7427   0.8902   0.0557   0.6269   0.5115  -0.0003   0.0000  -0.0238  -0.1357    0.297
    27  23.5299  16.6722   0.3828   1.4928   0.4131   0.7096   0.0645   1.6086   0.4782  -0.0110   0.0000  -0.0125  -0.0640    0.276
    28  23.9809  16.9098   0.4056   1.1466   0.2292   0.5248   0.0755   1.5549   0.4622  -0.0318   0.0000   0.0082  -0.0523    0.232
    29  24.2843  17.0696   0.4210   0.9138   0.1104   0.3234   0.0839   1.2091   0.3594  -0.0464   0.0000   0.0271  -0.0310    0.175
    30  24.4368  17.1499   0.4287   0.7967   0.0322   0.1094   0.0887   0.4739   0.1409  -0.0342   0.0000   0.0180  -0.0086    0.122

  Surface # 2     main_wing (YDUP)                        
     # Chordwise = 10   # Spanwise = 30     First strip = 31
     Surface area Ssurf =   63.968838     Ave. chord Cave =    3.715026

 Forces referred to Sref, Cref, Bref about Xref, Yref, Zref
 Standard axis orientation,  X fwd, Z down         
     CLsurf  =   0.31867     Clsurf  =   0.06129
     CYsurf  =   0.01925     Cmsurf  =  -0.01303
     CDsurf  =   0.00909     Cnsurf  =   0.00537
     CDisurf =   0.00909     CDvsurf =   0.00000

 Forces referred to Ssurf, Cave 
     CLsurf  =   0.62313     CDsurf  =   0.01775

 Strip Forces referred to Strip Area, Chord
    j     Xle      Yle      Zle      Chord    Area     c_cl     ai     cl_norm    cl       cd       cdv    cm_c/4     cm_LE   C.P.x/c
    31  13.6181  -0.0114  -0.9295   7.7520   0.3539   4.1750   0.1407   0.6468   0.5007   0.4557   0.0000  -0.0330   0.1374    0.316
    32  13.6830  -0.1025  -0.9255   7.6885   1.0492   3.8620   0.1402   0.6413   0.4965   0.0885   0.0000  -0.0328   0.1298    0.316
    33  13.8120  -0.2837  -0.9176   7.5620   1.7073   3.8338   0.1388   0.6500   0.5032   0.0654   0.0000  -0.0309   0.1293    0.311
    34  14.0037  -0.5530  -0.9059   7.3741   2.3052   3.8141   0.1359   0.6641   0.5141   0.0581   0.0000  -0.0279   0.1289    0.304
    35  14.2560  -0.9075  -0.8904   7.1267   2.8223   3.7824   0.1307   0.6823   0.5282   0.0521   0.0000  -0.0247   0.1290    0.297
    36  14.5662  -1.3432  -0.8714   6.8226   3.2414   3.7300   0.1210   0.7037   0.5448   0.0459   0.0000  -0.0216   0.1298    0.290
    37  14.9309  -1.8554  -0.8490   6.4651   3.5491   3.6505   0.1036   0.7277   0.5633   0.0395   0.0000  -0.0192   0.1316    0.284
    38  15.3460  -2.4386  -0.8236   6.0582   3.7368   3.5391   0.0858   0.7538   0.5836   0.0326   0.0000  -0.0176   0.1343    0.280
    39  15.8070  -3.0862  -0.7953   5.6062   3.8005   3.3938   0.0738   0.7821   0.6055   0.0250   0.0000  -0.0170   0.1381    0.278
    40  16.2877  -3.7613  -0.7658   5.1351   3.4440   3.2241   0.0626   0.8122   0.6287   0.0177   0.0000  -0.0169   0.1426    0.277
    41  16.7803  -4.4532  -0.7356   4.6522   3.3149   3.0379   0.0500   0.8456   0.6546   0.0107   0.0000  -0.0169   0.1479    0.276
    42  17.2999  -5.1831  -0.7037   4.1429   3.0930   2.8353   0.0310   0.8874   0.6869   0.0008   0.0000  -0.0167   0.1541    0.274
    43  17.8026  -6.0123  -0.6437   3.7903   3.4706   2.6321   0.0186   0.8546   0.6973  -0.0029   0.0000  -0.0135   0.1682    0.269
    44  18.2809  -6.9353  -0.5549   3.6075   3.3775   2.4737   0.0183   0.8437   0.6885  -0.0019   0.0000  -0.0138   0.1665    0.270
    45  18.7672  -7.8737  -0.4645   3.4215   3.2389   2.3296   0.0162   0.8378   0.6836  -0.0020   0.0000  -0.0144   0.1660    0.271
    46  19.2562  -8.8172  -0.3736   3.2345   3.0619   2.1926   0.0147   0.8341   0.6807  -0.0023   0.0000  -0.0152   0.1660    0.272
    47  19.7425  -9.7556  -0.2833   3.0486   2.8543   2.0596   0.0141   0.8314   0.6784  -0.0027   0.0000  -0.0163   0.1664    0.274
    48  20.2208 -10.6786  -0.1944   2.8657   2.6239   1.9290   0.0141   0.8284   0.6759  -0.0029   0.0000  -0.0178   0.1672    0.276
    49  20.6858 -11.5760  -0.1080   2.6879   2.3787   1.8010   0.0145   0.8244   0.6728  -0.0019   0.0000  -0.0209   0.1693    0.281
    50  21.1299 -12.4328  -0.0255   2.5181   2.1010   1.6780   0.0159   0.8206   0.6696  -0.0079   0.0000  -0.0345   0.1805    0.301
    51  21.5482 -13.2400   0.0523   2.3582   1.8520   1.5602   0.0189   0.8145   0.6646  -0.0056   0.0000  -0.0354   0.1803    0.303
    52  21.9390 -13.9941   0.1249   2.2087   1.6074   1.4438   0.0234   0.8047   0.6566  -0.0049   0.0000  -0.0347   0.1778    0.303
    53  22.2979 -14.6868   0.1916   2.0715   1.3716   1.3249   0.0295   0.7873   0.6424  -0.0044   0.0000  -0.0329   0.1730    0.301
    54  22.6211 -15.3105   0.2516   1.9479   1.1479   1.1977   0.0374   0.7568   0.6175  -0.0038   0.0000  -0.0298   0.1647    0.298
    55  22.9051 -15.8583   0.3044   1.8393   0.9381   1.0549   0.0465   0.7058   0.5760  -0.0028   0.0000  -0.0258   0.1520    0.295
    56  23.1466 -16.3244   0.3493   1.7470   0.7427   0.8902   0.0557   0.6269   0.5115  -0.0003   0.0000  -0.0238   0.1357    0.297
    57  23.5299 -16.6722   0.3828   1.4928   0.4131   0.7096   0.0645   1.6086   0.4782  -0.0110   0.0000  -0.0125   0.0640    0.276
    58  23.9809 -16.9098   0.4056   1.1466   0.2292   0.5248   0.0755   1.5549   0.4622  -0.0318   0.0000   0.0082   0.0523    0.232
    59  24.2843 -17.0696   0.4210   0.9138   0.1104   0.3234   0.0839   1.2091   0.3594  -0.0464   0.0000   0.0271   0.0310    0.175
    60  24.4368 -17.1499   0.4287   0.7967   0.0322   0.1094   0.0887   0.4739   0.1409  -0.0342   0.0000   0.0180   0.0086    0.122

  Surface # 3     horizontal_stabilizer                   
     # Chordwise = 10   # Spanwise = 30     First strip = 61
     Surface area Ssurf =   20.744605     Ave. chord Cave =    2.848571

 Forces referred to Sref, Cref, Bref about Xref, Yref, Zref
 Standard axis orientation,  X fwd, Z down         
     CLsurf  =   0.02618     Clsurf  =  -0.00277
     CYsurf  =  -0.00419     Cmsurf  =  -0.09976
     CDsurf  =   0.00156     Cnsurf  =   0.00195
     CDisurf =   0.00156     CDvsurf =   0.00000

 Forces referred to Ssurf, Cave 
     CLsurf  =   0.15956     CDsurf  =   0.00937

 Strip Forces referred to Strip Area, Chord
    j     Xle      Yle      Zle      Chord    Area     c_cl     ai     cl_norm    cl       cd       cdv    cm_c/4     cm_LE   C.P.x/c
    61  33.0230   0.0046   1.4667   4.2713   0.0803   0.5548   0.0928   0.1656   0.1268   0.0407   0.0000  -0.0081  -0.0348    0.314
    62  33.0469   0.0418   1.4723   4.2566   0.2392   0.5093   0.0930   0.1555   0.1191   0.0115   0.0000  -0.0079  -0.0325    0.316
    63  33.0943   0.1156   1.4835   4.2274   0.3930   0.5060   0.0929   0.1558   0.1193   0.0095   0.0000  -0.0075  -0.0322    0.313
    64  33.1649   0.2254   1.5002   4.1839   0.5386   0.5053   0.0925   0.1572   0.1204   0.0092   0.0000  -0.0069  -0.0319    0.307
    65  33.2578   0.3698   1.5221   4.1268   0.6730   0.5051   0.0916   0.1594   0.1221   0.0091   0.0000  -0.0061  -0.0316    0.300
    66  33.3719   0.5474   1.5490   4.0565   0.7936   0.5049   0.0900   0.1621   0.1242   0.0090   0.0000  -0.0053  -0.0314    0.293
    67  33.5097   0.7617   1.5816   3.9717   0.9441   0.5046   0.0876   0.1655   0.1267   0.0090   0.0000  -0.0045  -0.0313    0.286
    68  33.6704   1.0116   1.6195   3.8728   1.0344   0.5039   0.0844   0.1695   0.1298   0.0090   0.0000  -0.0038  -0.0313    0.279
    69  33.8488   1.2891   1.6616   3.7630   1.1046   0.5030   0.0805   0.1741   0.1334   0.0090   0.0000  -0.0032  -0.0316    0.274
    70  34.0430   1.5912   1.7075   3.6435   1.1542   0.5020   0.0760   0.1795   0.1375   0.0091   0.0000  -0.0027  -0.0320    0.269
    71  34.2510   1.9146   1.7565   3.5155   1.1831   0.5010   0.0716   0.1857   0.1422   0.0092   0.0000  -0.0022  -0.0327    0.266
    72  34.4703   2.2558   1.8083   3.3805   1.1921   0.5001   0.0676   0.1928   0.1477   0.0094   0.0000  -0.0018  -0.0335    0.262
    73  34.6987   2.6109   1.8622   3.2400   1.1821   0.4992   0.0644   0.2008   0.1538   0.0096   0.0000  -0.0015  -0.0345    0.259
    74  34.9335   2.9762   1.9177   3.0955   1.1548   0.4983   0.0619   0.2098   0.1607   0.0097   0.0000  -0.0011  -0.0357    0.257
    75  35.1723   3.3476   1.9740   2.9485   1.1122   0.4968   0.0600   0.2197   0.1683   0.0099   0.0000  -0.0007  -0.0370    0.254
    76  35.4124   3.7210   2.0307   2.8008   1.0564   0.4943   0.0586   0.2301   0.1763   0.0101   0.0000  -0.0003  -0.0384    0.252
    77  35.6512   4.0924   2.0871   2.6538   0.9900   0.4903   0.0577   0.2409   0.1846   0.0102   0.0000   0.0002  -0.0397    0.249
    78  35.8861   4.4577   2.1425   2.5093   0.9155   0.4840   0.0572   0.2516   0.1927   0.0102   0.0000   0.0008  -0.0410    0.246
    79  36.1144   4.8128   2.1964   2.3687   0.8353   0.4749   0.0572   0.2616   0.2004   0.0102   0.0000   0.0016  -0.0420    0.242
    80  36.3338   5.1540   2.2482   2.2338   0.7518   0.4623   0.0576   0.2701   0.2069   0.0101   0.0000   0.0025  -0.0427    0.238
    81  36.5417   5.4774   2.2973   2.1058   0.6671   0.4456   0.0585   0.2762   0.2116   0.0098   0.0000   0.0036  -0.0427    0.233
    82  36.7359   5.7795   2.3431   1.9862   0.5830   0.4244   0.0598   0.2789   0.2136   0.0095   0.0000   0.0050  -0.0420    0.226
    83  36.9144   6.0570   2.3852   1.8764   0.5012   0.3981   0.0614   0.2770   0.2122   0.0089   0.0000   0.0068  -0.0402    0.218
    84  37.0750   6.3069   2.4232   1.7776   0.4225   0.3665   0.0633   0.2693   0.2063   0.0081   0.0000   0.0087  -0.0373    0.208
    85  37.2162   6.5264   2.4565   1.6907   0.3478   0.3295   0.0652   0.2546   0.1950   0.0072   0.0000   0.0108  -0.0331    0.195
    86  37.3480   6.7314   2.4876   1.6096   0.3326   0.2850   0.0671   0.2314   0.1772   0.0060   0.0000   0.0126  -0.0277    0.179
    87  37.4657   6.9144   2.5154   1.5372   0.2507   0.2303   0.0689   0.1958   0.1500   0.0045   0.0000   0.0137  -0.0210    0.159
    88  37.5551   7.0535   2.5365   1.4822   0.1746   0.1693   0.0703   0.1494   0.1144   0.0028   0.0000   0.0128  -0.0140    0.139
    89  37.6153   7.1471   2.5508   1.4451   0.1029   0.1035   0.0713   0.0937   0.0718   0.0012   0.0000   0.0093  -0.0077    0.121
    90  37.6455   7.1941   2.5579   1.4265   0.0340   0.0348   0.0718   0.0321   0.0245  -0.0004   0.0000   0.0034  -0.0024    0.111

  Surface # 4     horizontal_stabilizer (YDUP)            
     # Chordwise = 10   # Spanwise = 30     First strip = 91
     Surface area Ssurf =   20.744605     Ave. chord Cave =    2.848571

 Forces referred to Sref, Cref, Bref about Xref, Yref, Zref
 Standard axis orientation,  X fwd, Z down         
     CLsurf  =   0.02618     Clsurf  =   0.00277
     CYsurf  =   0.00419     Cmsurf  =  -0.09976
     CDsurf  =   0.00156     Cnsurf  =  -0.00195
     CDisurf =   0.00156     CDvsurf =   0.00000

 Forces referred to Ssurf, Cave 
     CLsurf  =   0.15956     CDsurf  =   0.00937

 Strip Forces referred to Strip Area, Chord
    j     Xle      Yle      Zle      Chord    Area     c_cl     ai     cl_norm    cl       cd       cdv    cm_c/4     cm_LE   C.P.x/c
    91  33.0230  -0.0046   1.4667   4.2713   0.0803   0.5548   0.0928   0.1656   0.1268   0.0407   0.0000  -0.0081   0.0348    0.314
    92  33.0469  -0.0418   1.4723   4.2566   0.2392   0.5093   0.0930   0.1555   0.1191   0.0115   0.0000  -0.0079   0.0325    0.316
    93  33.0943  -0.1156   1.4835   4.2274   0.3930   0.5060   0.0929   0.1558   0.1193   0.0095   0.0000  -0.0075   0.0322    0.313
    94  33.1649  -0.2254   1.5002   4.1839   0.5386   0.5053   0.0925   0.1572   0.1204   0.0092   0.0000  -0.0069   0.0319    0.307
    95  33.2578  -0.3698   1.5221   4.1268   0.6730   0.5051   0.0916   0.1594   0.1221   0.0091   0.0000  -0.0061   0.0316    0.300
    96  33.3719  -0.5474   1.5490   4.0565   0.7936   0.5049   0.0900   0.1621   0.1242   0.0090   0.0000  -0.0053   0.0314    0.293
    97  33.5097  -0.7617   1.5816   3.9717   0.9441   0.5046   0.0876   0.1655   0.1267   0.0090   0.0000  -0.0045   0.0313    0.286
    98  33.6704  -1.0116   1.6195   3.8728   1.0344   0.5039   0.0844   0.1695   0.1298   0.0090   0.0000  -0.0038   0.0313    0.279
    99  33.8488  -1.2891   1.6616   3.7630   1.1046   0.5030   0.0805   0.1741   0.1334   0.0090   0.0000  -0.0032   0.0316    0.274
   100  34.0430  -1.5912   1.7075   3.6435   1.1542   0.5020   0.0760   0.1795   0.1375   0.0091   0.0000  -0.0027   0.0320    0.269
   101  34.2510  -1.9146   1.7565   3.5155   1.1831   0.5010   0.0716   0.1857   0.1422   0.0092   0.0000  -0.0022   0.0327    0.266
   102  34.4703  -2.2558   1.8083   3.3805   1.1921   0.5001   0.0676   0.1928   0.1477   0.0094   0.0000  -0.0018   0.0335    0.262
   103  34.6987  -2.6109   1.8622   3.2400   1.1821   0.4992   0.0644   0.2008   0.1538   0.0096   0.0000  -0.0015   0.0345    0.259
   104  34.9335  -2.9762   1.9177   3.0955   1.1548   0.4983   0.0619   0.2098   0.1607   0.0097   0.0000  -0.0011   0.0357    0.257
   105  35.1723  -3.3476   1.9740   2.9485   1.1122   0.4968   0.0600   0.2197   0.1683   0.0099   0.0000  -0.0007   0.0370    0.254
   106  35.4124  -3.7210   2.0307   2.8008   1.0564   0.4943   0.0586   0.2301   0.1763   0.0101   0.0000  -0.0003   0.0384    0.252
   107  35.6512  -4.0924   2.0871   2.6538   0.9900   0.4903   0.0577   0.2409   0.1846   0.0102   0.0000   0.0002   0.0397    0.249
   108  35.8861  -4.4577   2.1425   2.5093   0.9155   0.4840   0.0572   0.2516   0.1927   0.0102   0.0000   0.0008   0.0410    0.246
   109  36.1144  -4.8128   2.1964   2.3687   0.8353   0.4749   0.0572   0.2616   0.2004   0.0102   0.0000   0.0016   0.0420    0.242
   110  36.3338  -5.1540   2.2482   2.2338   0.7518   0.4623   0.0576   0.2701   0.2069   0.0101   0.0000   0.0025   0.0427    0.238
   111  36.5417  -5.4774   2.2973   2.1058   0.6671   0.4456   0.0585   0.2762   0.2116   0.0098   0.0000   0.0036   0.0427    0.233
   112  36.7359  -5.7795   2.3431   1.9862   0.5830   0.4244   0.0598   0.2789   0.2136   0.0095   0.0000   0.0050   0.0420    0.226
   113  36.9144  -6.0570   2.3852   1.8764   0.5012   0.3981   0.0614   0.2770   0.2122   0.0089   0.0000   0.0068   0.0402    0.218
   114  37.0750  -6.3069   2.4232   1.7776   0.4225   0.3665   0.0633   0.2693   0.2063   0.0081   0.0000   0.0087   0.0373    0.208
   115  37.2162  -6.5264   2.4565   1.6907   0.3478   0.3295   0.0652   0.2546   0.1950   0.0072   0.0000   0.0108   0.0331    0.195
   116  37.3480  -6.7314   2.4876   1.6096   0.3326   0.2850   0.0671   0.2314   0.1772   0.0060   0.0000   0.0126   0.0277    0.179
   117  37.4657  -6.9144   2.5154   1.5372   0.2507   0.2303   0.0689   0.1958   0.1500   0.0045   0.0000   0.0137   0.0210    0.159
   118  37.5551  -7.0535   2.5365   1.4822   0.1746   0.1693   0.0703   0.1494   0.1144   0.0028   0.0000   0.0128   0.0140    0.139
   119  37.6153  -7.1471   2.5508   1.4451   0.1029   0.1035   0.0713   0.0937   0.0718   0.0012   0.0000   0.0093   0.0077    0.121
   120  37.6455  -7.1941   2.5579   1.4265   0.0340   0.0348   0.0718   0.0321   0.0245  -0.0004   0.0000   0.0034   0.0024    0.111

  Surface # 5     vertical_stabilizer                     
     # Chordwise = 10   # Spanwise = 30     First strip =121
     Surface area Ssurf =   34.910363     Ave. chord Cave =    4.190920

 Forces referred to Sref, Cref, Bref about Xref, Yref, Zref
 Standard axis orientation,  X fwd, Z down         
     CLsurf  =  -0.00000     Clsurf  =  -0.00000
     CYsurf  =  -0.00000     Cmsurf  =   0.00000
     CDsurf  =   0.00000     Cnsurf  =   0.00000
     CDisurf =   0.00000     CDvsurf =   0.00000

 Forces referred to Ssurf, Cave 
     CLsurf  =   0.00000     CDsurf  =   0.00000

 Strip Forces referred to Strip Area, Chord
    j     Xle      Yle      Zle      Chord    Area     c_cl     ai     cl_norm    cl       cd       cdv    cm_c/4     cm_LE   C.P.x/c
   121  27.0137   0.0000   1.5690  10.0347   0.6931  -0.0000  -0.0000  -0.0000  -0.0000  -0.0000   0.0000   0.0000   0.0000    1.709
   122  27.2327   0.0000   1.6601   9.8296   1.1101   0.0000  -0.0000   0.0000   0.0000  -0.0000   0.0000   0.0000  -0.0000   -0.087
   123  27.5561   0.0000   1.7947   9.5266   1.4857  -0.0000   0.0000  -0.0000  -0.0000  -0.0000   0.0000   0.0000   0.0000    1.671
   124  27.9815   0.0000   1.9717   9.1281   1.8040  -0.0000  -0.0000  -0.0000  -0.0000   0.0000   0.0000   0.0000   0.0000    1.073
   125  28.5051   0.0000   2.1895   8.6377   2.0517  -0.0000  -0.0000  -0.0000  -0.0000   0.0000   0.0000   0.0000   0.0000  999.000
   126  29.1220   0.0000   2.4462   8.0598   2.2181  -0.0000  -0.0000  -0.0000  -0.0000  -0.0000   0.0000   0.0000   0.0000    1.734
   127  29.8264   0.0000   2.7392   7.4000   2.2957   0.0000   0.0000   0.0000   0.0000   0.0000   0.0000  -0.0000  -0.0000  999.000
   128  30.6115   0.0000   3.0659   6.6646   2.2808  -0.0000   0.0000  -0.0000  -0.0000  -0.0000   0.0000  -0.0000  -0.0000   -0.420
   129  31.4694   0.0000   3.4228   5.8609   2.1733  -0.0000  -0.0000  -0.0000  -0.0000   0.0000   0.0000   0.0000   0.0000    0.570
   130  32.3918   0.0000   3.8066   4.9969   1.9773  -0.0000  -0.0000  -0.0000  -0.0000   0.0000   0.0000  -0.0000  -0.0000   -0.743
   131  33.0131   0.0000   4.1929   4.4389   1.6667   0.0000   0.0000   0.0000   0.0000  -0.0000   0.0000  -0.0000  -0.0000    0.512
   132  33.3001   0.0000   4.5764   4.2198   1.6478   0.0000   0.0000   0.0000   0.0000   0.0000   0.0000  -0.0000  -0.0000    0.670
   133  33.5969   0.0000   4.9729   3.9932   1.6033   0.0000   0.0000   0.0000   0.0000   0.0000   0.0000  -0.0000  -0.0000    0.309
   134  33.9004   0.0000   5.3784   3.7615   1.5362   0.0000  -0.0000   0.0000   0.0000  -0.0000   0.0000   0.0000  -0.0000    0.160
   135  34.2075   0.0000   5.7886   3.5271   1.4499   0.0000   0.0000   0.0000   0.0000   0.0000   0.0000  -0.0000  -0.0000    0.340
   136  34.5150   0.0000   6.1995   3.2923   1.3482   0.0000   0.0000   0.0000   0.0000  -0.0000   0.0000  -0.0000  -0.0000    0.345
   137  34.8197   0.0000   6.6066   3.0597   1.2352   0.0000   0.0000   0.0000   0.0000  -0.0000   0.0000   0.0000  -0.0000    0.180
   138  35.1185   0.0000   7.0058   2.8315   1.1147   0.0000   0.0000   0.0000   0.0000   0.0000   0.0000   0.0000  -0.0000    0.104
   139  35.4083   0.0000   7.3929   2.6103   0.9908   0.0000   0.0000   0.0000   0.0000   0.0000   0.0000   0.0000  -0.0000    0.249
   140  35.6860   0.0000   7.7640   2.3983   0.8670   0.0000  -0.0000   0.0000   0.0000  -0.0000   0.0000   0.0000  -0.0000    0.117
   141  35.9487   0.0000   8.1150   2.1977   0.7464   0.0000  -0.0000   0.0000   0.0000  -0.0000   0.0000   0.0000   0.0000   -0.124
   142  36.1937   0.0000   8.4424   2.0106   0.6318   0.0000   0.0000   0.0000   0.0000   0.0000   0.0000   0.0000  -0.0000    0.148
   143  36.4185   0.0000   8.7426   1.8390   0.5251   0.0000   0.0000   0.0000   0.0000   0.0000   0.0000   0.0000  -0.0000    0.178
   144  36.6206   0.0000   9.0127   1.6847   0.4276   0.0000   0.0000   0.0000   0.0000  -0.0000   0.0000  -0.0000  -0.0000    0.287
   145  36.7980   0.0000   9.2496   1.5493   0.3400   0.0000   0.0000   0.0000   0.0000  -0.0000   0.0000   0.0000   0.0000   -0.143
   146  36.9487   0.0000   9.4510   1.4342   0.2622   0.0000   0.0000   0.0000   0.0000   0.0000   0.0000   0.0000   0.0000   -0.228
   147  37.0713   0.0000   9.6148   1.3407   0.1933   0.0000   0.0000   0.0000   0.0000  -0.0000   0.0000   0.0000  -0.0000    0.112
   148  37.1643   0.0000   9.7391   1.2696   0.1322   0.0000   0.0000   0.0000   0.0000  -0.0000   0.0000   0.0000   0.0000   -0.156
   149  37.2269   0.0000   9.8227   1.2218   0.0769   0.0000   0.0000   0.0000   0.0000   0.0000   0.0000   0.0000   0.0000   -0.113
   150  37.2584   0.0000   9.8647   1.1978   0.0252   0.0000   0.0000   0.0000   0.0000  -0.0000   0.0000   0.0000   0.0000   -0.071

  Surface # 6     fuselage_horizontal                     
     # Chordwise = 10   # Spanwise = 10     First strip =151
     Surface area Ssurf =  123.841199     Ave. chord Cave =   33.112620

 Forces referred to Sref, Cref, Bref about Xref, Yref, Zref
 Standard axis orientation,  X fwd, Z down         
     CLsurf  =   0.00622     Clsurf  =   0.00000
     CYsurf  =   0.00000     Cmsurf  =   0.04855
     CDsurf  =  -0.00021     Cnsurf  =  -0.00000
     CDisurf =  -0.00021     CDvsurf =   0.00000

 Forces referred to Ssurf, Cave 
     CLsurf  =   0.00627     CDsurf  =  -0.00021

 Strip Forces referred to Strip Area, Chord
    j     Xle      Yle      Zle      Chord    Area     c_cl     ai     cl_norm    cl       cd       cdv    cm_c/4     cm_LE   C.P.x/c
   151   5.0231  -1.6830   0.0000  26.5957   9.9468   0.1357   0.1279   0.0613   0.0053  -0.0020   0.0000   0.0036   0.0003   -0.429
   152   2.9203  -1.3090   0.0000  31.2096  11.6724   0.1983   0.1396   0.0246   0.0064  -0.0007   0.0000   0.0044   0.0007   -0.427
   153   1.6676  -0.9350   0.0000  34.0626  12.7394   0.2207   0.1330   0.0158   0.0065  -0.0001   0.0000   0.0051   0.0012   -0.529
   154   0.7666  -0.5610   0.0000  36.1620  13.5246   0.2340   0.1320   0.0108   0.0065   0.0003   0.0000   0.0054   0.0017   -0.585
   155   0.1963  -0.1870   0.0000  37.5333  14.0374   0.2418   0.1333   0.0074   0.0064   0.0009   0.0000   0.0055   0.0027   -0.607
   156   0.1963   0.1870   0.0000  37.5333  14.0374   0.2418   0.1333   0.0074   0.0064   0.0009   0.0000   0.0055   0.0027   -0.607
   157   0.7666   0.5610   0.0000  36.1620  13.5246   0.2340   0.1320   0.0108   0.0065   0.0003   0.0000   0.0054   0.0017   -0.585
   158   1.6676   0.9350   0.0000  34.0626  12.7394   0.2207   0.1330   0.0158   0.0065  -0.0001   0.0000   0.0051   0.0012   -0.529
   159   2.9202   1.3090   0.0000  31.2096  11.6724   0.1983   0.1396   0.0246   0.0064  -0.0007   0.0000   0.0044   0.0007   -0.427
   160   5.0231   1.6830   0.0000  26.5957   9.9468   0.1357   0.1279   0.0613   0.0053  -0.0020   0.0000   0.0036   0.0003   -0.429

  Surface # 7     fuselage_vertical                       
     # Chordwise = 10   # Spanwise = 10     First strip =161
     Surface area Ssurf =  123.841199     Ave. chord Cave =   33.112620

 Forces referred to Sref, Cref, Bref about Xref, Yref, Zref
 Standard axis orientation,  X fwd, Z down         
     CLsurf  =   0.00000     Clsurf  =  -0.00000
     CYsurf  =  -0.00000     Cmsurf  =  -0.00000
     CDsurf  =   0.00000     Cnsurf  =   0.00000
     CDisurf =   0.00000     CDvsurf =   0.00000

 Forces referred to Ssurf, Cave 
     CLsurf  =   0.00000     CDsurf  =   0.00000

 Strip Forces referred to Strip Area, Chord
    j     Xle      Yle      Zle      Chord    Area     c_cl     ai     cl_norm    cl       cd       cdv    cm_c/4     cm_LE   C.P.x/c
   161   5.0231   0.0000  -1.6830  26.5957   9.9468   0.0000   0.0000   0.0000   0.0000   0.0000   0.0000   0.0000   0.0000   -0.254
   162   2.9203   0.0000  -1.3090  31.2096  11.6724   0.0000  -0.0000   0.0000   0.0000  -0.0000   0.0000  -0.0000  -0.0000    0.645
   163   1.6676   0.0000  -0.9350  34.0626  12.7394   0.0000   0.0000   0.0000   0.0000  -0.0000   0.0000  -0.0000  -0.0000    0.941
   164   0.7666   0.0000  -0.5610  36.1620  13.5246   0.0000   0.0000   0.0000   0.0000  -0.0000   0.0000  -0.0000  -0.0000    1.200
   165   0.1963   0.0000  -0.1870  37.5333  14.0374   0.0000  -0.0000   0.0000   0.0000   0.0000   0.0000  -0.0000  -0.0000    0.993
   166   0.1963   0.0000   0.1870  37.5333  14.0374   0.0000   0.0000   0.0000   0.0000   0.0000   0.0000  -0.0000  -0.0000    0.910
   167   0.7666   0.0000   0.5610  36.1620  13.5246   0.0000   0.0000   0.0000   0.0000   0.0000   0.0000  -0.0000  -0.0000    0.852
   168   1.6676   0.0000   0.9350  34.0626  12.7394   0.0000  -0.0000   0.0000   0.0000  -0.0000   0.0000  -0.0000  -0.0000    1.624
   169   2.9202   0.0000   1.3090  31.2096  11.6724   0.0000   0.0000   0.0000   0.0000   0.0000   0.0000  -0.0000  -0.0000    1.722
   170   5.0231   0.0000   1.6830  26.5957   9.9468   0.0000  -0.0000   0.0000   0.0000   0.0000   0.0000  -0.0000  -0.0000    1.263
 ---------------------------------------------------------------
